0.000975	E. coli B promoter	0
0.000975	E. coli C promoter	0
0.000975	E. coli promoter A1	1
0.000975	E. coli promoter A2	0
0.000975	E. coli promoter A3	0
0.000975	T7 promoter phi1.1A	0
0.000975	T7 promoter phi1.1B	0
0.000975	T7 promoter phi1.3	0
0.000975	T7 promoter phi1.5	0
0.000975	T7 promoter phi1.6	0
0.000975	T7 promoter phi10	0
0.000975	T7 promoter phi13	0
0.000975	T7 promoter phi17	0
0.000975	T7 promoter phi2.5	0
0.000975	T7 promoter phi3.8	0
0.000975	T7 promoter phi4.3	0
0.000975	T7 promoter phi4.7	0
0.000975	T7 promoter phi4c	0
0.000975	T7 promoter phi6.5	0
0.000975	T7 promoter phi9	0
0.000975	bound_ecolipol	1800
0.000975	bound_ecolipol_p	0
0.000975	bound_ribosome	39999
0.000975	degraded_transcript	0
0.000975	ecoli_genome	0
0.000975	ecoli_transcript	1
0.000975	ecolipol	0
0.000975	ecolipol-2	0
0.000975	ecolipol-2-p	0
0.000975	ecolipol-p	0
0.000975	gp-2	0
0.000975	lysozyme-3.5	0
0.000975	protein_kinase-0.7	0
0.000975	rbs	0
0.000975	ribosome	1
0.000975	rnapol-1	0
0.000975	rnapol-3.5	0
4.999010	E. coli B promoter	0
4.999010	E. coli C promoter	0
4.999010	E. coli promoter A1	1
4.999010	E. coli promoter A2	0
4.999010	E. coli promoter A3	0
4.999010	T7 promoter phi1.1A	0
4.999010	T7 promoter phi1.1B	0
4.999010	T7 promoter phi1.3	0
4.999010	T7 promoter phi1.5	0
4.999010	T7 promoter phi1.6	0
4.999010	T7 promoter phi10	0
4.999010	T7 promoter phi13	0
4.999010	T7 promoter phi17	0
4.999010	T7 promoter phi2.5	0
4.999010	T7 promoter phi3.8	0
4.999010	T7 promoter phi4.3	0
4.999010	T7 promoter phi4.7	0
4.999010	T7 promoter phi4c	0
4.999010	T7 promoter phi6.5	0
4.999010	T7 promoter phi9	0
4.999010	bound_ecolipol	1736
4.999010	bound_ecolipol_p	0
4.999010	bound_ribosome	39074
4.999010	degraded_transcript	6
4.999010	ecoli_genome	64
4.999010	ecoli_transcript	1280
4.999010	ecolipol	64
4.999010	ecolipol-2	0
4.999010	ecolipol-2-p	0
4.999010	ecolipol-p	0
4.999010	gp-2	0
4.999010	lysozyme-3.5	0
4.999010	protein_kinase-0.7	0
4.999010	rbs	0
4.999010	ribosome	926
4.999010	rnapol-1	0
4.999010	rnapol-3.5	0
9.999224	E. coli B promoter	0
9.999224	E. coli C promoter	0
9.999224	E. coli promoter A1	1
9.999224	E. coli promoter A2	0
9.999224	E. coli promoter A3	0
9.999224	T7 promoter phi1.1A	0
9.999224	T7 promoter phi1.1B	0
9.999224	T7 promoter phi1.3	0
9.999224	T7 promoter phi1.5	0
9.999224	T7 promoter phi1.6	0
9.999224	T7 promoter phi10	0
9.999224	T7 promoter phi13	0
9.999224	T7 promoter phi17	0
9.999224	T7 promoter phi2.5	0
9.999224	T7 promoter phi3.8	0
9.999224	T7 promoter phi4.3	0
9.999224	T7 promoter phi4.7	0
9.999224	T7 promoter phi4c	0
9.999224	T7 promoter phi6.5	0
9.999224	T7 promoter phi9	0
9.999224	bound_ecolipol	1736
9.999224	bound_ecolipol_p	0
9.999224	bound_ribosome	39210
9.999224	degraded_transcript	17
9.999224	ecoli_genome	64
9.999224	ecoli_transcript	1460
9.999224	ecolipol	64
9.999224	ecolipol-2	0
9.999224	ecolipol-2-p	0
9.999224	ecolipol-p	0
9.999224	gp-2	0
9.999224	lysozyme-3.5	0
9.999224	protein_kinase-0.7	0
9.999224	rbs	0
9.999224	ribosome	790
9.999224	rnapol-1	0
9.999224	rnapol-3.5	0
14.999133	E. coli B promoter	0
14.999133	E. coli C promoter	0
14.999133	E. coli promoter A1	1
14.999133	E. coli promoter A2	0
14.999133	E. coli promoter A3	0
14.999133	T7 promoter phi1.1A	0
14.999133	T7 promoter phi1.1B	0
14.999133	T7 promoter phi1.3	0
14.999133	T7 promoter phi1.5	0
14.999133	T7 promoter phi1.6	0
14.999133	T7 promoter phi10	0
14.999133	T7 promoter phi13	0
14.999133	T7 promoter phi17	0
14.999133	T7 promoter phi2.5	0
14.999133	T7 promoter phi3.8	0
14.999133	T7 promoter phi4.3	0
14.999133	T7 promoter phi4.7	0
14.999133	T7 promoter phi4c	0
14.999133	T7 promoter phi6.5	0
14.999133	T7 promoter phi9	0
14.999133	bound_ecolipol	1736
14.999133	bound_ecolipol_p	0
14.999133	bound_ribosome	39366
14.999133	degraded_transcript	24
14.999133	ecoli_genome	64
14.999133	ecoli_transcript	1618
14.999133	ecolipol	64
14.999133	ecolipol-2	0
14.999133	ecolipol-2-p	0
14.999133	ecolipol-p	0
14.999133	gp-2	0
14.999133	lysozyme-3.5	0
14.999133	protein_kinase-0.7	0
14.999133	rbs	0
14.999133	ribosome	634
14.999133	rnapol-1	0
14.999133	rnapol-3.5	0
19.999273	E. coli B promoter	0
19.999273	E. coli C promoter	0
19.999273	E. coli promoter A1	1
19.999273	E. coli promoter A2	0
19.999273	E. coli promoter A3	0
19.999273	T7 promoter phi1.1A	0
19.999273	T7 promoter phi1.1B	0
19.999273	T7 promoter phi1.3	0
19.999273	T7 promoter phi1.5	0
19.999273	T7 promoter phi1.6	0
19.999273	T7 promoter phi10	0
19.999273	T7 promoter phi13	0
19.999273	T7 promoter phi17	0
19.999273	T7 promoter phi2.5	0
19.999273	T7 promoter phi3.8	0
19.999273	T7 promoter phi4.3	0
19.999273	T7 promoter phi4.7	0
19.999273	T7 promoter phi4c	0
19.999273	T7 promoter phi6.5	0
19.999273	T7 promoter phi9	0
19.999273	bound_ecolipol	1750
19.999273	bound_ecolipol_p	0
19.999273	bound_ribosome	39434
19.999273	degraded_transcript	45
19.999273	ecoli_genome	50
19.999273	ecoli_transcript	1854
19.999273	ecolipol	50
19.999273	ecolipol-2	0
19.999273	ecolipol-2-p	0
19.999273	ecolipol-p	0
19.999273	gp-2	0
19.999273	lysozyme-3.5	0
19.999273	protein_kinase-0.7	0
19.999273	rbs	0
19.999273	ribosome	566
19.999273	rnapol-1	0
19.999273	rnapol-3.5	0
24.999166	E. coli B promoter	0
24.999166	E. coli C promoter	0
24.999166	E. coli promoter A1	1
24.999166	E. coli promoter A2	0
24.999166	E. coli promoter A3	0
24.999166	T7 promoter phi1.1A	0
24.999166	T7 promoter phi1.1B	0
24.999166	T7 promoter phi1.3	0
24.999166	T7 promoter phi1.5	0
24.999166	T7 promoter phi1.6	0
24.999166	T7 promoter phi10	0
24.999166	T7 promoter phi13	0
24.999166	T7 promoter phi17	0
24.999166	T7 promoter phi2.5	0
24.999166	T7 promoter phi3.8	0
24.999166	T7 promoter phi4.3	0
24.999166	T7 promoter phi4.7	0
24.999166	T7 promoter phi4c	0
24.999166	T7 promoter phi6.5	0
24.999166	T7 promoter phi9	0
24.999166	bound_ecolipol	1731
24.999166	bound_ecolipol_p	0
24.999166	bound_ribosome	39470
24.999166	degraded_transcript	69
24.999166	ecoli_genome	69
24.999166	ecoli_transcript	2136
24.999166	ecolipol	69
24.999166	ecolipol-2	0
24.999166	ecolipol-2-p	0
24.999166	ecolipol-p	0
24.999166	gp-2	0
24.999166	lysozyme-3.5	0
24.999166	protein_kinase-0.7	0
24.999166	rbs	0
24.999166	ribosome	530
24.999166	rnapol-1	0
24.999166	rnapol-3.5	0
29.999122	E. coli B promoter	0
29.999122	E. coli C promoter	0
29.999122	E. coli promoter A1	1
29.999122	E. coli promoter A2	0
29.999122	E. coli promoter A3	0
29.999122	T7 promoter phi1.1A	0
29.999122	T7 promoter phi1.1B	0
29.999122	T7 promoter phi1.3	0
29.999122	T7 promoter phi1.5	0
29.999122	T7 promoter phi1.6	0
29.999122	T7 promoter phi10	0
29.999122	T7 promoter phi13	0
29.999122	T7 promoter phi17	0
29.999122	T7 promoter phi2.5	0
29.999122	T7 promoter phi3.8	0
29.999122	T7 promoter phi4.3	0
29.999122	T7 promoter phi4.7	0
29.999122	T7 promoter phi4c	0
29.999122	T7 promoter phi6.5	0
29.999122	T7 promoter phi9	0
29.999122	bound_ecolipol	1729
29.999122	bound_ecolipol_p	0
29.999122	bound_ribosome	39510
29.999122	degraded_transcript	91
29.999122	ecoli_genome	71
29.999122	ecoli_transcript	2435
29.999122	ecolipol	70
29.999122	ecolipol-2	0
29.999122	ecolipol-2-p	0
29.999122	ecolipol-p	0
29.999122	gp-2	0
29.999122	lysozyme-3.5	0
29.999122	protein_kinase-0.7	0
29.999122	rbs	0
29.999122	ribosome	490
29.999122	rnapol-1	0
29.999122	rnapol-3.5	0
34.999017	E. coli B promoter	0
34.999017	E. coli C promoter	0
34.999017	E. coli promoter A1	1
34.999017	E. coli promoter A2	1
34.999017	E. coli promoter A3	1
34.999017	T7 promoter phi1.1A	0
34.999017	T7 promoter phi1.1B	0
34.999017	T7 promoter phi1.3	0
34.999017	T7 promoter phi1.5	0
34.999017	T7 promoter phi1.6	0
34.999017	T7 promoter phi10	0
34.999017	T7 promoter phi13	0
34.999017	T7 promoter phi17	0
34.999017	T7 promoter phi2.5	0
34.999017	T7 promoter phi3.8	0
34.999017	T7 promoter phi4.3	0
34.999017	T7 promoter phi4.7	0
34.999017	T7 promoter phi4c	0
34.999017	T7 promoter phi6.5	0
34.999017	T7 promoter phi9	0
34.999017	bound_ecolipol	1738
34.999017	bound_ecolipol_p	0
34.999017	bound_ribosome	39622
34.999017	degraded_transcript	117
34.999017	ecoli_genome	62
34.999017	ecoli_transcript	2631
34.999017	ecolipol	61
34.999017	ecolipol-2	0
34.999017	ecolipol-2-p	0
34.999017	ecolipol-p	0
34.999017	gp-2	0
34.999017	lysozyme-3.5	0
34.999017	protein_kinase-0.7	0
34.999017	rbs	0
34.999017	ribosome	378
34.999017	rnapol-1	0
34.999017	rnapol-3.5	0
39.999070	E. coli B promoter	0
39.999070	E. coli C promoter	0
39.999070	E. coli promoter A1	1
39.999070	E. coli promoter A2	1
39.999070	E. coli promoter A3	1
39.999070	T7 promoter phi1.1A	0
39.999070	T7 promoter phi1.1B	0
39.999070	T7 promoter phi1.3	0
39.999070	T7 promoter phi1.5	0
39.999070	T7 promoter phi1.6	0
39.999070	T7 promoter phi10	0
39.999070	T7 promoter phi13	0
39.999070	T7 promoter phi17	0
39.999070	T7 promoter phi2.5	0
39.999070	T7 promoter phi3.8	0
39.999070	T7 promoter phi4.3	0
39.999070	T7 promoter phi4.7	0
39.999070	T7 promoter phi4c	0
39.999070	T7 promoter phi6.5	0
39.999070	T7 promoter phi9	0
39.999070	bound_ecolipol	1722
39.999070	bound_ecolipol_p	0
39.999070	bound_ribosome	39638
39.999070	degraded_transcript	143
39.999070	ecoli_genome	78
39.999070	ecoli_transcript	2945
39.999070	ecolipol	77
39.999070	ecolipol-2	0
39.999070	ecolipol-2-p	0
39.999070	ecolipol-p	0
39.999070	gp-2	0
39.999070	lysozyme-3.5	0
39.999070	protein_kinase-0.7	0
39.999070	rbs	0
39.999070	ribosome	358
39.999070	rnapol-1	0
39.999070	rnapol-3.5	0
44.999497	E. coli B promoter	0
44.999497	E. coli C promoter	0
44.999497	E. coli promoter A1	1
44.999497	E. coli promoter A2	1
44.999497	E. coli promoter A3	1
44.999497	T7 promoter phi1.1A	0
44.999497	T7 promoter phi1.1B	0
44.999497	T7 promoter phi1.3	0
44.999497	T7 promoter phi1.5	0
44.999497	T7 promoter phi1.6	0
44.999497	T7 promoter phi10	0
44.999497	T7 promoter phi13	0
44.999497	T7 promoter phi17	0
44.999497	T7 promoter phi2.5	0
44.999497	T7 promoter phi3.8	0
44.999497	T7 promoter phi4.3	0
44.999497	T7 promoter phi4.7	0
44.999497	T7 promoter phi4c	0
44.999497	T7 promoter phi6.5	0
44.999497	T7 promoter phi9	0
44.999497	bound_ecolipol	1731
44.999497	bound_ecolipol_p	0
44.999497	bound_ribosome	39672
44.999497	degraded_transcript	178
44.999497	ecoli_genome	69
44.999497	ecoli_transcript	3231
44.999497	ecolipol	68
44.999497	ecolipol-2	0
44.999497	ecolipol-2-p	0
44.999497	ecolipol-p	0
44.999497	gp-2	0
44.999497	lysozyme-3.5	0
44.999497	protein_kinase-0.7	0
44.999497	rbs	0
44.999497	ribosome	321
44.999497	rnapol-1	0
44.999497	rnapol-3.5	0
49.999070	E. coli B promoter	0
49.999070	E. coli C promoter	0
49.999070	E. coli promoter A1	1
49.999070	E. coli promoter A2	1
49.999070	E. coli promoter A3	1
49.999070	T7 promoter phi1.1A	0
49.999070	T7 promoter phi1.1B	0
49.999070	T7 promoter phi1.3	0
49.999070	T7 promoter phi1.5	0
49.999070	T7 promoter phi1.6	0
49.999070	T7 promoter phi10	0
49.999070	T7 promoter phi13	0
49.999070	T7 promoter phi17	0
49.999070	T7 promoter phi2.5	0
49.999070	T7 promoter phi3.8	0
49.999070	T7 promoter phi4.3	0
49.999070	T7 promoter phi4.7	0
49.999070	T7 promoter phi4c	0
49.999070	T7 promoter phi6.5	0
49.999070	T7 promoter phi9	0
49.999070	bound_ecolipol	1716
49.999070	bound_ecolipol_p	0
49.999070	bound_ribosome	39724
49.999070	degraded_transcript	212
49.999070	ecoli_genome	84
49.999070	ecoli_transcript	3509
49.999070	ecolipol	83
49.999070	ecolipol-2	0
49.999070	ecolipol-2-p	0
49.999070	ecolipol-p	0
49.999070	gp-2	0
49.999070	lysozyme-3.5	0
49.999070	protein_kinase-0.7	0
49.999070	rbs	1
49.999070	ribosome	265
49.999070	rnapol-1	0
49.999070	rnapol-3.5	0
54.999618	E. coli B promoter	1
54.999618	E. coli C promoter	0
54.999618	E. coli promoter A1	1
54.999618	E. coli promoter A2	1
54.999618	E. coli promoter A3	1
54.999618	T7 promoter phi1.1A	0
54.999618	T7 promoter phi1.1B	0
54.999618	T7 promoter phi1.3	0
54.999618	T7 promoter phi1.5	0
54.999618	T7 promoter phi1.6	0
54.999618	T7 promoter phi10	0
54.999618	T7 promoter phi13	0
54.999618	T7 promoter phi17	0
54.999618	T7 promoter phi2.5	0
54.999618	T7 promoter phi3.8	0
54.999618	T7 promoter phi4.3	0
54.999618	T7 promoter phi4.7	0
54.999618	T7 promoter phi4c	0
54.999618	T7 promoter phi6.5	0
54.999618	T7 promoter phi9	0
54.999618	bound_ecolipol	1745
54.999618	bound_ecolipol_p	0
54.999618	bound_ribosome	39707
54.999618	degraded_transcript	251
54.999618	ecoli_genome	55
54.999618	ecoli_transcript	3811
54.999618	ecolipol	54
54.999618	ecolipol-2	0
54.999618	ecolipol-2-p	0
54.999618	ecolipol-p	0
54.999618	gp-2	0
54.999618	lysozyme-3.5	0
54.999618	protein_kinase-0.7	0
54.999618	rbs	1
54.999618	ribosome	278
54.999618	rnapol-1	0
54.999618	rnapol-3.5	0
59.999196	E. coli B promoter	1
59.999196	E. coli C promoter	0
59.999196	E. coli promoter A1	1
59.999196	E. coli promoter A2	1
59.999196	E. coli promoter A3	1
59.999196	T7 promoter phi1.1A	0
59.999196	T7 promoter phi1.1B	0
59.999196	T7 promoter phi1.3	0
59.999196	T7 promoter phi1.5	0
59.999196	T7 promoter phi1.6	0
59.999196	T7 promoter phi10	0
59.999196	T7 promoter phi13	0
59.999196	T7 promoter phi17	0
59.999196	T7 promoter phi2.5	0
59.999196	T7 promoter phi3.8	0
59.999196	T7 promoter phi4.3	0
59.999196	T7 promoter phi4.7	0
59.999196	T7 promoter phi4c	0
59.999196	T7 promoter phi6.5	0
59.999196	T7 promoter phi9	0
59.999196	bound_ecolipol	1731
59.999196	bound_ecolipol_p	0
59.999196	bound_ribosome	39663
59.999196	degraded_transcript	288
59.999196	ecoli_genome	69
59.999196	ecoli_transcript	4161
59.999196	ecolipol	68
59.999196	ecolipol-2	0
59.999196	ecolipol-2-p	0
59.999196	ecolipol-p	0
59.999196	gp-2	0
59.999196	lysozyme-3.5	0
59.999196	protein_kinase-0.7	0
59.999196	rbs	1
59.999196	ribosome	317
59.999196	rnapol-1	0
59.999196	rnapol-3.5	0
64.999671	E. coli B promoter	1
64.999671	E. coli C promoter	0
64.999671	E. coli promoter A1	1
64.999671	E. coli promoter A2	1
64.999671	E. coli promoter A3	1
64.999671	T7 promoter phi1.1A	0
64.999671	T7 promoter phi1.1B	0
64.999671	T7 promoter phi1.3	0
64.999671	T7 promoter phi1.5	0
64.999671	T7 promoter phi1.6	0
64.999671	T7 promoter phi10	0
64.999671	T7 promoter phi13	0
64.999671	T7 promoter phi17	0
64.999671	T7 promoter phi2.5	0
64.999671	T7 promoter phi3.8	0
64.999671	T7 promoter phi4.3	0
64.999671	T7 promoter phi4.7	0
64.999671	T7 promoter phi4c	0
64.999671	T7 promoter phi6.5	0
64.999671	T7 promoter phi9	0
64.999671	bound_ecolipol	1732
64.999671	bound_ecolipol_p	0
64.999671	bound_ribosome	39731
64.999671	degraded_transcript	324
64.999671	ecoli_genome	68
64.999671	ecoli_transcript	4402
64.999671	ecolipol	67
64.999671	ecolipol-2	0
64.999671	ecolipol-2-p	0
64.999671	ecolipol-p	0
64.999671	gene 0.3	1
64.999671	gp-2	0
64.999671	lysozyme-3.5	0
64.999671	protein_kinase-0.7	0
64.999671	rbs	0
64.999671	ribosome	246
64.999671	rnapol-1	0
64.999671	rnapol-3.5	0
69.999356	E. coli B promoter	1
69.999356	E. coli C promoter	0
69.999356	E. coli promoter A1	1
69.999356	E. coli promoter A2	1
69.999356	E. coli promoter A3	1
69.999356	T7 promoter phi1.1A	0
69.999356	T7 promoter phi1.1B	0
69.999356	T7 promoter phi1.3	0
69.999356	T7 promoter phi1.5	0
69.999356	T7 promoter phi1.6	0
69.999356	T7 promoter phi10	0
69.999356	T7 promoter phi13	0
69.999356	T7 promoter phi17	0
69.999356	T7 promoter phi2.5	0
69.999356	T7 promoter phi3.8	0
69.999356	T7 promoter phi4.3	0
69.999356	T7 promoter phi4.7	0
69.999356	T7 promoter phi4c	0
69.999356	T7 promoter phi6.5	0
69.999356	T7 promoter phi9	0
69.999356	bound_ecolipol	1727
69.999356	bound_ecolipol_p	0
69.999356	bound_ribosome	39757
69.999356	degraded_transcript	369
69.999356	ecoli_genome	73
69.999356	ecoli_transcript	4678
69.999356	ecolipol	72
69.999356	ecolipol-2	0
69.999356	ecolipol-2-p	0
69.999356	ecolipol-p	0
69.999356	gene 0.3	2
69.999356	gp-2	0
69.999356	lysozyme-3.5	0
69.999356	protein_kinase-0.7	0
69.999356	rbs	0
69.999356	ribosome	217
69.999356	rnapol-1	0
69.999356	rnapol-3.5	0
74.999006	E. coli B promoter	1
74.999006	E. coli C promoter	0
74.999006	E. coli promoter A1	1
74.999006	E. coli promoter A2	1
74.999006	E. coli promoter A3	1
74.999006	T7 promoter phi1.1A	0
74.999006	T7 promoter phi1.1B	0
74.999006	T7 promoter phi1.3	0
74.999006	T7 promoter phi1.5	0
74.999006	T7 promoter phi1.6	0
74.999006	T7 promoter phi10	0
74.999006	T7 promoter phi13	0
74.999006	T7 promoter phi17	0
74.999006	T7 promoter phi2.5	0
74.999006	T7 promoter phi3.8	0
74.999006	T7 promoter phi4.3	0
74.999006	T7 promoter phi4.7	0
74.999006	T7 promoter phi4c	0
74.999006	T7 promoter phi6.5	0
74.999006	T7 promoter phi9	0
74.999006	bound_ecolipol	1726
74.999006	bound_ecolipol_p	0
74.999006	bound_ribosome	39755
74.999006	degraded_transcript	418
74.999006	ecoli_genome	74
74.999006	ecoli_transcript	5005
74.999006	ecolipol	73
74.999006	ecolipol-2	0
74.999006	ecolipol-2-p	0
74.999006	ecolipol-p	0
74.999006	gene 0.3	4
74.999006	gp-2	0
74.999006	lysozyme-3.5	0
74.999006	protein_kinase-0.7	0
74.999006	rbs	0
74.999006	ribosome	217
74.999006	rnapol-1	0
74.999006	rnapol-3.5	0
79.999082	E. coli B promoter	1
79.999082	E. coli C promoter	0
79.999082	E. coli promoter A1	1
79.999082	E. coli promoter A2	1
79.999082	E. coli promoter A3	1
79.999082	T7 promoter phi1.1A	0
79.999082	T7 promoter phi1.1B	0
79.999082	T7 promoter phi1.3	0
79.999082	T7 promoter phi1.5	0
79.999082	T7 promoter phi1.6	0
79.999082	T7 promoter phi10	0
79.999082	T7 promoter phi13	0
79.999082	T7 promoter phi17	0
79.999082	T7 promoter phi2.5	0
79.999082	T7 promoter phi3.8	0
79.999082	T7 promoter phi4.3	0
79.999082	T7 promoter phi4.7	0
79.999082	T7 promoter phi4c	0
79.999082	T7 promoter phi6.5	0
79.999082	T7 promoter phi9	0
79.999082	bound_ecolipol	1725
79.999082	bound_ecolipol_p	0
79.999082	bound_ribosome	39785
79.999082	degraded_transcript	472
79.999082	ecoli_genome	75
79.999082	ecoli_transcript	5292
79.999082	ecolipol	74
79.999082	ecolipol-2	0
79.999082	ecolipol-2-p	0
79.999082	ecolipol-p	0
79.999082	gene 0.3	5
79.999082	gp-2	0
79.999082	lysozyme-3.5	0
79.999082	protein_kinase-0.7	0
79.999082	rbs	0
79.999082	ribosome	185
79.999082	rnapol-1	0
79.999082	rnapol-3.5	0
84.999097	E. coli B promoter	1
84.999097	E. coli C promoter	0
84.999097	E. coli promoter A1	1
84.999097	E. coli promoter A2	1
84.999097	E. coli promoter A3	1
84.999097	T7 promoter phi1.1A	0
84.999097	T7 promoter phi1.1B	0
84.999097	T7 promoter phi1.3	0
84.999097	T7 promoter phi1.5	0
84.999097	T7 promoter phi1.6	0
84.999097	T7 promoter phi10	0
84.999097	T7 promoter phi13	0
84.999097	T7 promoter phi17	0
84.999097	T7 promoter phi2.5	0
84.999097	T7 promoter phi3.8	0
84.999097	T7 promoter phi4.3	0
84.999097	T7 promoter phi4.7	0
84.999097	T7 promoter phi4c	0
84.999097	T7 promoter phi6.5	0
84.999097	T7 promoter phi9	0
84.999097	bound_ecolipol	1736
84.999097	bound_ecolipol_p	0
84.999097	bound_ribosome	39794
84.999097	degraded_transcript	529
84.999097	ecoli_genome	64
84.999097	ecoli_transcript	5548
84.999097	ecolipol	63
84.999097	ecolipol-2	0
84.999097	ecolipol-2-p	0
84.999097	ecolipol-p	0
84.999097	gene 0.3	8
84.999097	gp-2	0
84.999097	lysozyme-3.5	0
84.999097	protein_kinase-0.7	0
84.999097	rbs	1
84.999097	ribosome	176
84.999097	rnapol-1	0
84.999097	rnapol-3.5	0
89.999220	E. coli B promoter	1
89.999220	E. coli C promoter	1
89.999220	E. coli promoter A1	1
89.999220	E. coli promoter A2	1
89.999220	E. coli promoter A3	1
89.999220	T7 promoter phi1.1A	0
89.999220	T7 promoter phi1.1B	0
89.999220	T7 promoter phi1.3	0
89.999220	T7 promoter phi1.5	0
89.999220	T7 promoter phi1.6	0
89.999220	T7 promoter phi10	0
89.999220	T7 promoter phi13	0
89.999220	T7 promoter phi17	0
89.999220	T7 promoter phi2.5	0
89.999220	T7 promoter phi3.8	0
89.999220	T7 promoter phi4.3	0
89.999220	T7 promoter phi4.7	0
89.999220	T7 promoter phi4c	0
89.999220	T7 promoter phi6.5	0
89.999220	T7 promoter phi9	0
89.999220	bound_ecolipol	1737
89.999220	bound_ecolipol_p	0
89.999220	bound_ribosome	39789
89.999220	degraded_transcript	590
89.999220	ecoli_genome	63
89.999220	ecoli_transcript	5839
89.999220	ecolipol	62
89.999220	ecolipol-2	0
89.999220	ecolipol-2-p	0
89.999220	ecolipol-p	0
89.999220	gene 0.3	9
89.999220	gp-2	0
89.999220	lysozyme-3.5	0
89.999220	protein_kinase-0.7	0
89.999220	rbs	0
89.999220	ribosome	174
89.999220	rnapol-1	0
89.999220	rnapol-3.5	0
94.999296	E. coli B promoter	1
94.999296	E. coli C promoter	1
94.999296	E. coli promoter A1	1
94.999296	E. coli promoter A2	1
94.999296	E. coli promoter A3	1
94.999296	T7 promoter phi1.1A	0
94.999296	T7 promoter phi1.1B	0
94.999296	T7 promoter phi1.3	0
94.999296	T7 promoter phi1.5	0
94.999296	T7 promoter phi1.6	0
94.999296	T7 promoter phi10	0
94.999296	T7 promoter phi13	0
94.999296	T7 promoter phi17	0
94.999296	T7 promoter phi2.5	0
94.999296	T7 promoter phi3.8	0
94.999296	T7 promoter phi4.3	0
94.999296	T7 promoter phi4.7	0
94.999296	T7 promoter phi4c	0
94.999296	T7 promoter phi6.5	0
94.999296	T7 promoter phi9	0
94.999296	bound_ecolipol	1742
94.999296	bound_ecolipol_p	0
94.999296	bound_ribosome	39786
94.999296	degraded_transcript	658
94.999296	ecoli_genome	58
94.999296	ecoli_transcript	6138
94.999296	ecolipol	57
94.999296	ecolipol-2	0
94.999296	ecolipol-2-p	0
94.999296	ecolipol-p	0
94.999296	gene 0.3	11
94.999296	gp-2	0
94.999296	lysozyme-3.5	0
94.999296	protein_kinase-0.7	0
94.999296	rbs	0
94.999296	ribosome	172
94.999296	rnapol-1	0
94.999296	rnapol-3.5	0
99.999033	E. coli B promoter	1
99.999033	E. coli C promoter	1
99.999033	E. coli promoter A1	1
99.999033	E. coli promoter A2	1
99.999033	E. coli promoter A3	1
99.999033	T7 promoter phi1.1A	0
99.999033	T7 promoter phi1.1B	0
99.999033	T7 promoter phi1.3	0
99.999033	T7 promoter phi1.5	0
99.999033	T7 promoter phi1.6	0
99.999033	T7 promoter phi10	0
99.999033	T7 promoter phi13	0
99.999033	T7 promoter phi17	0
99.999033	T7 promoter phi2.5	0
99.999033	T7 promoter phi3.8	0
99.999033	T7 promoter phi4.3	0
99.999033	T7 promoter phi4.7	0
99.999033	T7 promoter phi4c	0
99.999033	T7 promoter phi6.5	0
99.999033	T7 promoter phi9	0
99.999033	bound_ecolipol	1734
99.999033	bound_ecolipol_p	0
99.999033	bound_ribosome	39785
99.999033	degraded_transcript	716
99.999033	ecoli_genome	66
99.999033	ecoli_transcript	6433
99.999033	ecolipol	65
99.999033	ecolipol-2	0
99.999033	ecolipol-2-p	0
99.999033	ecolipol-p	0
99.999033	gene 0.3	13
99.999033	gp-2	0
99.999033	lysozyme-3.5	0
99.999033	protein_kinase-0.7	0
99.999033	rbs	0
99.999033	ribosome	169
99.999033	rnapol-1	0
99.999033	rnapol-3.5	0
104.999181	E. coli B promoter	1
104.999181	E. coli C promoter	1
104.999181	E. coli promoter A1	1
104.999181	E. coli promoter A2	1
104.999181	E. coli promoter A3	1
104.999181	T7 promoter phi1.1A	0
104.999181	T7 promoter phi1.1B	0
104.999181	T7 promoter phi1.3	0
104.999181	T7 promoter phi1.5	0
104.999181	T7 promoter phi1.6	0
104.999181	T7 promoter phi10	0
104.999181	T7 promoter phi13	0
104.999181	T7 promoter phi17	0
104.999181	T7 promoter phi2.5	0
104.999181	T7 promoter phi3.8	0
104.999181	T7 promoter phi4.3	0
104.999181	T7 promoter phi4.7	0
104.999181	T7 promoter phi4c	0
104.999181	T7 promoter phi6.5	0
104.999181	T7 promoter phi9	0
104.999181	bound_ecolipol	1725
104.999181	bound_ecolipol_p	0
104.999181	bound_ribosome	39776
104.999181	degraded_transcript	774
104.999181	ecoli_genome	75
104.999181	ecoli_transcript	6732
104.999181	ecolipol	74
104.999181	ecolipol-2	0
104.999181	ecolipol-2-p	0
104.999181	ecolipol-p	0
104.999181	gene 0.3	14
104.999181	gp-2	0
104.999181	lysozyme-3.5	0
104.999181	protein_kinase-0.7	0
104.999181	rbs	0
104.999181	ribosome	175
104.999181	rnapol-1	0
104.999181	rnapol-3.5	0
109.999021	E. coli B promoter	1
109.999021	E. coli C promoter	1
109.999021	E. coli promoter A1	1
109.999021	E. coli promoter A2	1
109.999021	E. coli promoter A3	0
109.999021	T7 promoter phi1.1A	0
109.999021	T7 promoter phi1.1B	0
109.999021	T7 promoter phi1.3	0
109.999021	T7 promoter phi1.5	0
109.999021	T7 promoter phi1.6	0
109.999021	T7 promoter phi10	0
109.999021	T7 promoter phi13	0
109.999021	T7 promoter phi17	0
109.999021	T7 promoter phi2.5	0
109.999021	T7 promoter phi3.8	0
109.999021	T7 promoter phi4.3	0
109.999021	T7 promoter phi4.7	0
109.999021	T7 promoter phi4c	0
109.999021	T7 promoter phi6.5	0
109.999021	T7 promoter phi9	0
109.999021	bound_ecolipol	1726
109.999021	bound_ecolipol_p	0
109.999021	bound_ribosome	39787
109.999021	degraded_transcript	851
109.999021	ecoli_genome	74
109.999021	ecoli_transcript	6973
109.999021	ecolipol	72
109.999021	ecolipol-2	0
109.999021	ecolipol-2-p	0
109.999021	ecolipol-p	0
109.999021	gene 0.3	16
109.999021	gp-2	0
109.999021	lysozyme-3.5	0
109.999021	protein_kinase-0.7	0
109.999021	rbs	0
109.999021	ribosome	160
109.999021	rnapol-1	0
109.999021	rnapol-3.5	0
114.999008	E. coli B promoter	1
114.999008	E. coli C promoter	1
114.999008	E. coli promoter A1	1
114.999008	E. coli promoter A2	1
114.999008	E. coli promoter A3	1
114.999008	T7 promoter phi1.1A	0
114.999008	T7 promoter phi1.1B	0
114.999008	T7 promoter phi1.3	0
114.999008	T7 promoter phi1.5	0
114.999008	T7 promoter phi1.6	0
114.999008	T7 promoter phi10	0
114.999008	T7 promoter phi13	0
114.999008	T7 promoter phi17	0
114.999008	T7 promoter phi2.5	0
114.999008	T7 promoter phi3.8	0
114.999008	T7 promoter phi4.3	0
114.999008	T7 promoter phi4.7	0
114.999008	T7 promoter phi4c	0
114.999008	T7 promoter phi6.5	0
114.999008	T7 promoter phi9	0
114.999008	bound_ecolipol	1729
114.999008	bound_ecolipol_p	0
114.999008	bound_ribosome	39788
114.999008	degraded_transcript	922
114.999008	ecoli_genome	71
114.999008	ecoli_transcript	7258
114.999008	ecolipol	69
114.999008	ecolipol-2	0
114.999008	ecolipol-2-p	0
114.999008	ecolipol-p	0
114.999008	gene 0.3	18
114.999008	gp-2	0
114.999008	lysozyme-3.5	0
114.999008	protein_kinase-0.7	0
114.999008	rbs	0
114.999008	ribosome	155
114.999008	rnapol-1	0
114.999008	rnapol-3.5	0
119.999750	E. coli B promoter	1
119.999750	E. coli C promoter	1
119.999750	E. coli promoter A1	1
119.999750	E. coli promoter A2	0
119.999750	E. coli promoter A3	1
119.999750	T7 promoter phi1.1A	0
119.999750	T7 promoter phi1.1B	0
119.999750	T7 promoter phi1.3	0
119.999750	T7 promoter phi1.5	0
119.999750	T7 promoter phi1.6	0
119.999750	T7 promoter phi10	0
119.999750	T7 promoter phi13	0
119.999750	T7 promoter phi17	0
119.999750	T7 promoter phi2.5	0
119.999750	T7 promoter phi3.8	0
119.999750	T7 promoter phi4.3	0
119.999750	T7 promoter phi4.7	0
119.999750	T7 promoter phi4c	0
119.999750	T7 promoter phi6.5	0
119.999750	T7 promoter phi9	0
119.999750	bound_ecolipol	1726
119.999750	bound_ecolipol_p	0
119.999750	bound_ribosome	39799
119.999750	degraded_transcript	998
119.999750	ecoli_genome	74
119.999750	ecoli_transcript	7490
119.999750	ecolipol	71
119.999750	ecolipol-2	0
119.999750	ecolipol-2-p	0
119.999750	ecolipol-p	0
119.999750	gene 0.3	19
119.999750	gp-2	0
119.999750	lysozyme-3.5	0
119.999750	protein_kinase-0.7	0
119.999750	rbs	2
119.999750	ribosome	138
119.999750	rnapol-1	0
119.999750	rnapol-3.5	0
124.999410	E. coli B promoter	1
124.999410	E. coli C promoter	1
124.999410	E. coli promoter A1	1
124.999410	E. coli promoter A2	1
124.999410	E. coli promoter A3	1
124.999410	T7 promoter phi1.1A	0
124.999410	T7 promoter phi1.1B	0
124.999410	T7 promoter phi1.3	0
124.999410	T7 promoter phi1.5	0
124.999410	T7 promoter phi1.6	0
124.999410	T7 promoter phi10	0
124.999410	T7 promoter phi13	0
124.999410	T7 promoter phi17	0
124.999410	T7 promoter phi2.5	0
124.999410	T7 promoter phi3.8	0
124.999410	T7 promoter phi4.3	0
124.999410	T7 promoter phi4.7	0
124.999410	T7 promoter phi4c	0
124.999410	T7 promoter phi6.5	0
124.999410	T7 promoter phi9	0
124.999410	bound_ecolipol	1733
124.999410	bound_ecolipol_p	0
124.999410	bound_ribosome	39803
124.999410	degraded_transcript	1081
124.999410	ecoli_genome	67
124.999410	ecoli_transcript	7736
124.999410	ecolipol	64
124.999410	ecolipol-2	0
124.999410	ecolipol-2-p	0
124.999410	ecolipol-p	0
124.999410	gene 0.3	21
124.999410	gp-2	0
124.999410	lysozyme-3.5	0
124.999410	protein_kinase-0.7	0
124.999410	rbs	2
124.999410	ribosome	129
124.999410	rnapol-1	0
124.999410	rnapol-3.5	0
129.999132	E. coli B promoter	1
129.999132	E. coli C promoter	1
129.999132	E. coli promoter A1	1
129.999132	E. coli promoter A2	1
129.999132	E. coli promoter A3	1
129.999132	T7 promoter phi1.1A	0
129.999132	T7 promoter phi1.1B	0
129.999132	T7 promoter phi1.3	0
129.999132	T7 promoter phi1.5	0
129.999132	T7 promoter phi1.6	0
129.999132	T7 promoter phi10	0
129.999132	T7 promoter phi13	0
129.999132	T7 promoter phi17	0
129.999132	T7 promoter phi2.5	0
129.999132	T7 promoter phi3.8	0
129.999132	T7 promoter phi4.3	0
129.999132	T7 promoter phi4.7	0
129.999132	T7 promoter phi4c	0
129.999132	T7 promoter phi6.5	0
129.999132	T7 promoter phi9	0
129.999132	bound_ecolipol	1729
129.999132	bound_ecolipol_p	0
129.999132	bound_ribosome	39783
129.999132	degraded_transcript	1159
129.999132	ecoli_genome	71
129.999132	ecoli_transcript	7997
129.999132	ecolipol	68
129.999132	ecolipol-2	0
129.999132	ecolipol-2-p	0
129.999132	ecolipol-p	0
129.999132	gene 0.3	23
129.999132	gp-2	0
129.999132	lysozyme-3.5	0
129.999132	protein_kinase-0.7	0
129.999132	rbs	2
129.999132	ribosome	137
129.999132	rnapol-1	0
129.999132	rnapol-3.5	0
134.999129	E. coli B promoter	1
134.999129	E. coli C promoter	1
134.999129	E. coli promoter A1	1
134.999129	E. coli promoter A2	1
134.999129	E. coli promoter A3	1
134.999129	T7 promoter phi1.1A	0
134.999129	T7 promoter phi1.1B	0
134.999129	T7 promoter phi1.3	0
134.999129	T7 promoter phi1.5	0
134.999129	T7 promoter phi1.6	0
134.999129	T7 promoter phi10	0
134.999129	T7 promoter phi13	0
134.999129	T7 promoter phi17	0
134.999129	T7 promoter phi2.5	0
134.999129	T7 promoter phi3.8	0
134.999129	T7 promoter phi4.3	0
134.999129	T7 promoter phi4.7	0
134.999129	T7 promoter phi4c	0
134.999129	T7 promoter phi6.5	0
134.999129	T7 promoter phi9	0
134.999129	bound_ecolipol	1726
134.999129	bound_ecolipol_p	0
134.999129	bound_ribosome	39789
134.999129	degraded_transcript	1251
134.999129	ecoli_genome	74
134.999129	ecoli_transcript	8267
134.999129	ecolipol	71
134.999129	ecolipol-2	0
134.999129	ecolipol-2-p	0
134.999129	ecolipol-p	0
134.999129	gene 0.3	24
134.999129	gp-2	0
134.999129	lysozyme-3.5	0
134.999129	protein_kinase-0.7	0
134.999129	rbs	1
134.999129	ribosome	122
134.999129	rnapol-1	0
134.999129	rnapol-3.5	0
139.999324	E. coli B promoter	0
139.999324	E. coli C promoter	1
139.999324	E. coli promoter A1	1
139.999324	E. coli promoter A2	1
139.999324	E. coli promoter A3	1
139.999324	T7 promoter phi1.1A	0
139.999324	T7 promoter phi1.1B	0
139.999324	T7 promoter phi1.3	0
139.999324	T7 promoter phi1.5	0
139.999324	T7 promoter phi1.6	0
139.999324	T7 promoter phi10	0
139.999324	T7 promoter phi13	0
139.999324	T7 promoter phi17	0
139.999324	T7 promoter phi2.5	0
139.999324	T7 promoter phi3.8	0
139.999324	T7 promoter phi4.3	0
139.999324	T7 promoter phi4.7	0
139.999324	T7 promoter phi4c	0
139.999324	T7 promoter phi6.5	0
139.999324	T7 promoter phi9	0
139.999324	bound_ecolipol	1727
139.999324	bound_ecolipol_p	0
139.999324	bound_ribosome	39777
139.999324	degraded_transcript	1330
139.999324	ecoli_genome	73
139.999324	ecoli_transcript	8539
139.999324	ecolipol	70
139.999324	ecolipol-2	0
139.999324	ecolipol-2-p	0
139.999324	ecolipol-p	0
139.999324	gene 0.3	26
139.999324	gp-2	0
139.999324	lysozyme-3.5	0
139.999324	protein_kinase-0.7	1
139.999324	rbs	1
139.999324	ribosome	120
139.999324	rnapol-1	0
139.999324	rnapol-3.5	0
144.999232	E. coli B promoter	1
144.999232	E. coli C promoter	1
144.999232	E. coli promoter A1	1
144.999232	E. coli promoter A2	1
144.999232	E. coli promoter A3	1
144.999232	T7 promoter phi1.1A	0
144.999232	T7 promoter phi1.1B	0
144.999232	T7 promoter phi1.3	0
144.999232	T7 promoter phi1.5	0
144.999232	T7 promoter phi1.6	0
144.999232	T7 promoter phi10	0
144.999232	T7 promoter phi13	0
144.999232	T7 promoter phi17	0
144.999232	T7 promoter phi2.5	0
144.999232	T7 promoter phi3.8	0
144.999232	T7 promoter phi4.3	0
144.999232	T7 promoter phi4.7	0
144.999232	T7 promoter phi4c	0
144.999232	T7 promoter phi6.5	0
144.999232	T7 promoter phi9	0
144.999232	bound_ecolipol	1730
144.999232	bound_ecolipol_p	11
144.999232	bound_ribosome	39767
144.999232	degraded_transcript	1423
144.999232	ecoli_genome	59
144.999232	ecoli_transcript	8807
144.999232	ecolipol	43
144.999232	ecolipol-2	0
144.999232	ecolipol-2-p	0
144.999232	ecolipol-p	13
144.999232	gene 0.3	28
144.999232	gp-2	0
144.999232	lysozyme-3.5	0
144.999232	protein_kinase-0.7	1
144.999232	rbs	1
144.999232	ribosome	118
144.999232	rnapol-1	0
144.999232	rnapol-3.5	0
149.999116	E. coli B promoter	1
149.999116	E. coli C promoter	1
149.999116	E. coli promoter A1	1
149.999116	E. coli promoter A2	1
149.999116	E. coli promoter A3	1
149.999116	T7 promoter phi1.1A	1
149.999116	T7 promoter phi1.1B	1
149.999116	T7 promoter phi1.3	0
149.999116	T7 promoter phi1.5	0
149.999116	T7 promoter phi1.6	0
149.999116	T7 promoter phi10	0
149.999116	T7 promoter phi13	0
149.999116	T7 promoter phi17	0
149.999116	T7 promoter phi2.5	0
149.999116	T7 promoter phi3.8	0
149.999116	T7 promoter phi4.3	0
149.999116	T7 promoter phi4.7	0
149.999116	T7 promoter phi4c	0
149.999116	T7 promoter phi6.5	0
149.999116	T7 promoter phi9	0
149.999116	bound_ecolipol	1694
149.999116	bound_ecolipol_p	31
149.999116	bound_ribosome	39759
149.999116	degraded_transcript	1511
149.999116	ecoli_genome	75
149.999116	ecoli_transcript	9046
149.999116	ecolipol	57
149.999116	ecolipol-2	0
149.999116	ecolipol-2-p	0
149.999116	ecolipol-p	15
149.999116	gene 0.3	32
149.999116	gp-2	0
149.999116	lysozyme-3.5	0
149.999116	protein_kinase-0.7	1
149.999116	rbs	2
149.999116	ribosome	114
149.999116	rnapol-1	0
149.999116	rnapol-3.5	0
154.999329	E. coli B promoter	1
154.999329	E. coli C promoter	1
154.999329	E. coli promoter A1	1
154.999329	E. coli promoter A2	1
154.999329	E. coli promoter A3	1
154.999329	T7 promoter phi1.1A	1
154.999329	T7 promoter phi1.1B	1
154.999329	T7 promoter phi1.3	0
154.999329	T7 promoter phi1.5	0
154.999329	T7 promoter phi1.6	0
154.999329	T7 promoter phi10	0
154.999329	T7 promoter phi13	0
154.999329	T7 promoter phi17	0
154.999329	T7 promoter phi2.5	0
154.999329	T7 promoter phi3.8	0
154.999329	T7 promoter phi4.3	0
154.999329	T7 promoter phi4.7	0
154.999329	T7 promoter phi4c	0
154.999329	T7 promoter phi6.5	0
154.999329	T7 promoter phi9	0
154.999329	bound_ecolipol	1673
154.999329	bound_ecolipol_p	50
154.999329	bound_ribosome	39759
154.999329	degraded_transcript	1592
154.999329	ecoli_genome	77
154.999329	ecoli_transcript	9310
154.999329	ecolipol	47
154.999329	ecolipol-2	0
154.999329	ecolipol-2-p	0
154.999329	ecolipol-p	27
154.999329	gene 0.3	35
154.999329	gp-2	0
154.999329	lysozyme-3.5	0
154.999329	protein_kinase-0.7	3
154.999329	rbs	2
154.999329	ribosome	103
154.999329	rnapol-1	0
154.999329	rnapol-3.5	0
159.999043	E. coli B promoter	1
159.999043	E. coli C promoter	1
159.999043	E. coli promoter A1	1
159.999043	E. coli promoter A2	1
159.999043	E. coli promoter A3	1
159.999043	T7 promoter phi1.1A	1
159.999043	T7 promoter phi1.1B	1
159.999043	T7 promoter phi1.3	1
159.999043	T7 promoter phi1.5	0
159.999043	T7 promoter phi1.6	0
159.999043	T7 promoter phi10	0
159.999043	T7 promoter phi13	0
159.999043	T7 promoter phi17	0
159.999043	T7 promoter phi2.5	0
159.999043	T7 promoter phi3.8	0
159.999043	T7 promoter phi4.3	0
159.999043	T7 promoter phi4.7	0
159.999043	T7 promoter phi4c	0
159.999043	T7 promoter phi6.5	0
159.999043	T7 promoter phi9	0
159.999043	bound_ecolipol	1627
159.999043	bound_ecolipol_p	78
159.999043	bound_ribosome	39742
159.999043	degraded_transcript	1684
159.999043	ecoli_genome	95
159.999043	ecoli_transcript	9596
159.999043	ecolipol	55
159.999043	ecolipol-2	0
159.999043	ecolipol-2-p	0
159.999043	ecolipol-p	37
159.999043	gene 0.3	40
159.999043	gene 1.1	1
159.999043	gp-2	0
159.999043	lysozyme-3.5	0
159.999043	protein_kinase-0.7	4
159.999043	rbs	0
159.999043	ribosome	108
159.999043	rnapol-1	0
159.999043	rnapol-3.5	0
164.999056	E. coli B promoter	1
164.999056	E. coli C promoter	1
164.999056	E. coli promoter A1	1
164.999056	E. coli promoter A2	1
164.999056	E. coli promoter A3	1
164.999056	T7 promoter phi1.1A	1
164.999056	T7 promoter phi1.1B	1
164.999056	T7 promoter phi1.3	1
164.999056	T7 promoter phi1.5	0
164.999056	T7 promoter phi1.6	0
164.999056	T7 promoter phi10	0
164.999056	T7 promoter phi13	0
164.999056	T7 promoter phi17	0
164.999056	T7 promoter phi2.5	0
164.999056	T7 promoter phi3.8	0
164.999056	T7 promoter phi4.3	0
164.999056	T7 promoter phi4.7	0
164.999056	T7 promoter phi4c	0
164.999056	T7 promoter phi6.5	0
164.999056	T7 promoter phi9	0
164.999056	bound_ecolipol	1583
164.999056	bound_ecolipol_p	127
164.999056	bound_ribosome	39722
164.999056	degraded_transcript	1788
164.999056	ecoli_genome	90
164.999056	ecoli_transcript	9881
164.999056	ecolipol	44
164.999056	ecolipol-2	0
164.999056	ecolipol-2-p	0
164.999056	ecolipol-p	43
164.999056	gene 0.3	46
164.999056	gene 1.1	1
164.999056	gp-2	0
164.999056	lysozyme-3.5	0
164.999056	protein_kinase-0.7	4
164.999056	rbs	1
164.999056	ribosome	116
164.999056	rnapol-1	0
164.999056	rnapol-3.5	0
169.999229	E. coli B promoter	1
169.999229	E. coli C promoter	1
169.999229	E. coli promoter A1	1
169.999229	E. coli promoter A2	1
169.999229	E. coli promoter A3	1
169.999229	T7 promoter phi1.1A	1
169.999229	T7 promoter phi1.1B	1
169.999229	T7 promoter phi1.3	1
169.999229	T7 promoter phi1.5	0
169.999229	T7 promoter phi1.6	0
169.999229	T7 promoter phi10	0
169.999229	T7 promoter phi13	0
169.999229	T7 promoter phi17	0
169.999229	T7 promoter phi2.5	0
169.999229	T7 promoter phi3.8	0
169.999229	T7 promoter phi4.3	0
169.999229	T7 promoter phi4.7	0
169.999229	T7 promoter phi4c	0
169.999229	T7 promoter phi6.5	0
169.999229	T7 promoter phi9	0
169.999229	bound_ecolipol	1525
169.999229	bound_ecolipol_p	184
169.999229	bound_ribosome	39720
169.999229	degraded_transcript	1885
169.999229	ecoli_genome	91
169.999229	ecoli_transcript	10147
169.999229	ecolipol	39
169.999229	ecolipol-2	0
169.999229	ecolipol-2-p	0
169.999229	ecolipol-p	49
169.999229	gene 0.3	49
169.999229	gene 1.1	2
169.999229	gp-2	0
169.999229	lysozyme-3.5	0
169.999229	protein_kinase-0.7	6
169.999229	rbs	1
169.999229	ribosome	104
169.999229	rnapol-1	0
169.999229	rnapol-3.5	0
174.999257	E. coli B promoter	1
174.999257	E. coli C promoter	1
174.999257	E. coli promoter A1	1
174.999257	E. coli promoter A2	1
174.999257	E. coli promoter A3	1
174.999257	T7 promoter phi1.1A	1
174.999257	T7 promoter phi1.1B	1
174.999257	T7 promoter phi1.3	1
174.999257	T7 promoter phi1.5	0
174.999257	T7 promoter phi1.6	0
174.999257	T7 promoter phi10	0
174.999257	T7 promoter phi13	0
174.999257	T7 promoter phi17	0
174.999257	T7 promoter phi2.5	0
174.999257	T7 promoter phi3.8	0
174.999257	T7 promoter phi4.3	0
174.999257	T7 promoter phi4.7	0
174.999257	T7 promoter phi4c	0
174.999257	T7 promoter phi6.5	0
174.999257	T7 promoter phi9	0
174.999257	bound_ecolipol	1463
174.999257	bound_ecolipol_p	243
174.999257	bound_ribosome	39719
174.999257	degraded_transcript	1983
174.999257	ecoli_genome	94
174.999257	ecoli_transcript	10416
174.999257	ecolipol	32
174.999257	ecolipol-2	0
174.999257	ecolipol-2-p	0
174.999257	ecolipol-p	59
174.999257	gene 0.3	55
174.999257	gene 1.1	2
174.999257	gp-2	0
174.999257	lysozyme-3.5	0
174.999257	protein_kinase-0.7	9
174.999257	rbs	3
174.999257	ribosome	96
174.999257	rnapol-1	0
174.999257	rnapol-3.5	0
179.999052	E. coli B promoter	1
179.999052	E. coli C promoter	1
179.999052	E. coli promoter A1	1
179.999052	E. coli promoter A2	1
179.999052	E. coli promoter A3	1
179.999052	T7 promoter phi1.1A	1
179.999052	T7 promoter phi1.1B	1
179.999052	T7 promoter phi1.3	1
179.999052	T7 promoter phi1.5	0
179.999052	T7 promoter phi1.6	0
179.999052	T7 promoter phi10	0
179.999052	T7 promoter phi13	0
179.999052	T7 promoter phi17	0
179.999052	T7 promoter phi2.5	0
179.999052	T7 promoter phi3.8	0
179.999052	T7 promoter phi4.3	0
179.999052	T7 promoter phi4.7	0
179.999052	T7 promoter phi4c	0
179.999052	T7 promoter phi6.5	0
179.999052	T7 promoter phi9	0
179.999052	bound_ecolipol	1392
179.999052	bound_ecolipol_p	326
179.999052	bound_ribosome	39698
179.999052	degraded_transcript	2080
179.999052	ecoli_genome	82
179.999052	ecoli_transcript	10696
179.999052	ecolipol	24
179.999052	ecolipol-2	0
179.999052	ecolipol-2-p	0
179.999052	ecolipol-p	55
179.999052	gene 0.3	59
179.999052	gene 1.1	2
179.999052	gene 1.2	1
179.999052	gp-2	0
179.999052	lysozyme-3.5	0
179.999052	protein_kinase-0.7	11
179.999052	rbs	3
179.999052	ribosome	105
179.999052	rnapol-1	0
179.999052	rnapol-3.5	0
184.999043	E. coli B promoter	1
184.999043	E. coli C promoter	1
184.999043	E. coli promoter A1	1
184.999043	E. coli promoter A2	1
184.999043	E. coli promoter A3	1
184.999043	T7 promoter phi1.1A	1
184.999043	T7 promoter phi1.1B	1
184.999043	T7 promoter phi1.3	1
184.999043	T7 promoter phi1.5	0
184.999043	T7 promoter phi1.6	0
184.999043	T7 promoter phi10	0
184.999043	T7 promoter phi13	0
184.999043	T7 promoter phi17	0
184.999043	T7 promoter phi2.5	0
184.999043	T7 promoter phi3.8	0
184.999043	T7 promoter phi4.3	0
184.999043	T7 promoter phi4.7	0
184.999043	T7 promoter phi4c	0
184.999043	T7 promoter phi6.5	0
184.999043	T7 promoter phi9	0
184.999043	bound_ecolipol	1289
184.999043	bound_ecolipol_p	405
184.999043	bound_ribosome	39698
184.999043	degraded_transcript	2187
184.999043	ecoli_genome	106
184.999043	ecoli_transcript	10956
184.999043	ecolipol	30
184.999043	ecolipol-2	0
184.999043	ecolipol-2-p	0
184.999043	ecolipol-p	74
184.999043	gene 0.3	65
184.999043	gene 1.1	2
184.999043	gene 1.2	3
184.999043	gp-2	0
184.999043	lysozyme-3.5	0
184.999043	protein_kinase-0.7	12
184.999043	rbs	1
184.999043	ribosome	93
184.999043	rnapol-1	0
184.999043	rnapol-3.5	0
189.999164	E. coli B promoter	1
189.999164	E. coli C promoter	1
189.999164	E. coli promoter A1	1
189.999164	E. coli promoter A2	1
189.999164	E. coli promoter A3	1
189.999164	T7 promoter phi1.1A	1
189.999164	T7 promoter phi1.1B	1
189.999164	T7 promoter phi1.3	1
189.999164	T7 promoter phi1.5	0
189.999164	T7 promoter phi1.6	0
189.999164	T7 promoter phi10	0
189.999164	T7 promoter phi13	0
189.999164	T7 promoter phi17	0
189.999164	T7 promoter phi2.5	0
189.999164	T7 promoter phi3.8	0
189.999164	T7 promoter phi4.3	0
189.999164	T7 promoter phi4.7	0
189.999164	T7 promoter phi4c	0
189.999164	T7 promoter phi6.5	0
189.999164	T7 promoter phi9	0
189.999164	bound_ecolipol	1212
189.999164	bound_ecolipol_p	479
189.999164	bound_ribosome	39662
189.999164	degraded_transcript	2276
189.999164	ecoli_genome	109
189.999164	ecoli_transcript	11230
189.999164	ecolipol	25
189.999164	ecolipol-2	0
189.999164	ecolipol-2-p	0
189.999164	ecolipol-p	82
189.999164	gene 0.3	70
189.999164	gene 1.1	2
189.999164	gene 1.2	5
189.999164	gp-2	0
189.999164	lysozyme-3.5	0
189.999164	protein_kinase-0.7	12
189.999164	rbs	2
189.999164	ribosome	116
189.999164	rnapol-1	0
189.999164	rnapol-3.5	0
194.999041	E. coli B promoter	1
194.999041	E. coli C promoter	1
194.999041	E. coli promoter A1	1
194.999041	E. coli promoter A2	1
194.999041	E. coli promoter A3	1
194.999041	T7 promoter phi1.1A	1
194.999041	T7 promoter phi1.1B	1
194.999041	T7 promoter phi1.3	1
194.999041	T7 promoter phi1.5	0
194.999041	T7 promoter phi1.6	0
194.999041	T7 promoter phi10	0
194.999041	T7 promoter phi13	0
194.999041	T7 promoter phi17	0
194.999041	T7 promoter phi2.5	0
194.999041	T7 promoter phi3.8	0
194.999041	T7 promoter phi4.3	0
194.999041	T7 promoter phi4.7	0
194.999041	T7 promoter phi4c	0
194.999041	T7 promoter phi6.5	0
194.999041	T7 promoter phi9	0
194.999041	bound_ecolipol	1127
194.999041	bound_ecolipol_p	560
194.999041	bound_ribosome	39667
194.999041	degraded_transcript	2393
194.999041	ecoli_genome	113
194.999041	ecoli_transcript	11421
194.999041	ecolipol	25
194.999041	ecolipol-2	0
194.999041	ecolipol-2-p	0
194.999041	ecolipol-p	86
194.999041	gene 0.3	76
194.999041	gene 1.1	2
194.999041	gene 1.2	6
194.999041	gp-2	0
194.999041	lysozyme-3.5	0
194.999041	protein_kinase-0.7	13
194.999041	rbs	3
194.999041	ribosome	100
194.999041	rnapol-1	0
194.999041	rnapol-3.5	0
199.999022	E. coli B promoter	1
199.999022	E. coli C promoter	1
199.999022	E. coli promoter A1	1
199.999022	E. coli promoter A2	1
199.999022	E. coli promoter A3	1
199.999022	T7 promoter phi1.1A	1
199.999022	T7 promoter phi1.1B	1
199.999022	T7 promoter phi1.3	1
199.999022	T7 promoter phi1.5	0
199.999022	T7 promoter phi1.6	0
199.999022	T7 promoter phi10	0
199.999022	T7 promoter phi13	0
199.999022	T7 promoter phi17	0
199.999022	T7 promoter phi2.5	0
199.999022	T7 promoter phi3.8	0
199.999022	T7 promoter phi4.3	0
199.999022	T7 promoter phi4.7	0
199.999022	T7 promoter phi4c	0
199.999022	T7 promoter phi6.5	0
199.999022	T7 promoter phi9	0
199.999022	bound_ecolipol	1066
199.999022	bound_ecolipol_p	629
199.999022	bound_ribosome	39682
199.999022	degraded_transcript	2509
199.999022	ecoli_genome	105
199.999022	ecoli_transcript	11610
199.999022	ecolipol	21
199.999022	ecolipol-2	0
199.999022	ecolipol-2-p	0
199.999022	ecolipol-p	82
199.999022	gene 0.3	82
199.999022	gene 1.1	2
199.999022	gene 1.2	8
199.999022	gp-2	0
199.999022	lysozyme-3.5	0
199.999022	protein_kinase-0.7	15
199.999022	rbs	2
199.999022	ribosome	76
199.999022	rnapol-1	0
199.999022	rnapol-3.5	0
204.999126	E. coli B promoter	1
204.999126	E. coli C promoter	1
204.999126	E. coli promoter A1	1
204.999126	E. coli promoter A2	1
204.999126	E. coli promoter A3	1
204.999126	T7 promoter phi1.1A	1
204.999126	T7 promoter phi1.1B	1
204.999126	T7 promoter phi1.3	1
204.999126	T7 promoter phi1.5	0
204.999126	T7 promoter phi1.6	0
204.999126	T7 promoter phi10	0
204.999126	T7 promoter phi13	0
204.999126	T7 promoter phi17	0
204.999126	T7 promoter phi2.5	0
204.999126	T7 promoter phi3.8	0
204.999126	T7 promoter phi4.3	0
204.999126	T7 promoter phi4.7	0
204.999126	T7 promoter phi4c	0
204.999126	T7 promoter phi6.5	0
204.999126	T7 promoter phi9	0
204.999126	bound_ecolipol	981
204.999126	bound_ecolipol_p	722
204.999126	bound_ribosome	39672
204.999126	degraded_transcript	2618
204.999126	ecoli_genome	97
204.999126	ecoli_transcript	11856
204.999126	ecolipol	17
204.999126	ecolipol-2	0
204.999126	ecolipol-2-p	0
204.999126	ecolipol-p	77
204.999126	gene 0.3	85
204.999126	gene 1.1	2
204.999126	gene 1.2	9
204.999126	gp-2	0
204.999126	lysozyme-3.5	0
204.999126	protein_kinase-0.7	17
204.999126	rbs	5
204.999126	ribosome	77
204.999126	rnapol-1	0
204.999126	rnapol-3.5	0
209.999062	E. coli B promoter	1
209.999062	E. coli C promoter	1
209.999062	E. coli promoter A1	1
209.999062	E. coli promoter A2	1
209.999062	E. coli promoter A3	1
209.999062	T7 promoter phi1.1A	1
209.999062	T7 promoter phi1.1B	1
209.999062	T7 promoter phi1.3	1
209.999062	T7 promoter phi1.5	0
209.999062	T7 promoter phi1.6	0
209.999062	T7 promoter phi10	0
209.999062	T7 promoter phi13	0
209.999062	T7 promoter phi17	0
209.999062	T7 promoter phi2.5	0
209.999062	T7 promoter phi3.8	0
209.999062	T7 promoter phi4.3	0
209.999062	T7 promoter phi4.7	0
209.999062	T7 promoter phi4c	0
209.999062	T7 promoter phi6.5	0
209.999062	T7 promoter phi9	0
209.999062	bound_ecolipol	894
209.999062	bound_ecolipol_p	802
209.999062	bound_ribosome	39660
209.999062	degraded_transcript	2737
209.999062	ecoli_genome	104
209.999062	ecoli_transcript	12053
209.999062	ecolipol	12
209.999062	ecolipol-2	0
209.999062	ecolipol-2-p	0
209.999062	ecolipol-p	89
209.999062	gene 0.3	91
209.999062	gene 1.1	2
209.999062	gene 1.2	11
209.999062	gp-2	0
209.999062	lysozyme-3.5	0
209.999062	protein_kinase-0.7	19
209.999062	rbs	5
209.999062	ribosome	78
209.999062	rnapol-1	0
209.999062	rnapol-3.5	0
214.999020	E. coli B promoter	1
214.999020	E. coli C promoter	1
214.999020	E. coli promoter A1	1
214.999020	E. coli promoter A2	1
214.999020	E. coli promoter A3	1
214.999020	T7 promoter phi1.1A	1
214.999020	T7 promoter phi1.1B	1
214.999020	T7 promoter phi1.3	1
214.999020	T7 promoter phi1.5	0
214.999020	T7 promoter phi1.6	0
214.999020	T7 promoter phi10	0
214.999020	T7 promoter phi13	0
214.999020	T7 promoter phi17	0
214.999020	T7 promoter phi2.5	0
214.999020	T7 promoter phi3.8	0
214.999020	T7 promoter phi4.3	0
214.999020	T7 promoter phi4.7	0
214.999020	T7 promoter phi4c	0
214.999020	T7 promoter phi6.5	0
214.999020	T7 promoter phi9	0
214.999020	bound_ecolipol	814
214.999020	bound_ecolipol_p	863
214.999020	bound_ribosome	39635
214.999020	degraded_transcript	2860
214.999020	ecoli_genome	123
214.999020	ecoli_transcript	12312
214.999020	ecolipol	25
214.999020	ecolipol-2	0
214.999020	ecolipol-2-p	0
214.999020	ecolipol-p	95
214.999020	gene 0.3	94
214.999020	gene 1.1	2
214.999020	gene 1.2	12
214.999020	gp-2	0
214.999020	lysozyme-3.5	0
214.999020	protein_kinase-0.7	19
214.999020	rbs	3
214.999020	ribosome	87
214.999020	rnapol-1	0
214.999020	rnapol-3.5	0
219.999033	E. coli B promoter	1
219.999033	E. coli C promoter	1
219.999033	E. coli promoter A1	1
219.999033	E. coli promoter A2	1
219.999033	E. coli promoter A3	1
219.999033	T7 promoter phi1.1A	1
219.999033	T7 promoter phi1.1B	1
219.999033	T7 promoter phi1.3	1
219.999033	T7 promoter phi1.5	0
219.999033	T7 promoter phi1.6	0
219.999033	T7 promoter phi10	0
219.999033	T7 promoter phi13	0
219.999033	T7 promoter phi17	0
219.999033	T7 promoter phi2.5	0
219.999033	T7 promoter phi3.8	0
219.999033	T7 promoter phi4.3	0
219.999033	T7 promoter phi4.7	0
219.999033	T7 promoter phi4c	0
219.999033	T7 promoter phi6.5	0
219.999033	T7 promoter phi9	0
219.999033	bound_ecolipol	746
219.999033	bound_ecolipol_p	943
219.999033	bound_ribosome	39625
219.999033	degraded_transcript	2974
219.999033	ecoli_genome	111
219.999033	ecoli_transcript	12564
219.999033	ecolipol	13
219.999033	ecolipol-2	0
219.999033	ecolipol-2-p	0
219.999033	ecolipol-p	95
219.999033	gene 0.3	99
219.999033	gene 1.1	2
219.999033	gene 1.2	14
219.999033	gene 1.3	1
219.999033	gp-2	0
219.999033	lysozyme-3.5	0
219.999033	protein_kinase-0.7	21
219.999033	rbs	4
219.999033	ribosome	86
219.999033	rnapol-1	0
219.999033	rnapol-3.5	0
224.999071	E. coli B promoter	1
224.999071	E. coli C promoter	1
224.999071	E. coli promoter A1	1
224.999071	E. coli promoter A2	1
224.999071	E. coli promoter A3	1
224.999071	T7 promoter phi1.1A	1
224.999071	T7 promoter phi1.1B	0
224.999071	T7 promoter phi1.3	1
224.999071	T7 promoter phi1.5	0
224.999071	T7 promoter phi1.6	0
224.999071	T7 promoter phi10	0
224.999071	T7 promoter phi13	0
224.999071	T7 promoter phi17	0
224.999071	T7 promoter phi2.5	0
224.999071	T7 promoter phi3.8	0
224.999071	T7 promoter phi4.3	0
224.999071	T7 promoter phi4.7	0
224.999071	T7 promoter phi4c	0
224.999071	T7 promoter phi6.5	0
224.999071	T7 promoter phi9	0
224.999071	bound_ecolipol	691
224.999071	bound_ecolipol_p	1006
224.999071	bound_ribosome	39620
224.999071	degraded_transcript	3095
224.999071	ecoli_genome	103
224.999071	ecoli_transcript	12784
224.999071	ecolipol	15
224.999071	ecolipol-2	0
224.999071	ecolipol-2-p	0
224.999071	ecolipol-p	85
224.999071	gene 0.3	103
224.999071	gene 1.1	2
224.999071	gene 1.2	15
224.999071	gene 1.3	2
224.999071	gp-2	0
224.999071	lysozyme-3.5	0
224.999071	protein_kinase-0.7	24
224.999071	rbs	4
224.999071	ribosome	78
224.999071	rnapol-1	1
224.999071	rnapol-3.5	0
229.999046	E. coli B promoter	1
229.999046	E. coli C promoter	1
229.999046	E. coli promoter A1	1
229.999046	E. coli promoter A2	0
229.999046	E. coli promoter A3	1
229.999046	T7 promoter phi1.1A	1
229.999046	T7 promoter phi1.1B	1
229.999046	T7 promoter phi1.3	1
229.999046	T7 promoter phi1.5	0
229.999046	T7 promoter phi1.6	0
229.999046	T7 promoter phi10	0
229.999046	T7 promoter phi13	0
229.999046	T7 promoter phi17	0
229.999046	T7 promoter phi2.5	0
229.999046	T7 promoter phi3.8	0
229.999046	T7 promoter phi4.3	0
229.999046	T7 promoter phi4.7	0
229.999046	T7 promoter phi4c	0
229.999046	T7 promoter phi6.5	0
229.999046	T7 promoter phi9	0
229.999046	bound_ecolipol	638
229.999046	bound_ecolipol_p	1052
229.999046	bound_ribosome	39600
229.999046	degraded_transcript	3225
229.999046	ecoli_genome	110
229.999046	ecoli_transcript	13013
229.999046	ecolipol	7
229.999046	ecolipol-2	0
229.999046	ecolipol-2-p	0
229.999046	ecolipol-p	98
229.999046	gene 0.3	109
229.999046	gene 1.1	2
229.999046	gene 1.2	17
229.999046	gene 1.3	3
229.999046	gp-2	0
229.999046	lysozyme-3.5	0
229.999046	protein_kinase-0.7	26
229.999046	rbs	6
229.999046	ribosome	82
229.999046	rnapol-1	2
229.999046	rnapol-3.5	0
234.999004	E. coli B promoter	1
234.999004	E. coli C promoter	1
234.999004	E. coli promoter A1	1
234.999004	E. coli promoter A2	1
234.999004	E. coli promoter A3	1
234.999004	T7 promoter phi1.1A	1
234.999004	T7 promoter phi1.1B	1
234.999004	T7 promoter phi1.3	1
234.999004	T7 promoter phi1.5	0
234.999004	T7 promoter phi1.6	0
234.999004	T7 promoter phi10	0
234.999004	T7 promoter phi13	0
234.999004	T7 promoter phi17	0
234.999004	T7 promoter phi2.5	0
234.999004	T7 promoter phi3.8	0
234.999004	T7 promoter phi4.3	0
234.999004	T7 promoter phi4.7	0
234.999004	T7 promoter phi4c	0
234.999004	T7 promoter phi6.5	0
234.999004	T7 promoter phi9	0
234.999004	bound_ecolipol	575
234.999004	bound_ecolipol_p	1105
234.999004	bound_ribosome	39600
234.999004	degraded_transcript	3344
234.999004	ecoli_genome	120
234.999004	ecoli_transcript	13237
234.999004	ecolipol	8
234.999004	ecolipol-2	0
234.999004	ecolipol-2-p	0
234.999004	ecolipol-p	107
234.999004	gene 0.3	114
234.999004	gene 1.1	2
234.999004	gene 1.2	18
234.999004	gene 1.3	4
234.999004	gp-2	0
234.999004	lysozyme-3.5	0
234.999004	protein_kinase-0.7	29
234.999004	rbs	5
234.999004	ribosome	62
234.999004	rnapol-1	3
234.999004	rnapol-3.5	0
239.999094	E. coli B promoter	1
239.999094	E. coli C promoter	1
239.999094	E. coli promoter A1	1
239.999094	E. coli promoter A2	1
239.999094	E. coli promoter A3	1
239.999094	T7 promoter phi1.1A	1
239.999094	T7 promoter phi1.1B	1
239.999094	T7 promoter phi1.3	1
239.999094	T7 promoter phi1.5	0
239.999094	T7 promoter phi1.6	0
239.999094	T7 promoter phi10	0
239.999094	T7 promoter phi13	0
239.999094	T7 promoter phi17	0
239.999094	T7 promoter phi2.5	0
239.999094	T7 promoter phi3.8	0
239.999094	T7 promoter phi4.3	0
239.999094	T7 promoter phi4.7	0
239.999094	T7 promoter phi4c	0
239.999094	T7 promoter phi6.5	0
239.999094	T7 promoter phi9	0
239.999094	bound_ecolipol	513
239.999094	bound_ecolipol_p	1162
239.999094	bound_ribosome	39567
239.999094	degraded_transcript	3471
239.999094	ecoli_genome	125
239.999094	ecoli_transcript	13497
239.999094	ecolipol	4
239.999094	ecolipol-2	0
239.999094	ecolipol-2-p	0
239.999094	ecolipol-p	116
239.999094	gene 0.3	120
239.999094	gene 1.1	3
239.999094	gene 1.2	21
239.999094	gene 1.3	6
239.999094	gp-2	0
239.999094	lysozyme-3.5	0
239.999094	protein_kinase-0.7	34
239.999094	rbs	7
239.999094	ribosome	87
239.999094	rnapol-1	4
239.999094	rnapol-3.5	0
244.999006	E. coli B promoter	1
244.999006	E. coli C promoter	1
244.999006	E. coli promoter A1	1
244.999006	E. coli promoter A2	1
244.999006	E. coli promoter A3	1
244.999006	T7 promoter phi1.1A	1
244.999006	T7 promoter phi1.1B	1
244.999006	T7 promoter phi1.3	1
244.999006	T7 promoter phi1.5	0
244.999006	T7 promoter phi1.6	0
244.999006	T7 promoter phi10	0
244.999006	T7 promoter phi13	0
244.999006	T7 promoter phi17	0
244.999006	T7 promoter phi2.5	0
244.999006	T7 promoter phi3.8	0
244.999006	T7 promoter phi4.3	0
244.999006	T7 promoter phi4.7	0
244.999006	T7 promoter phi4c	0
244.999006	T7 promoter phi6.5	0
244.999006	T7 promoter phi9	0
244.999006	bound_ecolipol	465
244.999006	bound_ecolipol_p	1215
244.999006	bound_ribosome	39553
244.999006	degraded_transcript	3606
244.999006	ecoli_genome	120
244.999006	ecoli_transcript	13721
244.999006	ecolipol	3
244.999006	ecolipol-2	0
244.999006	ecolipol-2-p	0
244.999006	ecolipol-p	112
244.999006	gene 0.3	127
244.999006	gene 1.1	3
244.999006	gene 1.2	22
244.999006	gene 1.3	8
244.999006	gp-2	0
244.999006	lysozyme-3.5	0
244.999006	protein_kinase-0.7	38
244.999006	rbs	8
244.999006	ribosome	81
244.999006	rnapol-1	7
244.999006	rnapol-3.5	0
249.999006	E. coli B promoter	0
249.999006	E. coli C promoter	1
249.999006	E. coli promoter A1	1
249.999006	E. coli promoter A2	1
249.999006	E. coli promoter A3	1
249.999006	T7 promoter phi1.1A	1
249.999006	T7 promoter phi1.1B	1
249.999006	T7 promoter phi1.3	1
249.999006	T7 promoter phi1.5	0
249.999006	T7 promoter phi1.6	0
249.999006	T7 promoter phi10	0
249.999006	T7 promoter phi13	0
249.999006	T7 promoter phi17	0
249.999006	T7 promoter phi2.5	0
249.999006	T7 promoter phi3.8	0
249.999006	T7 promoter phi4.3	0
249.999006	T7 promoter phi4.7	0
249.999006	T7 promoter phi4c	0
249.999006	T7 promoter phi6.5	0
249.999006	T7 promoter phi9	0
249.999006	bound_ecolipol	417
249.999006	bound_ecolipol_p	1258
249.999006	bound_ribosome	39544
249.999006	degraded_transcript	3746
249.999006	ecoli_genome	125
249.999006	ecoli_transcript	13926
249.999006	ecolipol	5
249.999006	ecolipol-2	0
249.999006	ecolipol-2-p	0
249.999006	ecolipol-p	114
249.999006	gene 0.3	133
249.999006	gene 1.1	6
249.999006	gene 1.2	23
249.999006	gene 1.3	9
249.999006	gp-2	0
249.999006	lysozyme-3.5	0
249.999006	protein_kinase-0.7	40
249.999006	rbs	7
249.999006	ribosome	71
249.999006	rnapol-1	8
249.999006	rnapol-3.5	0
254.999113	E. coli B promoter	1
254.999113	E. coli C promoter	0
254.999113	E. coli promoter A1	1
254.999113	E. coli promoter A2	1
254.999113	E. coli promoter A3	1
254.999113	T7 promoter phi1.1A	1
254.999113	T7 promoter phi1.1B	1
254.999113	T7 promoter phi1.3	1
254.999113	T7 promoter phi1.5	0
254.999113	T7 promoter phi1.6	0
254.999113	T7 promoter phi10	0
254.999113	T7 promoter phi13	0
254.999113	T7 promoter phi17	0
254.999113	T7 promoter phi2.5	0
254.999113	T7 promoter phi3.8	0
254.999113	T7 promoter phi4.3	0
254.999113	T7 promoter phi4.7	0
254.999113	T7 promoter phi4c	0
254.999113	T7 promoter phi6.5	0
254.999113	T7 promoter phi9	0
254.999113	bound_ecolipol	365
254.999113	bound_ecolipol_p	1307
254.999113	bound_ribosome	39518
254.999113	degraded_transcript	3857
254.999113	ecoli_genome	128
254.999113	ecoli_transcript	14194
254.999113	ecolipol	4
254.999113	ecolipol-2	0
254.999113	ecolipol-2-p	0
254.999113	ecolipol-p	118
254.999113	gene 0.3	138
254.999113	gene 1.1	6
254.999113	gene 1.2	26
254.999113	gene 1.3	10
254.999113	gp-2	0
254.999113	lysozyme-3.5	0
254.999113	protein_kinase-0.7	47
254.999113	rbs	4
254.999113	ribosome	72
254.999113	rnapol-1	10
254.999113	rnapol-3.5	0
259.999045	E. coli B promoter	1
259.999045	E. coli C promoter	1
259.999045	E. coli promoter A1	1
259.999045	E. coli promoter A2	1
259.999045	E. coli promoter A3	1
259.999045	T7 promoter phi1.1A	1
259.999045	T7 promoter phi1.1B	1
259.999045	T7 promoter phi1.3	1
259.999045	T7 promoter phi1.5	0
259.999045	T7 promoter phi1.6	0
259.999045	T7 promoter phi10	0
259.999045	T7 promoter phi13	0
259.999045	T7 promoter phi17	0
259.999045	T7 promoter phi2.5	0
259.999045	T7 promoter phi3.8	0
259.999045	T7 promoter phi4.3	0
259.999045	T7 promoter phi4.7	0
259.999045	T7 promoter phi4c	0
259.999045	T7 promoter phi6.5	0
259.999045	T7 promoter phi9	0
259.999045	bound_ecolipol	323
259.999045	bound_ecolipol_p	1360
259.999045	bound_ribosome	39501
259.999045	degraded_transcript	3998
259.999045	ecoli_genome	117
259.999045	ecoli_transcript	14409
259.999045	ecolipol	4
259.999045	ecolipol-2	0
259.999045	ecolipol-2-p	0
259.999045	ecolipol-p	107
259.999045	gene 0.3	144
259.999045	gene 1.1	6
259.999045	gene 1.2	28
259.999045	gene 1.3	12
259.999045	gp-2	0
259.999045	lysozyme-3.5	0
259.999045	protein_kinase-0.7	51
259.999045	rbs	10
259.999045	ribosome	67
259.999045	rnapol-1	11
259.999045	rnapol-3.5	0
264.999024	E. coli B promoter	1
264.999024	E. coli C promoter	1
264.999024	E. coli promoter A1	1
264.999024	E. coli promoter A2	1
264.999024	E. coli promoter A3	1
264.999024	T7 promoter phi1.1A	1
264.999024	T7 promoter phi1.1B	1
264.999024	T7 promoter phi1.3	1
264.999024	T7 promoter phi1.5	0
264.999024	T7 promoter phi1.6	0
264.999024	T7 promoter phi10	0
264.999024	T7 promoter phi13	0
264.999024	T7 promoter phi17	0
264.999024	T7 promoter phi2.5	0
264.999024	T7 promoter phi3.8	0
264.999024	T7 promoter phi4.3	0
264.999024	T7 promoter phi4.7	0
264.999024	T7 promoter phi4c	0
264.999024	T7 promoter phi6.5	0
264.999024	T7 promoter phi9	0
264.999024	bound_ecolipol	285
264.999024	bound_ecolipol_p	1380
264.999024	bound_ribosome	39481
264.999024	degraded_transcript	4157
264.999024	ecoli_genome	135
264.999024	ecoli_transcript	14629
264.999024	ecolipol	1
264.999024	ecolipol-2	0
264.999024	ecolipol-2-p	0
264.999024	ecolipol-p	129
264.999024	gene 0.3	152
264.999024	gene 1.1	6
264.999024	gene 1.2	32
264.999024	gene 1.3	13
264.999024	gp-2	0
264.999024	lysozyme-3.5	0
264.999024	protein_kinase-0.7	55
264.999024	rbs	7
264.999024	ribosome	66
264.999024	rnapol-1	13
264.999024	rnapol-3.5	0
269.999003	E. coli B promoter	1
269.999003	E. coli C promoter	1
269.999003	E. coli promoter A1	1
269.999003	E. coli promoter A2	1
269.999003	E. coli promoter A3	1
269.999003	T7 promoter phi1.1A	1
269.999003	T7 promoter phi1.1B	1
269.999003	T7 promoter phi1.3	1
269.999003	T7 promoter phi1.5	0
269.999003	T7 promoter phi1.6	0
269.999003	T7 promoter phi10	0
269.999003	T7 promoter phi13	0
269.999003	T7 promoter phi17	0
269.999003	T7 promoter phi2.5	0
269.999003	T7 promoter phi3.8	0
269.999003	T7 promoter phi4.3	0
269.999003	T7 promoter phi4.7	0
269.999003	T7 promoter phi4c	0
269.999003	T7 promoter phi6.5	0
269.999003	T7 promoter phi9	0
269.999003	bound_ecolipol	244
269.999003	bound_ecolipol_p	1432
269.999003	bound_ribosome	39461
269.999003	degraded_transcript	4305
269.999003	ecoli_genome	124
269.999003	ecoli_transcript	14852
269.999003	ecolipol	3
269.999003	ecolipol-2	0
269.999003	ecolipol-2-p	0
269.999003	ecolipol-p	116
269.999003	gene 0.3	163
269.999003	gene 1.1	6
269.999003	gene 1.2	36
269.999003	gene 1.3	15
269.999003	gp-2	0
269.999003	lysozyme-3.5	0
269.999003	protein_kinase-0.7	57
269.999003	rbs	7
269.999003	ribosome	66
269.999003	rnapol-1	14
269.999003	rnapol-3.5	0
274.999021	E. coli B promoter	1
274.999021	E. coli C promoter	1
274.999021	E. coli promoter A1	1
274.999021	E. coli promoter A2	1
274.999021	E. coli promoter A3	1
274.999021	T7 promoter phi1.1A	1
274.999021	T7 promoter phi1.1B	1
274.999021	T7 promoter phi1.3	1
274.999021	T7 promoter phi1.5	0
274.999021	T7 promoter phi1.6	0
274.999021	T7 promoter phi10	0
274.999021	T7 promoter phi13	0
274.999021	T7 promoter phi17	0
274.999021	T7 promoter phi2.5	0
274.999021	T7 promoter phi3.8	0
274.999021	T7 promoter phi4.3	0
274.999021	T7 promoter phi4.7	0
274.999021	T7 promoter phi4c	0
274.999021	T7 promoter phi6.5	0
274.999021	T7 promoter phi9	0
274.999021	bound_ecolipol	216
274.999021	bound_ecolipol_p	1463
274.999021	bound_ribosome	39449
274.999021	degraded_transcript	4434
274.999021	ecoli_genome	121
274.999021	ecoli_transcript	15046
274.999021	ecolipol	1
274.999021	ecolipol-2	0
274.999021	ecolipol-2-p	0
274.999021	ecolipol-p	114
274.999021	gene 0.3	173
274.999021	gene 1.1	6
274.999021	gene 1.2	40
274.999021	gene 1.3	17
274.999021	gp-2	0
274.999021	lysozyme-3.5	0
274.999021	protein_kinase-0.7	63
274.999021	rbs	10
274.999021	ribosome	64
274.999021	rnapol-1	16
274.999021	rnapol-3.5	0
279.999133	E. coli B promoter	1
279.999133	E. coli C promoter	1
279.999133	E. coli promoter A1	1
279.999133	E. coli promoter A2	1
279.999133	E. coli promoter A3	1
279.999133	T7 promoter phi1.1A	1
279.999133	T7 promoter phi1.1B	1
279.999133	T7 promoter phi1.3	1
279.999133	T7 promoter phi1.5	0
279.999133	T7 promoter phi1.6	0
279.999133	T7 promoter phi10	0
279.999133	T7 promoter phi13	0
279.999133	T7 promoter phi17	0
279.999133	T7 promoter phi2.5	0
279.999133	T7 promoter phi3.8	0
279.999133	T7 promoter phi4.3	0
279.999133	T7 promoter phi4.7	0
279.999133	T7 promoter phi4c	0
279.999133	T7 promoter phi6.5	0
279.999133	T7 promoter phi9	0
279.999133	bound_ecolipol	185
279.999133	bound_ecolipol_p	1487
279.999133	bound_ribosome	39424
279.999133	degraded_transcript	4601
279.999133	ecoli_genome	128
279.999133	ecoli_transcript	15254
279.999133	ecolipol	4
279.999133	ecolipol-2	0
279.999133	ecolipol-2-p	0
279.999133	ecolipol-p	119
279.999133	gene 0.3	182
279.999133	gene 1.1	6
279.999133	gene 1.2	45
279.999133	gene 1.3	18
279.999133	gp-2	0
279.999133	lysozyme-3.5	0
279.999133	protein_kinase-0.7	68
279.999133	rbs	11
279.999133	ribosome	70
279.999133	rnapol-1	18
279.999133	rnapol-3.5	0
284.999110	E. coli B promoter	1
284.999110	E. coli C promoter	1
284.999110	E. coli promoter A1	1
284.999110	E. coli promoter A2	1
284.999110	E. coli promoter A3	0
284.999110	T7 promoter phi1.1A	1
284.999110	T7 promoter phi1.1B	1
284.999110	T7 promoter phi1.3	1
284.999110	T7 promoter phi1.5	0
284.999110	T7 promoter phi1.6	0
284.999110	T7 promoter phi10	0
284.999110	T7 promoter phi13	0
284.999110	T7 promoter phi17	0
284.999110	T7 promoter phi2.5	0
284.999110	T7 promoter phi3.8	0
284.999110	T7 promoter phi4.3	0
284.999110	T7 promoter phi4.7	0
284.999110	T7 promoter phi4c	0
284.999110	T7 promoter phi6.5	0
284.999110	T7 promoter phi9	0
284.999110	bound_ecolipol	163
284.999110	bound_ecolipol_p	1515
284.999110	bound_ribosome	39404
284.999110	degraded_transcript	4750
284.999110	ecoli_genome	122
284.999110	ecoli_transcript	15469
284.999110	ecolipol	1
284.999110	ecolipol-2	0
284.999110	ecolipol-2-p	0
284.999110	ecolipol-p	115
284.999110	gene 0.3	192
284.999110	gene 1.1	6
284.999110	gene 1.2	48
284.999110	gene 1.3	20
284.999110	gp-2	0
284.999110	lysozyme-3.5	0
284.999110	protein_kinase-0.7	73
284.999110	rbs	10
284.999110	ribosome	72
284.999110	rnapol-1	18
284.999110	rnapol-3.5	0
289.999007	E. coli B promoter	1
289.999007	E. coli C promoter	1
289.999007	E. coli promoter A1	1
289.999007	E. coli promoter A2	1
289.999007	E. coli promoter A3	1
289.999007	T7 promoter phi1.1A	1
289.999007	T7 promoter phi1.1B	1
289.999007	T7 promoter phi1.3	1
289.999007	T7 promoter phi1.5	0
289.999007	T7 promoter phi1.6	0
289.999007	T7 promoter phi10	0
289.999007	T7 promoter phi13	0
289.999007	T7 promoter phi17	0
289.999007	T7 promoter phi2.5	0
289.999007	T7 promoter phi3.8	0
289.999007	T7 promoter phi4.3	0
289.999007	T7 promoter phi4.7	0
289.999007	T7 promoter phi4c	0
289.999007	T7 promoter phi6.5	0
289.999007	T7 promoter phi9	0
289.999007	bound_ecolipol	142
289.999007	bound_ecolipol_p	1526
289.999007	bound_ribosome	39370
289.999007	degraded_transcript	4915
289.999007	ecoli_genome	132
289.999007	ecoli_transcript	15671
289.999007	ecolipol	1
289.999007	ecolipol-2	0
289.999007	ecolipol-2-p	0
289.999007	ecolipol-p	124
289.999007	gene 0.3	203
289.999007	gene 1.1	7
289.999007	gene 1.2	55
289.999007	gene 1.3	21
289.999007	gp-2	0
289.999007	lysozyme-3.5	0
289.999007	protein_kinase-0.7	79
289.999007	rbs	10
289.999007	ribosome	80
289.999007	rnapol-1	20
289.999007	rnapol-3.5	0
294.999094	E. coli B promoter	1
294.999094	E. coli C promoter	1
294.999094	E. coli promoter A1	1
294.999094	E. coli promoter A2	1
294.999094	E. coli promoter A3	1
294.999094	T7 promoter phi1.1A	1
294.999094	T7 promoter phi1.1B	1
294.999094	T7 promoter phi1.3	1
294.999094	T7 promoter phi1.5	1
294.999094	T7 promoter phi1.6	1
294.999094	T7 promoter phi10	0
294.999094	T7 promoter phi13	0
294.999094	T7 promoter phi17	0
294.999094	T7 promoter phi2.5	0
294.999094	T7 promoter phi3.8	0
294.999094	T7 promoter phi4.3	0
294.999094	T7 promoter phi4.7	0
294.999094	T7 promoter phi4c	0
294.999094	T7 promoter phi6.5	0
294.999094	T7 promoter phi9	0
294.999094	bound_ecolipol	127
294.999094	bound_ecolipol_p	1542
294.999094	bound_ribosome	39334
294.999094	degraded_transcript	5058
294.999094	ecoli_genome	131
294.999094	ecoli_transcript	15910
294.999094	ecolipol	0
294.999094	ecolipol-2	0
294.999094	ecolipol-2-p	0
294.999094	ecolipol-p	124
294.999094	gene 0.3	212
294.999094	gene 1.1	9
294.999094	gene 1.2	58
294.999094	gene 1.3	23
294.999094	gp-2	0
294.999094	lysozyme-3.5	0
294.999094	protein_kinase-0.7	82
294.999094	rbs	16
294.999094	ribosome	74
294.999094	rnapol-1	22
294.999094	rnapol-3.5	0
299.999024	E. coli B promoter	1
299.999024	E. coli C promoter	1
299.999024	E. coli promoter A1	1
299.999024	E. coli promoter A2	1
299.999024	E. coli promoter A3	1
299.999024	T7 promoter phi1.1A	1
299.999024	T7 promoter phi1.1B	1
299.999024	T7 promoter phi1.3	1
299.999024	T7 promoter phi1.5	1
299.999024	T7 promoter phi1.6	1
299.999024	T7 promoter phi10	0
299.999024	T7 promoter phi13	0
299.999024	T7 promoter phi17	0
299.999024	T7 promoter phi2.5	1
299.999024	T7 promoter phi3.8	0
299.999024	T7 promoter phi4.3	0
299.999024	T7 promoter phi4.7	0
299.999024	T7 promoter phi4c	0
299.999024	T7 promoter phi6.5	0
299.999024	T7 promoter phi9	0
299.999024	bound_ecolipol	112
299.999024	bound_ecolipol_p	1564
299.999024	bound_ribosome	39303
299.999024	degraded_transcript	5195
299.999024	ecoli_genome	124
299.999024	ecoli_transcript	16131
299.999024	ecolipol	2
299.999024	ecolipol-2	0
299.999024	ecolipol-2-p	0
299.999024	ecolipol-p	115
299.999024	gene 0.3	222
299.999024	gene 1.1	9
299.999024	gene 1.2	63
299.999024	gene 1.3	26
299.999024	gene 1.5	1
299.999024	gp-2	0
299.999024	lysozyme-3.5	0
299.999024	protein_kinase-0.7	86
299.999024	rbs	21
299.999024	ribosome	61
299.999024	rnapol-1	21
299.999024	rnapol-3.5	0
304.999047	E. coli B promoter	1
304.999047	E. coli C promoter	1
304.999047	E. coli promoter A1	1
304.999047	E. coli promoter A2	1
304.999047	E. coli promoter A3	1
304.999047	T7 promoter phi1.1A	1
304.999047	T7 promoter phi1.1B	1
304.999047	T7 promoter phi1.3	1
304.999047	T7 promoter phi1.5	1
304.999047	T7 promoter phi1.6	1
304.999047	T7 promoter phi10	0
304.999047	T7 promoter phi13	0
304.999047	T7 promoter phi17	0
304.999047	T7 promoter phi2.5	1
304.999047	T7 promoter phi3.8	0
304.999047	T7 promoter phi4.3	0
304.999047	T7 promoter phi4.7	0
304.999047	T7 promoter phi4c	0
304.999047	T7 promoter phi6.5	0
304.999047	T7 promoter phi9	0
304.999047	bound_ecolipol	98
304.999047	bound_ecolipol_p	1579
304.999047	bound_ribosome	39240
304.999047	degraded_transcript	5342
304.999047	ecoli_genome	123
304.999047	ecoli_transcript	16377
304.999047	ecolipol	1
304.999047	ecolipol-2	0
304.999047	ecolipol-2-p	0
304.999047	ecolipol-p	115
304.999047	gene 0.3	233
304.999047	gene 1.1	11
304.999047	gene 1.2	68
304.999047	gene 1.3	28
304.999047	gene 1.4	1
304.999047	gene 1.5	2
304.999047	gp-2	0
304.999047	lysozyme-3.5	0
304.999047	protein_kinase-0.7	91
304.999047	rbs	17
304.999047	ribosome	67
304.999047	rnapol-1	24
304.999047	rnapol-3.5	0
309.999071	E. coli B promoter	0
309.999071	E. coli C promoter	1
309.999071	E. coli promoter A1	1
309.999071	E. coli promoter A2	1
309.999071	E. coli promoter A3	1
309.999071	T7 promoter phi1.1A	1
309.999071	T7 promoter phi1.1B	1
309.999071	T7 promoter phi1.3	1
309.999071	T7 promoter phi1.5	1
309.999071	T7 promoter phi1.6	1
309.999071	T7 promoter phi10	0
309.999071	T7 promoter phi13	0
309.999071	T7 promoter phi17	0
309.999071	T7 promoter phi2.5	0
309.999071	T7 promoter phi3.8	1
309.999071	T7 promoter phi4.3	0
309.999071	T7 promoter phi4.7	0
309.999071	T7 promoter phi4c	0
309.999071	T7 promoter phi6.5	0
309.999071	T7 promoter phi9	0
309.999071	bound_ecolipol	83
309.999071	bound_ecolipol_p	1598
309.999071	bound_ribosome	39200
309.999071	degraded_transcript	5522
309.999071	ecoli_genome	119
309.999071	ecoli_transcript	16607
309.999071	ecolipol	0
309.999071	ecolipol-2	0
309.999071	ecolipol-2-p	0
309.999071	ecolipol-p	112
309.999071	gene 0.3	244
309.999071	gene 1.1	12
309.999071	gene 1.2	72
309.999071	gene 1.3	32
309.999071	gene 1.4	3
309.999071	gene 1.5	3
309.999071	gene 1.6	2
309.999071	gene 1.8	2
309.999071	gp-2	1
309.999071	lysozyme-3.5	0
309.999071	protein_kinase-0.7	96
309.999071	rbs	22
309.999071	ribosome	61
309.999071	rnapol-1	28
309.999071	rnapol-3.5	0
314.999001	E. coli B promoter	1
314.999001	E. coli C promoter	1
314.999001	E. coli promoter A1	1
314.999001	E. coli promoter A2	1
314.999001	E. coli promoter A3	1
314.999001	T7 promoter phi1.1A	1
314.999001	T7 promoter phi1.1B	0
314.999001	T7 promoter phi1.3	1
314.999001	T7 promoter phi1.5	1
314.999001	T7 promoter phi1.6	1
314.999001	T7 promoter phi10	0
314.999001	T7 promoter phi13	0
314.999001	T7 promoter phi17	0
314.999001	T7 promoter phi2.5	1
314.999001	T7 promoter phi3.8	1
314.999001	T7 promoter phi4.3	0
314.999001	T7 promoter phi4.7	0
314.999001	T7 promoter phi4c	1
314.999001	T7 promoter phi6.5	0
314.999001	T7 promoter phi9	0
314.999001	bound_ecolipol	69
314.999001	bound_ecolipol_p	1603
314.999001	bound_ribosome	39142
314.999001	degraded_transcript	5673
314.999001	ecoli_genome	128
314.999001	ecoli_transcript	16852
314.999001	ecolipol	0
314.999001	ecolipol-2	0
314.999001	ecolipol-2-p	2
314.999001	ecolipol-p	119
314.999001	gene 0.3	257
314.999001	gene 1.1	12
314.999001	gene 1.2	78
314.999001	gene 1.3	35
314.999001	gene 1.4	5
314.999001	gene 1.5	6
314.999001	gene 1.6	3
314.999001	gene 1.8	4
314.999001	gp-2	1
314.999001	lysozyme-3.5	0
314.999001	protein_kinase-0.7	102
314.999001	rbs	23
314.999001	ribosome	64
314.999001	rnapol-1	30
314.999001	rnapol-3.5	0
319.999032	E. coli B promoter	1
319.999032	E. coli C promoter	1
319.999032	E. coli promoter A1	1
319.999032	E. coli promoter A2	1
319.999032	E. coli promoter A3	1
319.999032	T7 promoter phi1.1A	1
319.999032	T7 promoter phi1.1B	1
319.999032	T7 promoter phi1.3	1
319.999032	T7 promoter phi1.5	1
319.999032	T7 promoter phi1.6	1
319.999032	T7 promoter phi10	0
319.999032	T7 promoter phi13	0
319.999032	T7 promoter phi17	0
319.999032	T7 promoter phi2.5	1
319.999032	T7 promoter phi3.8	1
319.999032	T7 promoter phi4.3	1
319.999032	T7 promoter phi4.7	1
319.999032	T7 promoter phi4c	1
319.999032	T7 promoter phi6.5	0
319.999032	T7 promoter phi9	0
319.999032	bound_ecolipol	56
319.999032	bound_ecolipol_p	1617
319.999032	bound_ribosome	39082
319.999032	degraded_transcript	5830
319.999032	ecoli_genome	127
319.999032	ecoli_transcript	17105
319.999032	ecolipol	1
319.999032	ecolipol-2	0
319.999032	ecolipol-2-p	4
319.999032	ecolipol-p	115
319.999032	gene 0.3	270
319.999032	gene 1.1	12
319.999032	gene 1.2	81
319.999032	gene 1.3	40
319.999032	gene 1.4	8
319.999032	gene 1.5	9
319.999032	gene 1.6	4
319.999032	gene 1.8	6
319.999032	gp-2	0
319.999032	lysozyme-3.5	0
319.999032	protein_kinase-0.7	106
319.999032	rbs	21
319.999032	ribosome	63
319.999032	rnapol-1	33
319.999032	rnapol-3.5	0
324.999029	E. coli B promoter	1
324.999029	E. coli C promoter	0
324.999029	E. coli promoter A1	1
324.999029	E. coli promoter A2	1
324.999029	E. coli promoter A3	1
324.999029	T7 promoter phi1.1A	1
324.999029	T7 promoter phi1.1B	1
324.999029	T7 promoter phi1.3	0
324.999029	T7 promoter phi1.5	1
324.999029	T7 promoter phi1.6	1
324.999029	T7 promoter phi10	0
324.999029	T7 promoter phi13	0
324.999029	T7 promoter phi17	0
324.999029	T7 promoter phi2.5	1
324.999029	T7 promoter phi3.8	1
324.999029	T7 promoter phi4.3	1
324.999029	T7 promoter phi4.7	1
324.999029	T7 promoter phi4c	1
324.999029	T7 promoter phi6.5	0
324.999029	T7 promoter phi9	0
324.999029	bound_ecolipol	45
324.999029	bound_ecolipol_p	1631
324.999029	bound_ribosome	39055
324.999029	degraded_transcript	6000
324.999029	ecoli_genome	124
324.999029	ecoli_transcript	17304
324.999029	ecolipol	0
324.999029	ecolipol-2	0
324.999029	ecolipol-2-p	6
324.999029	ecolipol-p	111
324.999029	gene 0.3	284
324.999029	gene 1.1	14
324.999029	gene 1.2	88
324.999029	gene 1.3	46
324.999029	gene 1.4	11
324.999029	gene 1.5	13
324.999029	gene 1.6	7
324.999029	gene 1.8	10
324.999029	gene 2.8	1
324.999029	gp-2	0
324.999029	lysozyme-3.5	0
324.999029	protein_kinase-0.7	112
324.999029	rbs	21
324.999029	ribosome	40
324.999029	rnapol-1	37
324.999029	rnapol-3.5	0
329.999056	E. coli B promoter	1
329.999056	E. coli C promoter	1
329.999056	E. coli promoter A1	1
329.999056	E. coli promoter A2	1
329.999056	E. coli promoter A3	1
329.999056	T7 promoter phi1.1A	1
329.999056	T7 promoter phi1.1B	1
329.999056	T7 promoter phi1.3	1
329.999056	T7 promoter phi1.5	1
329.999056	T7 promoter phi1.6	1
329.999056	T7 promoter phi10	0
329.999056	T7 promoter phi13	0
329.999056	T7 promoter phi17	0
329.999056	T7 promoter phi2.5	1
329.999056	T7 promoter phi3.8	1
329.999056	T7 promoter phi4.3	1
329.999056	T7 promoter phi4.7	1
329.999056	T7 promoter phi4c	1
329.999056	T7 promoter phi6.5	0
329.999056	T7 promoter phi9	0
329.999056	bound_ecolipol	38
329.999056	bound_ecolipol_p	1635
329.999056	bound_ribosome	38965
329.999056	degraded_transcript	6160
329.999056	ecoli_genome	127
329.999056	ecoli_transcript	17558
329.999056	ecolipol	0
329.999056	ecolipol-2	0
329.999056	ecolipol-2-p	7
329.999056	ecolipol-p	113
329.999056	gene 0.3	300
329.999056	gene 1.1	17
329.999056	gene 1.2	98
329.999056	gene 1.3	49
329.999056	gene 1.4	14
329.999056	gene 1.5	15
329.999056	gene 1.6	9
329.999056	gene 1.8	11
329.999056	gene 2.5	1
329.999056	gene 2.8	1
329.999056	gene 4.3	1
329.999056	gp-2	1
329.999056	lysozyme-3.5	0
329.999056	protein_kinase-0.7	119
329.999056	rbs	19
329.999056	ribosome	59
329.999056	rnapol-1	40
329.999056	rnapol-3.5	0
334.999003	E. coli B promoter	1
334.999003	E. coli C promoter	1
334.999003	E. coli promoter A1	1
334.999003	E. coli promoter A2	1
334.999003	E. coli promoter A3	1
334.999003	T7 promoter phi1.1A	1
334.999003	T7 promoter phi1.1B	1
334.999003	T7 promoter phi1.3	1
334.999003	T7 promoter phi1.5	1
334.999003	T7 promoter phi1.6	1
334.999003	T7 promoter phi10	0
334.999003	T7 promoter phi13	0
334.999003	T7 promoter phi17	0
334.999003	T7 promoter phi2.5	1
334.999003	T7 promoter phi3.8	1
334.999003	T7 promoter phi4.3	1
334.999003	T7 promoter phi4.7	1
334.999003	T7 promoter phi4c	1
334.999003	T7 promoter phi6.5	0
334.999003	T7 promoter phi9	0
334.999003	bound_ecolipol	33
334.999003	bound_ecolipol_p	1637
334.999003	bound_ribosome	38891
334.999003	degraded_transcript	6317
334.999003	ecoli_genome	130
334.999003	ecoli_transcript	17785
334.999003	ecolipol	0
334.999003	ecolipol-2	0
334.999003	ecolipol-2-p	6
334.999003	ecolipol-p	116
334.999003	gene 0.3	315
334.999003	gene 1.1	19
334.999003	gene 1.2	104
334.999003	gene 1.3	54
334.999003	gene 1.4	17
334.999003	gene 1.5	18
334.999003	gene 1.6	12
334.999003	gene 1.7	2
334.999003	gene 1.8	14
334.999003	gene 2.5	3
334.999003	gene 2.8	3
334.999003	gene 3.8	1
334.999003	gene 4.3	3
334.999003	gene 4.5	1
334.999003	gp-2	3
334.999003	lysozyme-3.5	1
334.999003	protein_kinase-0.7	125
334.999003	rbs	40
334.999003	ribosome	64
334.999003	rnapol-1	43
334.999003	rnapol-3.5	1
339.999128	E. coli B promoter	1
339.999128	E. coli C promoter	1
339.999128	E. coli promoter A1	1
339.999128	E. coli promoter A2	1
339.999128	E. coli promoter A3	1
339.999128	T7 promoter phi1.1A	1
339.999128	T7 promoter phi1.1B	1
339.999128	T7 promoter phi1.3	1
339.999128	T7 promoter phi1.5	1
339.999128	T7 promoter phi1.6	1
339.999128	T7 promoter phi10	0
339.999128	T7 promoter phi13	0
339.999128	T7 promoter phi17	0
339.999128	T7 promoter phi2.5	1
339.999128	T7 promoter phi3.8	1
339.999128	T7 promoter phi4.3	1
339.999128	T7 promoter phi4.7	1
339.999128	T7 promoter phi4c	1
339.999128	T7 promoter phi6.5	1
339.999128	T7 promoter phi9	0
339.999128	bound_ecolipol	30
339.999128	bound_ecolipol_p	1639
339.999128	bound_ribosome	38823
339.999128	degraded_transcript	6505
339.999128	ecoli_genome	131
339.999128	ecoli_transcript	18020
339.999128	ecolipol	0
339.999128	ecolipol-2	0
339.999128	ecolipol-2-p	11
339.999128	ecolipol-p	112
339.999128	gene 0.3	329
339.999128	gene 1.1	23
339.999128	gene 1.2	112
339.999128	gene 1.3	58
339.999128	gene 1.4	20
339.999128	gene 1.5	21
339.999128	gene 1.6	17
339.999128	gene 1.7	3
339.999128	gene 1.8	17
339.999128	gene 2.5	5
339.999128	gene 2.8	4
339.999128	gene 3	2
339.999128	gene 3.8	2
339.999128	gene 4.3	4
339.999128	gene 4.5	3
339.999128	gp-2	2
339.999128	lysozyme-3.5	2
339.999128	protein_kinase-0.7	130
339.999128	rbs	39
339.999128	ribosome	53
339.999128	rnapol-1	45
339.999128	rnapol-3.5	2
344.999036	E. coli B promoter	1
344.999036	E. coli C promoter	1
344.999036	E. coli promoter A1	1
344.999036	E. coli promoter A2	1
344.999036	E. coli promoter A3	1
344.999036	T7 promoter phi1.1A	1
344.999036	T7 promoter phi1.1B	1
344.999036	T7 promoter phi1.3	1
344.999036	T7 promoter phi1.5	1
344.999036	T7 promoter phi1.6	1
344.999036	T7 promoter phi10	0
344.999036	T7 promoter phi13	0
344.999036	T7 promoter phi17	0
344.999036	T7 promoter phi2.5	1
344.999036	T7 promoter phi3.8	1
344.999036	T7 promoter phi4.3	1
344.999036	T7 promoter phi4.7	1
344.999036	T7 promoter phi4c	0
344.999036	T7 promoter phi6.5	1
344.999036	T7 promoter phi9	0
344.999036	bound_ecolipol	20
344.999036	bound_ecolipol_p	1654
344.999036	bound_ribosome	38750
344.999036	degraded_transcript	6661
344.999036	ecoli_genome	126
344.999036	ecoli_transcript	18247
344.999036	ecolipol	0
344.999036	ecolipol-2	0
344.999036	ecolipol-2-p	13
344.999036	ecolipol-p	105
344.999036	gene 0.3	344
344.999036	gene 1.1	24
344.999036	gene 1.2	121
344.999036	gene 1.3	65
344.999036	gene 1.4	23
344.999036	gene 1.5	25
344.999036	gene 1.6	21
344.999036	gene 1.7	6
344.999036	gene 1.8	21
344.999036	gene 2.5	7
344.999036	gene 2.8	7
344.999036	gene 3	4
344.999036	gene 3.8	3
344.999036	gene 4.2	2
344.999036	gene 4.3	8
344.999036	gene 4.5	5
344.999036	gene 4.7	2
344.999036	gene 5.7	1
344.999036	gene 5.9	1
344.999036	gp-2	3
344.999036	lysozyme-3.5	5
344.999036	protein_kinase-0.7	135
344.999036	rbs	41
344.999036	ribosome	56
344.999036	rnapol-1	48
344.999036	rnapol-3.5	2
349.999008	E. coli B promoter	1
349.999008	E. coli C promoter	1
349.999008	E. coli promoter A1	1
349.999008	E. coli promoter A2	1
349.999008	E. coli promoter A3	1
349.999008	T7 promoter phi1.1A	0
349.999008	T7 promoter phi1.1B	0
349.999008	T7 promoter phi1.3	1
349.999008	T7 promoter phi1.5	1
349.999008	T7 promoter phi1.6	1
349.999008	T7 promoter phi10	0
349.999008	T7 promoter phi13	0
349.999008	T7 promoter phi17	0
349.999008	T7 promoter phi2.5	1
349.999008	T7 promoter phi3.8	1
349.999008	T7 promoter phi4.3	1
349.999008	T7 promoter phi4.7	1
349.999008	T7 promoter phi4c	1
349.999008	T7 promoter phi6.5	1
349.999008	T7 promoter phi9	0
349.999008	bound_ecolipol	19
349.999008	bound_ecolipol_p	1646
349.999008	bound_ribosome	38650
349.999008	degraded_transcript	6846
349.999008	ecoli_genome	135
349.999008	ecoli_transcript	18493
349.999008	ecolipol	0
349.999008	ecolipol-2	0
349.999008	ecolipol-2-p	15
349.999008	ecolipol-p	112
349.999008	gene 0.3	359
349.999008	gene 1.1	27
349.999008	gene 1.2	129
349.999008	gene 1.3	69
349.999008	gene 1.4	26
349.999008	gene 1.5	28
349.999008	gene 1.6	25
349.999008	gene 1.7	9
349.999008	gene 1.8	23
349.999008	gene 2.5	11
349.999008	gene 2.8	10
349.999008	gene 3	7
349.999008	gene 3.8	6
349.999008	gene 4.2	4
349.999008	gene 4.3	11
349.999008	gene 4.5	7
349.999008	gene 4.7	3
349.999008	gene 5.5	1
349.999008	gene 5.7	3
349.999008	gene 5.9	2
349.999008	gene 6.3	2
349.999008	gp-2	6
349.999008	lysozyme-3.5	7
349.999008	protein_kinase-0.7	144
349.999008	rbs	46
349.999008	ribosome	55
349.999008	rnapol-1	51
349.999008	rnapol-3.5	3
354.999026	E. coli B promoter	1
354.999026	E. coli C promoter	1
354.999026	E. coli promoter A1	1
354.999026	E. coli promoter A2	1
354.999026	E. coli promoter A3	1
354.999026	T7 promoter phi1.1A	1
354.999026	T7 promoter phi1.1B	1
354.999026	T7 promoter phi1.3	1
354.999026	T7 promoter phi1.5	1
354.999026	T7 promoter phi1.6	1
354.999026	T7 promoter phi10	0
354.999026	T7 promoter phi13	0
354.999026	T7 promoter phi17	0
354.999026	T7 promoter phi2.5	0
354.999026	T7 promoter phi3.8	1
354.999026	T7 promoter phi4.3	1
354.999026	T7 promoter phi4.7	1
354.999026	T7 promoter phi4c	1
354.999026	T7 promoter phi6.5	1
354.999026	T7 promoter phi9	1
354.999026	bound_ecolipol	14
354.999026	bound_ecolipol_p	1648
354.999026	bound_ribosome	38537
354.999026	degraded_transcript	7025
354.999026	ecoli_genome	138
354.999026	ecoli_transcript	18745
354.999026	ecolipol	0
354.999026	ecolipol-2	0
354.999026	ecolipol-2-p	22
354.999026	ecolipol-p	109
354.999026	gene 0.3	373
354.999026	gene 1.1	29
354.999026	gene 1.2	139
354.999026	gene 1.3	75
354.999026	gene 1.4	30
354.999026	gene 1.5	30
354.999026	gene 1.6	28
354.999026	gene 1.7	11
354.999026	gene 1.8	26
354.999026	gene 2.5	14
354.999026	gene 2.8	12
354.999026	gene 3	10
354.999026	gene 3.8	9
354.999026	gene 4.2	7
354.999026	gene 4.3	15
354.999026	gene 4.5	10
354.999026	gene 4.7	6
354.999026	gene 5.3	2
354.999026	gene 5.5	2
354.999026	gene 5.7	6
354.999026	gene 5.9	4
354.999026	gene 6.3	3
354.999026	gp-2	1
354.999026	lysozyme-3.5	8
354.999026	protein_kinase-0.7	150
354.999026	rbs	63
354.999026	ribosome	45
354.999026	rnapol-1	52
354.999026	rnapol-3.5	6
359.999004	E. coli B promoter	1
359.999004	E. coli C promoter	1
359.999004	E. coli promoter A1	0
359.999004	E. coli promoter A2	1
359.999004	E. coli promoter A3	1
359.999004	T7 promoter phi1.1A	1
359.999004	T7 promoter phi1.1B	1
359.999004	T7 promoter phi1.3	0
359.999004	T7 promoter phi1.5	1
359.999004	T7 promoter phi1.6	1
359.999004	T7 promoter phi10	1
359.999004	T7 promoter phi13	0
359.999004	T7 promoter phi17	0
359.999004	T7 promoter phi2.5	1
359.999004	T7 promoter phi3.8	1
359.999004	T7 promoter phi4.3	1
359.999004	T7 promoter phi4.7	1
359.999004	T7 promoter phi4c	1
359.999004	T7 promoter phi6.5	1
359.999004	T7 promoter phi9	1
359.999004	bound_ecolipol	12
359.999004	bound_ecolipol_p	1646
359.999004	bound_ribosome	38406
359.999004	degraded_transcript	7214
359.999004	ecoli_genome	142
359.999004	ecoli_transcript	19013
359.999004	ecolipol	0
359.999004	ecolipol-2	0
359.999004	ecolipol-2-p	25
359.999004	ecolipol-p	109
359.999004	gene 0.3	389
359.999004	gene 1.1	36
359.999004	gene 1.2	148
359.999004	gene 1.3	82
359.999004	gene 1.4	34
359.999004	gene 1.5	34
359.999004	gene 1.6	33
359.999004	gene 1.7	16
359.999004	gene 1.8	27
359.999004	gene 2.5	19
359.999004	gene 2.8	16
359.999004	gene 3	12
359.999004	gene 3.8	11
359.999004	gene 4.2	9
359.999004	gene 4.3	19
359.999004	gene 4.5	12
359.999004	gene 4.7	8
359.999004	gene 5.3	3
359.999004	gene 5.5	4
359.999004	gene 5.7	10
359.999004	gene 5.9	7
359.999004	gene 6.3	6
359.999004	gene 6.5	1
359.999004	gene 6.7	2
359.999004	gene 7.3	1
359.999004	gp-2	3
359.999004	lysozyme-3.5	10
359.999004	protein_kinase-0.7	159
359.999004	rbs	67
359.999004	ribosome	42
359.999004	rnapol-1	54
359.999004	rnapol-3.5	7
364.999003	E. coli B promoter	1
364.999003	E. coli C promoter	1
364.999003	E. coli promoter A1	1
364.999003	E. coli promoter A2	1
364.999003	E. coli promoter A3	0
364.999003	T7 promoter phi1.1A	1
364.999003	T7 promoter phi1.1B	1
364.999003	T7 promoter phi1.3	1
364.999003	T7 promoter phi1.5	1
364.999003	T7 promoter phi1.6	1
364.999003	T7 promoter phi10	1
364.999003	T7 promoter phi13	0
364.999003	T7 promoter phi17	0
364.999003	T7 promoter phi2.5	1
364.999003	T7 promoter phi3.8	1
364.999003	T7 promoter phi4.3	1
364.999003	T7 promoter phi4.7	1
364.999003	T7 promoter phi4c	1
364.999003	T7 promoter phi6.5	1
364.999003	T7 promoter phi9	1
364.999003	bound_ecolipol	11
364.999003	bound_ecolipol_p	1655
364.999003	bound_ribosome	38250
364.999003	degraded_transcript	7391
364.999003	ecoli_genome	134
364.999003	ecoli_transcript	19307
364.999003	ecolipol	0
364.999003	ecolipol-2	0
364.999003	ecolipol-2-p	28
364.999003	ecolipol-p	98
364.999003	gene 0.3	404
364.999003	gene 1.1	40
364.999003	gene 1.2	159
364.999003	gene 1.3	91
364.999003	gene 1.4	40
364.999003	gene 1.5	41
364.999003	gene 1.6	37
364.999003	gene 1.7	19
364.999003	gene 1.8	31
364.999003	gene 2.5	25
364.999003	gene 2.8	20
364.999003	gene 3	15
364.999003	gene 3.8	15
364.999003	gene 4.2	11
364.999003	gene 4.3	24
364.999003	gene 4.5	17
364.999003	gene 4.7	13
364.999003	gene 5.3	7
364.999003	gene 5.5	8
364.999003	gene 5.7	15
364.999003	gene 5.9	10
364.999003	gene 6.3	11
364.999003	gene 6.5	3
364.999003	gene 6.7	4
364.999003	gene 7.3	3
364.999003	gp-2	5
364.999003	lysozyme-3.5	8
364.999003	protein_kinase-0.7	167
364.999003	rbs	86
364.999003	ribosome	48
364.999003	rnapol-1	48
364.999003	rnapol-3.5	13
369.999006	E. coli B promoter	1
369.999006	E. coli C promoter	1
369.999006	E. coli promoter A1	1
369.999006	E. coli promoter A2	1
369.999006	E. coli promoter A3	1
369.999006	T7 promoter phi1.1A	1
369.999006	T7 promoter phi1.1B	1
369.999006	T7 promoter phi1.3	1
369.999006	T7 promoter phi1.5	1
369.999006	T7 promoter phi1.6	1
369.999006	T7 promoter phi10	1
369.999006	T7 promoter phi13	0
369.999006	T7 promoter phi17	0
369.999006	T7 promoter phi2.5	1
369.999006	T7 promoter phi3.8	1
369.999006	T7 promoter phi4.3	1
369.999006	T7 promoter phi4.7	1
369.999006	T7 promoter phi4c	1
369.999006	T7 promoter phi6.5	1
369.999006	T7 promoter phi9	1
369.999006	bound_ecolipol	8
369.999006	bound_ecolipol_p	1662
369.999006	bound_ribosome	38064
369.999006	degraded_transcript	7549
369.999006	ecoli_genome	130
369.999006	ecoli_transcript	19644
369.999006	ecolipol	0
369.999006	ecolipol-2	0
369.999006	ecolipol-2-p	32
369.999006	ecolipol-p	90
369.999006	gene 0.3	422
369.999006	gene 1.1	45
369.999006	gene 1.2	170
369.999006	gene 1.3	99
369.999006	gene 1.4	49
369.999006	gene 1.5	48
369.999006	gene 1.6	43
369.999006	gene 1.7	22
369.999006	gene 1.8	41
369.999006	gene 2.5	29
369.999006	gene 2.8	23
369.999006	gene 3	16
369.999006	gene 3.8	18
369.999006	gene 4.2	14
369.999006	gene 4.3	29
369.999006	gene 4.5	22
369.999006	gene 4.7	15
369.999006	gene 5.3	12
369.999006	gene 5.5	10
369.999006	gene 5.7	20
369.999006	gene 5.9	11
369.999006	gene 6.3	15
369.999006	gene 6.5	6
369.999006	gene 6.7	7
369.999006	gene 7	3
369.999006	gene 7.3	8
369.999006	gp-2	10
369.999006	lysozyme-3.5	13
369.999006	protein_kinase-0.7	176
369.999006	rbs	97
369.999006	ribosome	43
369.999006	rnapol-1	52
369.999006	rnapol-3.5	11
374.999036	E. coli B promoter	1
374.999036	E. coli C promoter	1
374.999036	E. coli promoter A1	1
374.999036	E. coli promoter A2	1
374.999036	E. coli promoter A3	1
374.999036	T7 promoter phi1.1A	1
374.999036	T7 promoter phi1.1B	1
374.999036	T7 promoter phi1.3	1
374.999036	T7 promoter phi1.5	1
374.999036	T7 promoter phi1.6	1
374.999036	T7 promoter phi10	0
374.999036	T7 promoter phi13	0
374.999036	T7 promoter phi17	0
374.999036	T7 promoter phi2.5	1
374.999036	T7 promoter phi3.8	1
374.999036	T7 promoter phi4.3	1
374.999036	T7 promoter phi4.7	1
374.999036	T7 promoter phi4c	1
374.999036	T7 promoter phi6.5	1
374.999036	T7 promoter phi9	1
374.999036	bound_ecolipol	7
374.999036	bound_ecolipol_p	1651
374.999036	bound_ribosome	37858
374.999036	degraded_transcript	7735
374.999036	ecoli_genome	142
374.999036	ecoli_transcript	19983
374.999036	ecolipol	0
374.999036	ecolipol-2	0
374.999036	ecolipol-2-p	43
374.999036	ecolipol-p	91
374.999036	gene 0.3	439
374.999036	gene 1.1	47
374.999036	gene 1.2	180
374.999036	gene 1.3	105
374.999036	gene 1.4	55
374.999036	gene 1.5	55
374.999036	gene 1.6	52
374.999036	gene 1.7	27
374.999036	gene 1.8	51
374.999036	gene 2.5	35
374.999036	gene 2.8	27
374.999036	gene 3	20
374.999036	gene 3.8	24
374.999036	gene 4.2	19
374.999036	gene 4.3	35
374.999036	gene 4.5	26
374.999036	gene 4.7	19
374.999036	gene 5.3	16
374.999036	gene 5.5	14
374.999036	gene 5.7	23
374.999036	gene 5.9	13
374.999036	gene 6.3	20
374.999036	gene 6.5	11
374.999036	gene 6.7	13
374.999036	gene 7	5
374.999036	gene 7.3	14
374.999036	gene 7.7	2
374.999036	gp-2	10
374.999036	lysozyme-3.5	15
374.999036	protein_kinase-0.7	183
374.999036	rbs	110
374.999036	ribosome	54
374.999036	rnapol-1	51
374.999036	rnapol-3.5	14
379.999031	E. coli B promoter	1
379.999031	E. coli C promoter	1
379.999031	E. coli promoter A1	1
379.999031	E. coli promoter A2	1
379.999031	E. coli promoter A3	1
379.999031	T7 promoter phi1.1A	1
379.999031	T7 promoter phi1.1B	1
379.999031	T7 promoter phi1.3	1
379.999031	T7 promoter phi1.5	1
379.999031	T7 promoter phi1.6	1
379.999031	T7 promoter phi10	1
379.999031	T7 promoter phi13	0
379.999031	T7 promoter phi17	0
379.999031	T7 promoter phi2.5	1
379.999031	T7 promoter phi3.8	1
379.999031	T7 promoter phi4.3	1
379.999031	T7 promoter phi4.7	1
379.999031	T7 promoter phi4c	1
379.999031	T7 promoter phi6.5	1
379.999031	T7 promoter phi9	1
379.999031	bound_ecolipol	7
379.999031	bound_ecolipol_p	1637
379.999031	bound_ribosome	37635
379.999031	degraded_transcript	7898
379.999031	ecoli_genome	156
379.999031	ecoli_transcript	20381
379.999031	ecolipol	0
379.999031	ecolipol-2	0
379.999031	ecolipol-2-p	52
379.999031	ecolipol-p	96
379.999031	gene 0.3	454
379.999031	gene 1.1	51
379.999031	gene 1.2	193
379.999031	gene 1.3	113
379.999031	gene 1.4	63
379.999031	gene 1.5	63
379.999031	gene 1.6	62
379.999031	gene 1.7	32
379.999031	gene 1.8	63
379.999031	gene 2.5	42
379.999031	gene 2.8	32
379.999031	gene 3	21
379.999031	gene 3.8	28
379.999031	gene 4.2	23
379.999031	gene 4.3	43
379.999031	gene 4.5	30
379.999031	gene 4.7	25
379.999031	gene 5.3	21
379.999031	gene 5.5	18
379.999031	gene 5.7	26
379.999031	gene 5.9	15
379.999031	gene 6.3	27
379.999031	gene 6.5	14
379.999031	gene 6.7	17
379.999031	gene 7	9
379.999031	gene 7.3	21
379.999031	gene 7.7	5
379.999031	gp-2	10
379.999031	lysozyme-3.5	17
379.999031	protein_kinase-0.7	189
379.999031	rbs	130
379.999031	ribosome	37
379.999031	rnapol-1	57
379.999031	rnapol-3.5	10
384.999006	E. coli B promoter	1
384.999006	E. coli C promoter	1
384.999006	E. coli promoter A1	1
384.999006	E. coli promoter A2	1
384.999006	E. coli promoter A3	1
384.999006	T7 promoter phi1.1A	0
384.999006	T7 promoter phi1.1B	1
384.999006	T7 promoter phi1.3	1
384.999006	T7 promoter phi1.5	1
384.999006	T7 promoter phi1.6	0
384.999006	T7 promoter phi10	1
384.999006	T7 promoter phi13	1
384.999006	T7 promoter phi17	0
384.999006	T7 promoter phi2.5	1
384.999006	T7 promoter phi3.8	1
384.999006	T7 promoter phi4.3	1
384.999006	T7 promoter phi4.7	1
384.999006	T7 promoter phi4c	0
384.999006	T7 promoter phi6.5	1
384.999006	T7 promoter phi9	1
384.999006	bound_ecolipol	4
384.999006	bound_ecolipol_p	1630
384.999006	bound_ribosome	37388
384.999006	degraded_transcript	8069
384.999006	ecoli_genome	166
384.999006	ecoli_transcript	20797
384.999006	ecolipol	0
384.999006	ecolipol-2	0
384.999006	ecolipol-2-p	59
384.999006	ecolipol-p	100
384.999006	gene 0.3	474
384.999006	gene 1.1	54
384.999006	gene 1.2	209
384.999006	gene 1.3	122
384.999006	gene 1.4	72
384.999006	gene 1.5	68
384.999006	gene 1.6	72
384.999006	gene 1.7	36
384.999006	gene 1.8	72
384.999006	gene 2.5	49
384.999006	gene 2.8	39
384.999006	gene 3	26
384.999006	gene 3.8	33
384.999006	gene 4.2	26
384.999006	gene 4.3	50
384.999006	gene 4.5	36
384.999006	gene 4.7	30
384.999006	gene 5.3	27
384.999006	gene 5.5	24
384.999006	gene 5.7	32
384.999006	gene 5.9	19
384.999006	gene 6	1
384.999006	gene 6.3	33
384.999006	gene 6.5	19
384.999006	gene 6.7	22
384.999006	gene 7	15
384.999006	gene 7.3	26
384.999006	gene 7.7	8
384.999006	gp-2	16
384.999006	lysozyme-3.5	16
384.999006	protein_kinase-0.7	197
384.999006	rbs	147
384.999006	ribosome	37
384.999006	rnapol-1	53
384.999006	rnapol-3.5	18
389.999014	E. coli B promoter	1
389.999014	E. coli C promoter	1
389.999014	E. coli promoter A1	1
389.999014	E. coli promoter A2	1
389.999014	E. coli promoter A3	1
389.999014	T7 promoter phi1.1A	1
389.999014	T7 promoter phi1.1B	1
389.999014	T7 promoter phi1.3	1
389.999014	T7 promoter phi1.5	1
389.999014	T7 promoter phi1.6	1
389.999014	T7 promoter phi10	1
389.999014	T7 promoter phi13	1
389.999014	T7 promoter phi17	0
389.999014	T7 promoter phi2.5	1
389.999014	T7 promoter phi3.8	1
389.999014	T7 promoter phi4.3	1
389.999014	T7 promoter phi4.7	1
389.999014	T7 promoter phi4c	1
389.999014	T7 promoter phi6.5	1
389.999014	T7 promoter phi9	1
389.999014	bound_ecolipol	4
389.999014	bound_ecolipol_p	1636
389.999014	bound_ribosome	37112
389.999014	degraded_transcript	8297
389.999014	ecoli_genome	160
389.999014	ecoli_transcript	21156
389.999014	ecolipol	0
389.999014	ecolipol-2	0
389.999014	ecolipol-2-p	69
389.999014	ecolipol-p	85
389.999014	gene 0.3	490
389.999014	gene 1.1	59
389.999014	gene 1.2	223
389.999014	gene 1.3	131
389.999014	gene 1.4	80
389.999014	gene 1.5	77
389.999014	gene 1.6	85
389.999014	gene 1.7	43
389.999014	gene 1.8	85
389.999014	gene 2.5	60
389.999014	gene 2.8	49
389.999014	gene 3	29
389.999014	gene 3.8	39
389.999014	gene 4.2	32
389.999014	gene 4.3	62
389.999014	gene 4.5	44
389.999014	gene 4.7	35
389.999014	gene 5.3	33
389.999014	gene 5.5	31
389.999014	gene 5.7	36
389.999014	gene 5.9	26
389.999014	gene 6	2
389.999014	gene 6.3	39
389.999014	gene 6.5	24
389.999014	gene 6.7	27
389.999014	gene 7	20
389.999014	gene 7.3	32
389.999014	gene 7.7	13
389.999014	gp-2	16
389.999014	lysozyme-3.5	22
389.999014	protein_kinase-0.7	207
389.999014	rbs	138
389.999014	ribosome	35
389.999014	rnapol-1	55
389.999014	rnapol-3.5	22
394.999019	E. coli B promoter	1
394.999019	E. coli C promoter	1
394.999019	E. coli promoter A1	1
394.999019	E. coli promoter A2	1
394.999019	E. coli promoter A3	1
394.999019	T7 promoter phi1.1A	1
394.999019	T7 promoter phi1.1B	1
394.999019	T7 promoter phi1.3	1
394.999019	T7 promoter phi1.5	1
394.999019	T7 promoter phi1.6	1
394.999019	T7 promoter phi10	1
394.999019	T7 promoter phi13	1
394.999019	T7 promoter phi17	0
394.999019	T7 promoter phi2.5	1
394.999019	T7 promoter phi3.8	1
394.999019	T7 promoter phi4.3	1
394.999019	T7 promoter phi4.7	1
394.999019	T7 promoter phi4c	1
394.999019	T7 promoter phi6.5	1
394.999019	T7 promoter phi9	1
394.999019	bound_ecolipol	3
394.999019	bound_ecolipol_p	1629
394.999019	bound_ribosome	36827
394.999019	degraded_transcript	8516
394.999019	ecoli_genome	168
394.999019	ecoli_transcript	21545
394.999019	ecolipol	0
394.999019	ecolipol-2	0
394.999019	ecolipol-2-p	83
394.999019	ecolipol-p	80
394.999019	gene 0.3	507
394.999019	gene 1.1	63
394.999019	gene 1.2	238
394.999019	gene 1.3	142
394.999019	gene 1.4	88
394.999019	gene 1.5	83
394.999019	gene 1.6	95
394.999019	gene 1.7	51
394.999019	gene 1.8	94
394.999019	gene 2.5	71
394.999019	gene 2.8	61
394.999019	gene 3	37
394.999019	gene 3.8	51
394.999019	gene 4.2	36
394.999019	gene 4.3	72
394.999019	gene 4.5	56
394.999019	gene 4.7	42
394.999019	gene 5.3	37
394.999019	gene 5.5	37
394.999019	gene 5.7	42
394.999019	gene 5.9	31
394.999019	gene 6	3
394.999019	gene 6.3	44
394.999019	gene 6.5	29
394.999019	gene 6.7	35
394.999019	gene 7	25
394.999019	gene 7.3	39
394.999019	gene 7.7	19
394.999019	gp-2	16
394.999019	lysozyme-3.5	35
394.999019	protein_kinase-0.7	219
394.999019	rbs	198
394.999019	ribosome	49
394.999019	rnapol-1	52
394.999019	rnapol-3.5	22
399.999026	E. coli B promoter	1
399.999026	E. coli C promoter	1
399.999026	E. coli promoter A1	1
399.999026	E. coli promoter A2	1
399.999026	E. coli promoter A3	1
399.999026	T7 promoter phi1.1A	1
399.999026	T7 promoter phi1.1B	0
399.999026	T7 promoter phi1.3	0
399.999026	T7 promoter phi1.5	1
399.999026	T7 promoter phi1.6	1
399.999026	T7 promoter phi10	1
399.999026	T7 promoter phi13	1
399.999026	T7 promoter phi17	0
399.999026	T7 promoter phi2.5	1
399.999026	T7 promoter phi3.8	1
399.999026	T7 promoter phi4.3	1
399.999026	T7 promoter phi4.7	1
399.999026	T7 promoter phi4c	1
399.999026	T7 promoter phi6.5	0
399.999026	T7 promoter phi9	1
399.999026	bound_ecolipol	3
399.999026	bound_ecolipol_p	1641
399.999026	bound_ribosome	36509
399.999026	degraded_transcript	8726
399.999026	ecoli_genome	156
399.999026	ecoli_transcript	21963
399.999026	ecolipol	0
399.999026	ecolipol-2	0
399.999026	ecolipol-2-p	86
399.999026	ecolipol-p	65
399.999026	gene 0.3	525
399.999026	gene 1.1	67
399.999026	gene 1.2	255
399.999026	gene 1.3	156
399.999026	gene 1.4	96
399.999026	gene 1.5	91
399.999026	gene 1.6	108
399.999026	gene 1.7	63
399.999026	gene 1.8	102
399.999026	gene 2.5	89
399.999026	gene 2.8	72
399.999026	gene 3	45
399.999026	gene 3.8	60
399.999026	gene 4.2	44
399.999026	gene 4.3	89
399.999026	gene 4.5	67
399.999026	gene 4.7	54
399.999026	gene 5.3	43
399.999026	gene 5.5	42
399.999026	gene 5.7	46
399.999026	gene 5.9	36
399.999026	gene 6	5
399.999026	gene 6.3	52
399.999026	gene 6.5	39
399.999026	gene 6.7	45
399.999026	gene 7	32
399.999026	gene 7.3	46
399.999026	gene 7.7	26
399.999026	gp-2	23
399.999026	lysozyme-3.5	41
399.999026	protein_kinase-0.7	229
399.999026	rbs	197
399.999026	ribosome	44
399.999026	rnapol-1	52
399.999026	rnapol-3.5	27
404.999003	E. coli B promoter	1
404.999003	E. coli C promoter	1
404.999003	E. coli promoter A1	1
404.999003	E. coli promoter A2	1
404.999003	E. coli promoter A3	1
404.999003	T7 promoter phi1.1A	1
404.999003	T7 promoter phi1.1B	0
404.999003	T7 promoter phi1.3	1
404.999003	T7 promoter phi1.5	1
404.999003	T7 promoter phi1.6	0
404.999003	T7 promoter phi10	0
404.999003	T7 promoter phi13	1
404.999003	T7 promoter phi17	0
404.999003	T7 promoter phi2.5	1
404.999003	T7 promoter phi3.8	1
404.999003	T7 promoter phi4.3	1
404.999003	T7 promoter phi4.7	1
404.999003	T7 promoter phi4c	1
404.999003	T7 promoter phi6.5	1
404.999003	T7 promoter phi9	1
404.999003	bound_ecolipol	2
404.999003	bound_ecolipol_p	1626
404.999003	bound_ribosome	36185
404.999003	degraded_transcript	8915
404.999003	ecoli_genome	172
404.999003	ecoli_transcript	22411
404.999003	ecolipol	0
404.999003	ecolipol-2	0
404.999003	ecolipol-2-p	99
404.999003	ecolipol-p	68
404.999003	gene 0.3	545
404.999003	gene 1.1	73
404.999003	gene 1.2	269
404.999003	gene 1.3	168
404.999003	gene 1.4	106
404.999003	gene 1.5	99
404.999003	gene 1.6	120
404.999003	gene 1.7	76
404.999003	gene 1.8	112
404.999003	gene 11	1
404.999003	gene 2.5	108
404.999003	gene 2.8	88
404.999003	gene 3	54
404.999003	gene 3.8	71
404.999003	gene 4.2	52
404.999003	gene 4.3	104
404.999003	gene 4.5	80
404.999003	gene 4.7	67
404.999003	gene 5.3	55
404.999003	gene 5.5	50
404.999003	gene 5.7	55
404.999003	gene 5.9	45
404.999003	gene 6	7
404.999003	gene 6.3	58
404.999003	gene 6.5	47
404.999003	gene 6.7	50
404.999003	gene 7	39
404.999003	gene 7.3	58
404.999003	gene 7.7	33
404.999003	gene 9	1
404.999003	gp-2	22
404.999003	lysozyme-3.5	50
404.999003	protein_kinase-0.7	244
404.999003	rbs	229
404.999003	ribosome	49
404.999003	rnapol-1	47
404.999003	rnapol-3.5	29
409.999020	E. coli B promoter	1
409.999020	E. coli C promoter	1
409.999020	E. coli promoter A1	1
409.999020	E. coli promoter A2	1
409.999020	E. coli promoter A3	1
409.999020	T7 promoter phi1.1A	1
409.999020	T7 promoter phi1.1B	1
409.999020	T7 promoter phi1.3	1
409.999020	T7 promoter phi1.5	1
409.999020	T7 promoter phi1.6	1
409.999020	T7 promoter phi10	1
409.999020	T7 promoter phi13	1
409.999020	T7 promoter phi17	0
409.999020	T7 promoter phi2.5	1
409.999020	T7 promoter phi3.8	1
409.999020	T7 promoter phi4.3	1
409.999020	T7 promoter phi4.7	1
409.999020	T7 promoter phi4c	1
409.999020	T7 promoter phi6.5	1
409.999020	T7 promoter phi9	1
409.999020	bound_ecolipol	1
409.999020	bound_ecolipol_p	1621
409.999020	bound_ribosome	35853
409.999020	degraded_transcript	9133
409.999020	ecoli_genome	178
409.999020	ecoli_transcript	22842
409.999020	ecolipol	0
409.999020	ecolipol-2	0
409.999020	ecolipol-2-p	100
409.999020	ecolipol-p	73
409.999020	gene 0.3	564
409.999020	gene 1.1	81
409.999020	gene 1.2	285
409.999020	gene 1.3	182
409.999020	gene 1.4	113
409.999020	gene 1.5	107
409.999020	gene 1.6	136
409.999020	gene 1.7	87
409.999020	gene 1.8	122
409.999020	gene 10A	4
409.999020	gene 11	6
409.999020	gene 13	1
409.999020	gene 2.5	128
409.999020	gene 2.8	101
409.999020	gene 3	64
409.999020	gene 3.8	83
409.999020	gene 4.2	65
409.999020	gene 4.3	123
409.999020	gene 4.5	96
409.999020	gene 4.7	81
409.999020	gene 5.3	63
409.999020	gene 5.5	59
409.999020	gene 5.7	66
409.999020	gene 5.9	56
409.999020	gene 6	8
409.999020	gene 6.3	70
409.999020	gene 6.5	57
409.999020	gene 6.7	62
409.999020	gene 7	49
409.999020	gene 7.3	69
409.999020	gene 7.7	39
409.999020	gene 9	3
409.999020	gp-2	38
409.999020	lysozyme-3.5	58
409.999020	protein_kinase-0.7	256
409.999020	rbs	251
409.999020	ribosome	42
409.999020	rnapol-1	47
409.999020	rnapol-3.5	40
414.999003	E. coli B promoter	1
414.999003	E. coli C promoter	1
414.999003	E. coli promoter A1	1
414.999003	E. coli promoter A2	0
414.999003	E. coli promoter A3	1
414.999003	T7 promoter phi1.1A	1
414.999003	T7 promoter phi1.1B	1
414.999003	T7 promoter phi1.3	0
414.999003	T7 promoter phi1.5	1
414.999003	T7 promoter phi1.6	1
414.999003	T7 promoter phi10	0
414.999003	T7 promoter phi13	1
414.999003	T7 promoter phi17	1
414.999003	T7 promoter phi2.5	1
414.999003	T7 promoter phi3.8	1
414.999003	T7 promoter phi4.3	1
414.999003	T7 promoter phi4.7	1
414.999003	T7 promoter phi4c	1
414.999003	T7 promoter phi6.5	1
414.999003	T7 promoter phi9	0
414.999003	bound_ecolipol	1
414.999003	bound_ecolipol_p	1609
414.999003	bound_ribosome	35517
414.999003	degraded_transcript	9344
414.999003	ecoli_genome	190
414.999003	ecoli_transcript	23271
414.999003	ecolipol	0
414.999003	ecolipol-2	0
414.999003	ecolipol-2-p	122
414.999003	ecolipol-p	62
414.999003	gene 0.3	580
414.999003	gene 1.1	88
414.999003	gene 1.2	301
414.999003	gene 1.3	196
414.999003	gene 1.4	124
414.999003	gene 1.5	115
414.999003	gene 1.6	153
414.999003	gene 1.7	97
414.999003	gene 1.8	132
414.999003	gene 10A	8
414.999003	gene 11	9
414.999003	gene 13	3
414.999003	gene 2.5	147
414.999003	gene 2.8	113
414.999003	gene 3	72
414.999003	gene 3.8	101
414.999003	gene 4.2	77
414.999003	gene 4.3	142
414.999003	gene 4.5	114
414.999003	gene 4.7	97
414.999003	gene 4A	1
414.999003	gene 5.3	76
414.999003	gene 5.5	70
414.999003	gene 5.7	75
414.999003	gene 5.9	65
414.999003	gene 6	9
414.999003	gene 6.3	81
414.999003	gene 6.5	68
414.999003	gene 6.7	75
414.999003	gene 7	57
414.999003	gene 7.3	84
414.999003	gene 7.7	51
414.999003	gene 9	7
414.999003	gp-2	28
414.999003	lysozyme-3.5	59
414.999003	protein_kinase-0.7	271
414.999003	rbs	290
414.999003	ribosome	49
414.999003	rnapol-1	41
414.999003	rnapol-3.5	45
419.999000	E. coli B promoter	1
419.999000	E. coli C promoter	1
419.999000	E. coli promoter A1	1
419.999000	E. coli promoter A2	1
419.999000	E. coli promoter A3	1
419.999000	T7 promoter phi1.1A	1
419.999000	T7 promoter phi1.1B	1
419.999000	T7 promoter phi1.3	1
419.999000	T7 promoter phi1.5	1
419.999000	T7 promoter phi1.6	1
419.999000	T7 promoter phi10	1
419.999000	T7 promoter phi13	1
419.999000	T7 promoter phi17	1
419.999000	T7 promoter phi2.5	1
419.999000	T7 promoter phi3.8	1
419.999000	T7 promoter phi4.3	1
419.999000	T7 promoter phi4.7	1
419.999000	T7 promoter phi4c	1
419.999000	T7 promoter phi6.5	1
419.999000	T7 promoter phi9	1
419.999000	bound_ecolipol	1
419.999000	bound_ecolipol_p	1589
419.999000	bound_ribosome	35161
419.999000	degraded_transcript	9572
419.999000	ecoli_genome	210
419.999000	ecoli_transcript	23699
419.999000	ecolipol	0
419.999000	ecolipol-2	0
419.999000	ecolipol-2-p	136
419.999000	ecolipol-p	68
419.999000	gene 0.3	598
419.999000	gene 1.1	93
419.999000	gene 1.2	321
419.999000	gene 1.3	211
419.999000	gene 1.4	135
419.999000	gene 1.5	123
419.999000	gene 1.6	167
419.999000	gene 1.7	114
419.999000	gene 1.8	139
419.999000	gene 10A	28
419.999000	gene 11	15
419.999000	gene 13	8
419.999000	gene 2.5	164
419.999000	gene 2.8	125
419.999000	gene 3	83
419.999000	gene 3.8	115
419.999000	gene 4.2	91
419.999000	gene 4.3	162
419.999000	gene 4.5	134
419.999000	gene 4.7	115
419.999000	gene 4A	1
419.999000	gene 5.3	91
419.999000	gene 5.5	81
419.999000	gene 5.7	90
419.999000	gene 5.9	77
419.999000	gene 6	14
419.999000	gene 6.3	95
419.999000	gene 6.5	82
419.999000	gene 6.7	86
419.999000	gene 7	70
419.999000	gene 7.3	98
419.999000	gene 7.7	61
419.999000	gene 9	12
419.999000	gp-2	30
419.999000	lysozyme-3.5	66
419.999000	protein_kinase-0.7	282
419.999000	rbs	317
419.999000	ribosome	35
419.999000	rnapol-1	40
419.999000	rnapol-3.5	55
424.999006	E. coli B promoter	1
424.999006	E. coli C promoter	1
424.999006	E. coli promoter A1	1
424.999006	E. coli promoter A2	1
424.999006	E. coli promoter A3	1
424.999006	T7 promoter phi1.1A	1
424.999006	T7 promoter phi1.1B	1
424.999006	T7 promoter phi1.3	1
424.999006	T7 promoter phi1.5	1
424.999006	T7 promoter phi1.6	1
424.999006	T7 promoter phi10	0
424.999006	T7 promoter phi13	1
424.999006	T7 promoter phi17	1
424.999006	T7 promoter phi2.5	1
424.999006	T7 promoter phi3.8	1
424.999006	T7 promoter phi4.3	1
424.999006	T7 promoter phi4.7	1
424.999006	T7 promoter phi4c	1
424.999006	T7 promoter phi6.5	1
424.999006	T7 promoter phi9	1
424.999006	bound_ecolipol	1
424.999006	bound_ecolipol_p	1586
424.999006	bound_ribosome	34758
424.999006	degraded_transcript	9806
424.999006	ecoli_genome	213
424.999006	ecoli_transcript	24185
424.999006	ecolipol	0
424.999006	ecolipol-2	0
424.999006	ecolipol-2-p	142
424.999006	ecolipol-p	65
424.999006	gene 0.3	617
424.999006	gene 1.1	99
424.999006	gene 1.2	338
424.999006	gene 1.3	227
424.999006	gene 1.4	144
424.999006	gene 1.5	129
424.999006	gene 1.6	182
424.999006	gene 1.7	128
424.999006	gene 1.8	151
424.999006	gene 10A	50
424.999006	gene 11	25
424.999006	gene 13	11
424.999006	gene 14	2
424.999006	gene 2.5	191
424.999006	gene 2.8	139
424.999006	gene 3	88
424.999006	gene 3.8	131
424.999006	gene 4.2	105
424.999006	gene 4.3	181
424.999006	gene 4.5	153
424.999006	gene 4.7	132
424.999006	gene 4A	3
424.999006	gene 5.3	108
424.999006	gene 5.5	96
424.999006	gene 5.7	108
424.999006	gene 5.9	90
424.999006	gene 6	18
424.999006	gene 6.3	105
424.999006	gene 6.5	98
424.999006	gene 6.7	99
424.999006	gene 7	81
424.999006	gene 7.3	117
424.999006	gene 7.7	74
424.999006	gene 9	22
424.999006	gp-2	39
424.999006	lysozyme-3.5	75
424.999006	protein_kinase-0.7	295
424.999006	rbs	322
424.999006	ribosome	34
424.999006	rnapol-1	38
424.999006	rnapol-3.5	59
429.999005	E. coli B promoter	1
429.999005	E. coli C promoter	1
429.999005	E. coli promoter A1	1
429.999005	E. coli promoter A2	1
429.999005	E. coli promoter A3	1
429.999005	T7 promoter phi1.1A	1
429.999005	T7 promoter phi1.1B	1
429.999005	T7 promoter phi1.3	1
429.999005	T7 promoter phi1.5	1
429.999005	T7 promoter phi1.6	1
429.999005	T7 promoter phi10	0
429.999005	T7 promoter phi13	1
429.999005	T7 promoter phi17	1
429.999005	T7 promoter phi2.5	1
429.999005	T7 promoter phi3.8	1
429.999005	T7 promoter phi4.3	1
429.999005	T7 promoter phi4.7	1
429.999005	T7 promoter phi4c	1
429.999005	T7 promoter phi6.5	1
429.999005	T7 promoter phi9	1
429.999005	bound_ecolipol	1
429.999005	bound_ecolipol_p	1580
429.999005	bound_ribosome	34395
429.999005	degraded_transcript	10022
429.999005	ecoli_genome	219
429.999005	ecoli_transcript	24666
429.999005	ecolipol	0
429.999005	ecolipol-2	0
429.999005	ecolipol-2-p	153
429.999005	ecolipol-p	61
429.999005	gene 0.3	633
429.999005	gene 1.1	102
429.999005	gene 1.2	357
429.999005	gene 1.3	246
429.999005	gene 1.4	154
429.999005	gene 1.5	138
429.999005	gene 1.6	197
429.999005	gene 1.7	144
429.999005	gene 1.8	159
429.999005	gene 10A	83
429.999005	gene 11	32
429.999005	gene 13	18
429.999005	gene 14	8
429.999005	gene 2.5	214
429.999005	gene 2.8	156
429.999005	gene 3	98
429.999005	gene 3.8	148
429.999005	gene 4.2	120
429.999005	gene 4.3	206
429.999005	gene 4.5	173
429.999005	gene 4.7	153
429.999005	gene 4A	5
429.999005	gene 5.3	124
429.999005	gene 5.5	113
429.999005	gene 5.7	120
429.999005	gene 5.9	101
429.999005	gene 6	22
429.999005	gene 6.3	121
429.999005	gene 6.5	114
429.999005	gene 6.7	117
429.999005	gene 7	96
429.999005	gene 7.3	140
429.999005	gene 7.7	87
429.999005	gene 9	33
429.999005	gp-2	45
429.999005	lysozyme-3.5	88
429.999005	protein_kinase-0.7	307
429.999005	rbs	357
429.999005	ribosome	23
429.999005	rnapol-1	34
429.999005	rnapol-3.5	69
434.999002	E. coli B promoter	1
434.999002	E. coli C promoter	1
434.999002	E. coli promoter A1	1
434.999002	E. coli promoter A2	1
434.999002	E. coli promoter A3	1
434.999002	T7 promoter phi1.1A	1
434.999002	T7 promoter phi1.1B	1
434.999002	T7 promoter phi1.3	1
434.999002	T7 promoter phi1.5	1
434.999002	T7 promoter phi1.6	1
434.999002	T7 promoter phi10	0
434.999002	T7 promoter phi13	1
434.999002	T7 promoter phi17	1
434.999002	T7 promoter phi2.5	1
434.999002	T7 promoter phi3.8	1
434.999002	T7 promoter phi4.3	1
434.999002	T7 promoter phi4.7	1
434.999002	T7 promoter phi4c	1
434.999002	T7 promoter phi6.5	1
434.999002	T7 promoter phi9	1
434.999002	bound_ecolipol	1
434.999002	bound_ecolipol_p	1580
434.999002	bound_ribosome	33972
434.999002	degraded_transcript	10258
434.999002	ecoli_genome	219
434.999002	ecoli_transcript	25182
434.999002	ecolipol	0
434.999002	ecolipol-2	0
434.999002	ecolipol-2-p	157
434.999002	ecolipol-p	56
434.999002	gene 0.3	652
434.999002	gene 1.1	109
434.999002	gene 1.2	375
434.999002	gene 1.3	263
434.999002	gene 1.4	165
434.999002	gene 1.5	146
434.999002	gene 1.6	214
434.999002	gene 1.7	161
434.999002	gene 1.8	168
434.999002	gene 10A	116
434.999002	gene 11	42
434.999002	gene 13	31
434.999002	gene 14	15
434.999002	gene 17.5	1
434.999002	gene 2.5	236
434.999002	gene 2.8	173
434.999002	gene 3	108
434.999002	gene 3.8	167
434.999002	gene 4.2	132
434.999002	gene 4.3	224
434.999002	gene 4.5	192
434.999002	gene 4.7	174
434.999002	gene 4A	7
434.999002	gene 5.3	145
434.999002	gene 5.5	128
434.999002	gene 5.7	132
434.999002	gene 5.9	111
434.999002	gene 6	23
434.999002	gene 6.3	140
434.999002	gene 6.5	130
434.999002	gene 6.7	132
434.999002	gene 7	114
434.999002	gene 7.3	163
434.999002	gene 7.7	104
434.999002	gene 9	47
434.999002	gp-2	57
434.999002	lysozyme-3.5	110
434.999002	protein_kinase-0.7	319
434.999002	rbs	412
434.999002	ribosome	28
434.999002	rnapol-1	50
434.999002	rnapol-3.5	64
439.999002	E. coli B promoter	1
439.999002	E. coli C promoter	1
439.999002	E. coli promoter A1	1
439.999002	E. coli promoter A2	1
439.999002	E. coli promoter A3	0
439.999002	T7 promoter phi1.1A	1
439.999002	T7 promoter phi1.1B	1
439.999002	T7 promoter phi1.3	1
439.999002	T7 promoter phi1.5	1
439.999002	T7 promoter phi1.6	1
439.999002	T7 promoter phi10	1
439.999002	T7 promoter phi13	1
439.999002	T7 promoter phi17	1
439.999002	T7 promoter phi2.5	0
439.999002	T7 promoter phi3.8	1
439.999002	T7 promoter phi4.3	1
439.999002	T7 promoter phi4.7	1
439.999002	T7 promoter phi4c	1
439.999002	T7 promoter phi6.5	1
439.999002	T7 promoter phi9	1
439.999002	bound_ecolipol	1
439.999002	bound_ecolipol_p	1555
439.999002	bound_ribosome	33515
439.999002	degraded_transcript	10538
439.999002	ecoli_genome	244
439.999002	ecoli_transcript	25670
439.999002	ecolipol	0
439.999002	ecolipol-2	0
439.999002	ecolipol-2-p	175
439.999002	ecolipol-p	64
439.999002	gene 0.3	673
439.999002	gene 1.1	112
439.999002	gene 1.2	396
439.999002	gene 1.3	282
439.999002	gene 1.4	175
439.999002	gene 1.5	157
439.999002	gene 1.6	232
439.999002	gene 1.7	174
439.999002	gene 1.8	175
439.999002	gene 10A	161
439.999002	gene 11	52
439.999002	gene 13	44
439.999002	gene 14	22
439.999002	gene 17.5	4
439.999002	gene 18	1
439.999002	gene 2.5	264
439.999002	gene 2.8	181
439.999002	gene 3	119
439.999002	gene 3.8	187
439.999002	gene 4.2	146
439.999002	gene 4.3	247
439.999002	gene 4.5	219
439.999002	gene 4.7	195
439.999002	gene 4A	10
439.999002	gene 5	2
439.999002	gene 5.3	165
439.999002	gene 5.5	142
439.999002	gene 5.7	144
439.999002	gene 5.9	126
439.999002	gene 6	27
439.999002	gene 6.3	159
439.999002	gene 6.5	152
439.999002	gene 6.7	151
439.999002	gene 7	129
439.999002	gene 7.3	188
439.999002	gene 7.7	125
439.999002	gene 9	61
439.999002	gp-2	57
439.999002	lysozyme-3.5	108
439.999002	protein_kinase-0.7	333
439.999002	rbs	421
439.999002	ribosome	35
439.999002	rnapol-1	41
439.999002	rnapol-3.5	86
444.999008	E. coli B promoter	1
444.999008	E. coli C promoter	1
444.999008	E. coli promoter A1	1
444.999008	E. coli promoter A2	1
444.999008	E. coli promoter A3	1
444.999008	T7 promoter phi1.1A	1
444.999008	T7 promoter phi1.1B	1
444.999008	T7 promoter phi1.3	1
444.999008	T7 promoter phi1.5	1
444.999008	T7 promoter phi1.6	1
444.999008	T7 promoter phi10	1
444.999008	T7 promoter phi13	1
444.999008	T7 promoter phi17	1
444.999008	T7 promoter phi2.5	1
444.999008	T7 promoter phi3.8	1
444.999008	T7 promoter phi4.3	1
444.999008	T7 promoter phi4.7	1
444.999008	T7 promoter phi4c	1
444.999008	T7 promoter phi6.5	1
444.999008	T7 promoter phi9	1
444.999008	bound_ecolipol	0
444.999008	bound_ecolipol_p	1551
444.999008	bound_ribosome	33095
444.999008	degraded_transcript	10800
444.999008	ecoli_genome	249
444.999008	ecoli_transcript	26118
444.999008	ecolipol	0
444.999008	ecolipol-2	0
444.999008	ecolipol-2-p	191
444.999008	ecolipol-p	54
444.999008	gene 0.3	689
444.999008	gene 1.1	115
444.999008	gene 1.2	416
444.999008	gene 1.3	301
444.999008	gene 1.4	188
444.999008	gene 1.5	169
444.999008	gene 1.6	249
444.999008	gene 1.7	193
444.999008	gene 1.8	184
444.999008	gene 10A	216
444.999008	gene 11	68
444.999008	gene 13	57
444.999008	gene 14	34
444.999008	gene 17.5	9
444.999008	gene 18	2
444.999008	gene 18.7	1
444.999008	gene 19.3	1
444.999008	gene 2.5	290
444.999008	gene 2.8	199
444.999008	gene 3	128
444.999008	gene 3.8	207
444.999008	gene 4.2	159
444.999008	gene 4.3	272
444.999008	gene 4.5	245
444.999008	gene 4.7	221
444.999008	gene 4A	13
444.999008	gene 5	2
444.999008	gene 5.3	182
444.999008	gene 5.5	165
444.999008	gene 5.7	156
444.999008	gene 5.9	140
444.999008	gene 6	33
444.999008	gene 6.3	177
444.999008	gene 6.5	170
444.999008	gene 6.7	168
444.999008	gene 7	152
444.999008	gene 7.3	219
444.999008	gene 7.7	143
444.999008	gene 8	1
444.999008	gene 9	78
444.999008	gp-2	61
444.999008	lysozyme-3.5	109
444.999008	protein_kinase-0.7	346
444.999008	rbs	454
444.999008	ribosome	31
444.999008	rnapol-1	44
444.999008	rnapol-3.5	100
449.999000	E. coli B promoter	1
449.999000	E. coli C promoter	1
449.999000	E. coli promoter A1	1
449.999000	E. coli promoter A2	1
449.999000	E. coli promoter A3	1
449.999000	T7 promoter phi1.1A	1
449.999000	T7 promoter phi1.1B	1
449.999000	T7 promoter phi1.3	1
449.999000	T7 promoter phi1.5	1
449.999000	T7 promoter phi1.6	1
449.999000	T7 promoter phi10	0
449.999000	T7 promoter phi13	0
449.999000	T7 promoter phi17	1
449.999000	T7 promoter phi2.5	1
449.999000	T7 promoter phi3.8	1
449.999000	T7 promoter phi4.3	1
449.999000	T7 promoter phi4.7	1
449.999000	T7 promoter phi4c	1
449.999000	T7 promoter phi6.5	1
449.999000	T7 promoter phi9	1
449.999000	bound_ecolipol	0
449.999000	bound_ecolipol_p	1541
449.999000	bound_ribosome	32679
449.999000	degraded_transcript	11056
449.999000	ecoli_genome	259
449.999000	ecoli_transcript	26611
449.999000	ecolipol	0
449.999000	ecolipol-2	0
449.999000	ecolipol-2-p	206
449.999000	ecolipol-p	49
449.999000	gene 0.3	709
449.999000	gene 1.1	119
449.999000	gene 1.2	437
449.999000	gene 1.3	322
449.999000	gene 1.4	199
449.999000	gene 1.5	181
449.999000	gene 1.6	265
449.999000	gene 1.7	203
449.999000	gene 1.8	194
449.999000	gene 10A	274
449.999000	gene 11	80
449.999000	gene 13	74
449.999000	gene 14	45
449.999000	gene 17.5	18
449.999000	gene 18	7
449.999000	gene 18.7	4
449.999000	gene 19.2	1
449.999000	gene 19.3	4
449.999000	gene 19.5	1
449.999000	gene 2.5	316
449.999000	gene 2.8	216
449.999000	gene 3	139
449.999000	gene 3.8	225
449.999000	gene 4.2	175
449.999000	gene 4.3	295
449.999000	gene 4.5	266
449.999000	gene 4.7	250
449.999000	gene 4A	15
449.999000	gene 5	3
449.999000	gene 5.3	202
449.999000	gene 5.5	184
449.999000	gene 5.7	171
449.999000	gene 5.9	159
449.999000	gene 6	41
449.999000	gene 6.3	192
449.999000	gene 6.5	190
449.999000	gene 6.7	187
449.999000	gene 7	172
449.999000	gene 7.3	249
449.999000	gene 7.7	165
449.999000	gene 8	2
449.999000	gene 9	98
449.999000	gp-2	67
449.999000	lysozyme-3.5	131
449.999000	protein_kinase-0.7	365
449.999000	rbs	543
449.999000	ribosome	31
449.999000	rnapol-1	53
449.999000	rnapol-3.5	92
454.999004	E. coli B promoter	1
454.999004	E. coli C promoter	1
454.999004	E. coli promoter A1	1
454.999004	E. coli promoter A2	1
454.999004	E. coli promoter A3	1
454.999004	T7 promoter phi1.1A	1
454.999004	T7 promoter phi1.1B	1
454.999004	T7 promoter phi1.3	1
454.999004	T7 promoter phi1.5	1
454.999004	T7 promoter phi1.6	1
454.999004	T7 promoter phi10	1
454.999004	T7 promoter phi13	1
454.999004	T7 promoter phi17	1
454.999004	T7 promoter phi2.5	1
454.999004	T7 promoter phi3.8	1
454.999004	T7 promoter phi4.3	1
454.999004	T7 promoter phi4.7	1
454.999004	T7 promoter phi4c	0
454.999004	T7 promoter phi6.5	1
454.999004	T7 promoter phi9	1
454.999004	bound_ecolipol	0
454.999004	bound_ecolipol_p	1536
454.999004	bound_ribosome	32207
454.999004	degraded_transcript	11321
454.999004	ecoli_genome	264
454.999004	ecoli_transcript	27146
454.999004	ecolipol	0
454.999004	ecolipol-2	0
454.999004	ecolipol-2-p	203
454.999004	ecolipol-p	57
454.999004	gene 0.3	726
454.999004	gene 1.1	124
454.999004	gene 1.2	458
454.999004	gene 1.3	341
454.999004	gene 1.4	216
454.999004	gene 1.5	194
454.999004	gene 1.6	280
454.999004	gene 1.7	216
454.999004	gene 1.8	209
454.999004	gene 10A	342
454.999004	gene 11	93
454.999004	gene 13	89
454.999004	gene 14	52
454.999004	gene 17.5	30
454.999004	gene 18	13
454.999004	gene 18.7	5
454.999004	gene 19.2	7
454.999004	gene 19.3	8
454.999004	gene 19.5	6
454.999004	gene 2.5	345
454.999004	gene 2.8	232
454.999004	gene 3	151
454.999004	gene 3.8	243
454.999004	gene 4.2	187
454.999004	gene 4.3	321
454.999004	gene 4.5	295
454.999004	gene 4.7	277
454.999004	gene 4A	17
454.999004	gene 5	4
454.999004	gene 5.3	228
454.999004	gene 5.5	205
454.999004	gene 5.7	186
454.999004	gene 5.9	180
454.999004	gene 6	46
454.999004	gene 6.3	217
454.999004	gene 6.5	216
454.999004	gene 6.7	205
454.999004	gene 7	188
454.999004	gene 7.3	281
454.999004	gene 7.7	189
454.999004	gene 8	3
454.999004	gene 9	123
454.999004	gp-2	91
454.999004	lysozyme-3.5	153
454.999004	protein_kinase-0.7	378
454.999004	rbs	559
454.999004	ribosome	36
454.999004	rnapol-1	58
454.999004	rnapol-3.5	92
459.999013	E. coli B promoter	1
459.999013	E. coli C promoter	1
459.999013	E. coli promoter A1	1
459.999013	E. coli promoter A2	1
459.999013	E. coli promoter A3	1
459.999013	T7 promoter phi1.1A	1
459.999013	T7 promoter phi1.1B	1
459.999013	T7 promoter phi1.3	1
459.999013	T7 promoter phi1.5	1
459.999013	T7 promoter phi1.6	1
459.999013	T7 promoter phi10	1
459.999013	T7 promoter phi13	1
459.999013	T7 promoter phi17	1
459.999013	T7 promoter phi2.5	1
459.999013	T7 promoter phi3.8	1
459.999013	T7 promoter phi4.3	1
459.999013	T7 promoter phi4.7	1
459.999013	T7 promoter phi4c	0
459.999013	T7 promoter phi6.5	0
459.999013	T7 promoter phi9	1
459.999013	bound_ecolipol	0
459.999013	bound_ecolipol_p	1538
459.999013	bound_ribosome	31733
459.999013	degraded_transcript	11602
459.999013	ecoli_genome	262
459.999013	ecoli_transcript	27632
459.999013	ecolipol	0
459.999013	ecolipol-2	0
459.999013	ecolipol-2-p	216
459.999013	ecolipol-p	42
459.999013	gene 0.3	747
459.999013	gene 1.1	131
459.999013	gene 1.2	482
459.999013	gene 1.3	363
459.999013	gene 1.4	228
459.999013	gene 1.5	205
459.999013	gene 1.6	296
459.999013	gene 1.7	231
459.999013	gene 1.8	224
459.999013	gene 10A	431
459.999013	gene 11	111
459.999013	gene 13	106
459.999013	gene 14	63
459.999013	gene 17.5	40
459.999013	gene 18	22
459.999013	gene 18.5	3
459.999013	gene 18.7	9
459.999013	gene 19.2	13
459.999013	gene 19.3	14
459.999013	gene 19.5	14
459.999013	gene 2.5	370
459.999013	gene 2.8	257
459.999013	gene 3	160
459.999013	gene 3.8	266
459.999013	gene 4.2	207
459.999013	gene 4.3	346
459.999013	gene 4.5	328
459.999013	gene 4.7	305
459.999013	gene 4A	18
459.999013	gene 5	7
459.999013	gene 5.3	254
459.999013	gene 5.5	229
459.999013	gene 5.7	202
459.999013	gene 5.9	200
459.999013	gene 6	56
459.999013	gene 6.3	238
459.999013	gene 6.5	242
459.999013	gene 6.7	219
459.999013	gene 7	211
459.999013	gene 7.3	312
459.999013	gene 7.7	210
459.999013	gene 8	8
459.999013	gene 9	152
459.999013	gp-2	99
459.999013	lysozyme-3.5	150
459.999013	protein_kinase-0.7	392
459.999013	rbs	607
459.999013	ribosome	36
459.999013	rnapol-1	46
459.999013	rnapol-3.5	115
464.999002	E. coli B promoter	1
464.999002	E. coli C promoter	1
464.999002	E. coli promoter A1	1
464.999002	E. coli promoter A2	1
464.999002	E. coli promoter A3	1
464.999002	T7 promoter phi1.1A	1
464.999002	T7 promoter phi1.1B	1
464.999002	T7 promoter phi1.3	1
464.999002	T7 promoter phi1.5	1
464.999002	T7 promoter phi1.6	1
464.999002	T7 promoter phi10	1
464.999002	T7 promoter phi13	1
464.999002	T7 promoter phi17	1
464.999002	T7 promoter phi2.5	1
464.999002	T7 promoter phi3.8	1
464.999002	T7 promoter phi4.3	1
464.999002	T7 promoter phi4.7	1
464.999002	T7 promoter phi4c	1
464.999002	T7 promoter phi6.5	1
464.999002	T7 promoter phi9	0
464.999002	bound_ecolipol	0
464.999002	bound_ecolipol_p	1514
464.999002	bound_ribosome	31228
464.999002	degraded_transcript	11874
464.999002	ecoli_genome	286
464.999002	ecoli_transcript	28167
464.999002	ecolipol	0
464.999002	ecolipol-2	0
464.999002	ecolipol-2-p	233
464.999002	ecolipol-p	49
464.999002	gene 0.3	769
464.999002	gene 1.1	134
464.999002	gene 1.2	498
464.999002	gene 1.3	386
464.999002	gene 1.4	242
464.999002	gene 1.5	219
464.999002	gene 1.6	313
464.999002	gene 1.7	244
464.999002	gene 1.8	241
464.999002	gene 10A	514
464.999002	gene 11	128
464.999002	gene 13	120
464.999002	gene 14	76
464.999002	gene 17.5	56
464.999002	gene 18	30
464.999002	gene 18.5	8
464.999002	gene 18.7	11
464.999002	gene 19.2	21
464.999002	gene 19.3	24
464.999002	gene 19.5	21
464.999002	gene 2.5	400
464.999002	gene 2.8	276
464.999002	gene 3	173
464.999002	gene 3.8	287
464.999002	gene 4.2	227
464.999002	gene 4.3	376
464.999002	gene 4.5	354
464.999002	gene 4.7	337
464.999002	gene 4A	22
464.999002	gene 5	11
464.999002	gene 5.3	284
464.999002	gene 5.5	253
464.999002	gene 5.7	213
464.999002	gene 5.9	219
464.999002	gene 6	62
464.999002	gene 6.3	264
464.999002	gene 6.5	263
464.999002	gene 6.7	241
464.999002	gene 7	236
464.999002	gene 7.3	340
464.999002	gene 7.7	234
464.999002	gene 8	11
464.999002	gene 9	183
464.999002	gp-2	100
464.999002	lysozyme-3.5	158
464.999002	protein_kinase-0.7	404
464.999002	rbs	692
464.999002	ribosome	24
464.999002	rnapol-1	41
464.999002	rnapol-3.5	126
469.999005	E. coli B promoter	1
469.999005	E. coli C promoter	1
469.999005	E. coli promoter A1	1
469.999005	E. coli promoter A2	1
469.999005	E. coli promoter A3	1
469.999005	T7 promoter phi1.1A	1
469.999005	T7 promoter phi1.1B	1
469.999005	T7 promoter phi1.3	1
469.999005	T7 promoter phi1.5	1
469.999005	T7 promoter phi1.6	1
469.999005	T7 promoter phi10	1
469.999005	T7 promoter phi13	1
469.999005	T7 promoter phi17	1
469.999005	T7 promoter phi2.5	1
469.999005	T7 promoter phi3.8	1
469.999005	T7 promoter phi4.3	1
469.999005	T7 promoter phi4.7	1
469.999005	T7 promoter phi4c	1
469.999005	T7 promoter phi6.5	1
469.999005	T7 promoter phi9	1
469.999005	bound_ecolipol	0
469.999005	bound_ecolipol_p	1519
469.999005	bound_ribosome	30749
469.999005	degraded_transcript	12162
469.999005	ecoli_genome	281
469.999005	ecoli_transcript	28644
469.999005	ecolipol	0
469.999005	ecolipol-2	0
469.999005	ecolipol-2-p	236
469.999005	ecolipol-p	41
469.999005	gene 0.3	786
469.999005	gene 1.1	139
469.999005	gene 1.2	522
469.999005	gene 1.3	411
469.999005	gene 1.4	255
469.999005	gene 1.5	230
469.999005	gene 1.6	336
469.999005	gene 1.7	261
469.999005	gene 1.8	255
469.999005	gene 10A	632
469.999005	gene 11	143
469.999005	gene 13	141
469.999005	gene 14	93
469.999005	gene 17.5	72
469.999005	gene 18	38
469.999005	gene 18.5	15
469.999005	gene 18.7	15
469.999005	gene 19.2	31
469.999005	gene 19.3	40
469.999005	gene 19.5	34
469.999005	gene 2.5	433
469.999005	gene 2.8	299
469.999005	gene 3	188
469.999005	gene 3.8	307
469.999005	gene 4.2	238
469.999005	gene 4.3	404
469.999005	gene 4.5	383
469.999005	gene 4.7	368
469.999005	gene 4A	26
469.999005	gene 5	17
469.999005	gene 5.3	310
469.999005	gene 5.5	279
469.999005	gene 5.7	228
469.999005	gene 5.9	240
469.999005	gene 6	69
469.999005	gene 6.3	282
469.999005	gene 6.5	286
469.999005	gene 6.7	258
469.999005	gene 7	254
469.999005	gene 7.3	370
469.999005	gene 7.7	266
469.999005	gene 8	18
469.999005	gene 9	221
469.999005	gp-2	116
469.999005	lysozyme-3.5	179
469.999005	protein_kinase-0.7	421
469.999005	rbs	760
469.999005	ribosome	22
469.999005	rnapol-1	50
469.999005	rnapol-3.5	121
474.999008	E. coli B promoter	1
474.999008	E. coli C promoter	1
474.999008	E. coli promoter A1	1
474.999008	E. coli promoter A2	1
474.999008	E. coli promoter A3	1
474.999008	T7 promoter phi1.1A	1
474.999008	T7 promoter phi1.1B	1
474.999008	T7 promoter phi1.3	1
474.999008	T7 promoter phi1.5	1
474.999008	T7 promoter phi1.6	1
474.999008	T7 promoter phi10	1
474.999008	T7 promoter phi13	1
474.999008	T7 promoter phi17	1
474.999008	T7 promoter phi2.5	1
474.999008	T7 promoter phi3.8	1
474.999008	T7 promoter phi4.3	0
474.999008	T7 promoter phi4.7	1
474.999008	T7 promoter phi4c	1
474.999008	T7 promoter phi6.5	1
474.999008	T7 promoter phi9	0
474.999008	bound_ecolipol	0
474.999008	bound_ecolipol_p	1500
474.999008	bound_ribosome	30255
474.999008	degraded_transcript	12397
474.999008	ecoli_genome	300
474.999008	ecoli_transcript	29206
474.999008	ecolipol	0
474.999008	ecolipol-2	0
474.999008	ecolipol-2-p	247
474.999008	ecolipol-p	49
474.999008	gene 0.3	807
474.999008	gene 1.1	148
474.999008	gene 1.2	543
474.999008	gene 1.3	436
474.999008	gene 1.4	270
474.999008	gene 1.5	245
474.999008	gene 1.6	359
474.999008	gene 1.7	278
474.999008	gene 1.8	270
474.999008	gene 10A	760
474.999008	gene 11	157
474.999008	gene 13	161
474.999008	gene 14	108
474.999008	gene 17.5	93
474.999008	gene 18	54
474.999008	gene 18.5	23
474.999008	gene 18.7	20
474.999008	gene 19.2	44
474.999008	gene 19.3	54
474.999008	gene 19.5	46
474.999008	gene 2.5	461
474.999008	gene 2.8	319
474.999008	gene 3	202
474.999008	gene 3.8	333
474.999008	gene 4.2	253
474.999008	gene 4.3	433
474.999008	gene 4.5	420
474.999008	gene 4.7	396
474.999008	gene 4A	31
474.999008	gene 5	21
474.999008	gene 5.3	339
474.999008	gene 5.5	302
474.999008	gene 5.7	245
474.999008	gene 5.9	261
474.999008	gene 6	77
474.999008	gene 6.3	306
474.999008	gene 6.5	323
474.999008	gene 6.7	276
474.999008	gene 7	282
474.999008	gene 7.3	401
474.999008	gene 7.7	293
474.999008	gene 8	23
474.999008	gene 9	258
474.999008	gp-2	125
474.999008	lysozyme-3.5	190
474.999008	protein_kinase-0.7	438
474.999008	rbs	794
474.999008	ribosome	27
474.999008	rnapol-1	44
474.999008	rnapol-3.5	131
479.999001	E. coli B promoter	1
479.999001	E. coli C promoter	1
479.999001	E. coli promoter A1	1
479.999001	E. coli promoter A2	1
479.999001	E. coli promoter A3	1
479.999001	T7 promoter phi1.1A	1
479.999001	T7 promoter phi1.1B	1
479.999001	T7 promoter phi1.3	1
479.999001	T7 promoter phi1.5	1
479.999001	T7 promoter phi1.6	1
479.999001	T7 promoter phi10	0
479.999001	T7 promoter phi13	1
479.999001	T7 promoter phi17	1
479.999001	T7 promoter phi2.5	1
479.999001	T7 promoter phi3.8	1
479.999001	T7 promoter phi4.3	1
479.999001	T7 promoter phi4.7	1
479.999001	T7 promoter phi4c	1
479.999001	T7 promoter phi6.5	1
479.999001	T7 promoter phi9	1
479.999001	bound_ecolipol	0
479.999001	bound_ecolipol_p	1500
479.999001	bound_ribosome	29777
479.999001	degraded_transcript	12671
479.999001	ecoli_genome	300
479.999001	ecoli_transcript	29690
479.999001	ecolipol	0
479.999001	ecolipol-2	0
479.999001	ecolipol-2-p	247
479.999001	ecolipol-p	49
479.999001	gene 0.3	832
479.999001	gene 1.1	155
479.999001	gene 1.2	567
479.999001	gene 1.3	463
479.999001	gene 1.4	283
479.999001	gene 1.5	259
479.999001	gene 1.6	380
479.999001	gene 1.7	294
479.999001	gene 1.8	282
479.999001	gene 10A	885
479.999001	gene 11	173
479.999001	gene 13	188
479.999001	gene 14	129
479.999001	gene 17.5	112
479.999001	gene 18	67
479.999001	gene 18.5	36
479.999001	gene 18.7	30
479.999001	gene 19.2	55
479.999001	gene 19.3	67
479.999001	gene 19.5	63
479.999001	gene 2.5	495
479.999001	gene 2.8	339
479.999001	gene 3	218
479.999001	gene 3.8	363
479.999001	gene 4.2	272
479.999001	gene 4.3	465
479.999001	gene 4.5	457
479.999001	gene 4.7	433
479.999001	gene 4A	37
479.999001	gene 5	26
479.999001	gene 5.3	371
479.999001	gene 5.5	331
479.999001	gene 5.7	262
479.999001	gene 5.9	287
479.999001	gene 6	89
479.999001	gene 6.3	331
479.999001	gene 6.5	356
479.999001	gene 6.7	300
479.999001	gene 7	311
479.999001	gene 7.3	442
479.999001	gene 7.7	321
479.999001	gene 8	28
479.999001	gene 9	315
479.999001	gp-2	146
479.999001	lysozyme-3.5	209
479.999001	protein_kinase-0.7	455
479.999001	rbs	869
479.999001	ribosome	26
479.999001	rnapol-1	55
479.999001	rnapol-3.5	140
484.999007	E. coli B promoter	1
484.999007	E. coli C promoter	1
484.999007	E. coli promoter A1	1
484.999007	E. coli promoter A2	1
484.999007	E. coli promoter A3	1
484.999007	T7 promoter phi1.1A	1
484.999007	T7 promoter phi1.1B	1
484.999007	T7 promoter phi1.3	1
484.999007	T7 promoter phi1.5	1
484.999007	T7 promoter phi1.6	1
484.999007	T7 promoter phi10	0
484.999007	T7 promoter phi13	0
484.999007	T7 promoter phi17	1
484.999007	T7 promoter phi2.5	1
484.999007	T7 promoter phi3.8	1
484.999007	T7 promoter phi4.3	1
484.999007	T7 promoter phi4.7	1
484.999007	T7 promoter phi4c	1
484.999007	T7 promoter phi6.5	1
484.999007	T7 promoter phi9	1
484.999007	bound_ecolipol	0
484.999007	bound_ecolipol_p	1480
484.999007	bound_ribosome	29289
484.999007	degraded_transcript	12937
484.999007	ecoli_genome	320
484.999007	ecoli_transcript	30203
484.999007	ecolipol	0
484.999007	ecolipol-2	0
484.999007	ecolipol-2-p	276
484.999007	ecolipol-p	41
484.999007	gene 0.3	854
484.999007	gene 1.1	160
484.999007	gene 1.2	588
484.999007	gene 1.3	492
484.999007	gene 1.4	297
484.999007	gene 1.5	270
484.999007	gene 1.6	400
484.999007	gene 1.7	316
484.999007	gene 1.8	295
484.999007	gene 10A	1011
484.999007	gene 11	190
484.999007	gene 13	215
484.999007	gene 14	141
484.999007	gene 17.5	129
484.999007	gene 18	78
484.999007	gene 18.5	51
484.999007	gene 18.7	36
484.999007	gene 19.2	74
484.999007	gene 19.3	84
484.999007	gene 19.5	84
484.999007	gene 2.5	534
484.999007	gene 2.8	363
484.999007	gene 3	230
484.999007	gene 3.8	386
484.999007	gene 4.2	289
484.999007	gene 4.3	501
484.999007	gene 4.5	499
484.999007	gene 4.7	474
484.999007	gene 4A	43
484.999007	gene 5	33
484.999007	gene 5.3	402
484.999007	gene 5.5	356
484.999007	gene 5.7	273
484.999007	gene 5.9	310
484.999007	gene 6	102
484.999007	gene 6.3	355
484.999007	gene 6.5	385
484.999007	gene 6.7	327
484.999007	gene 7	340
484.999007	gene 7.3	478
484.999007	gene 7.7	355
484.999007	gene 8	33
484.999007	gene 9	359
484.999007	gp-2	141
484.999007	lysozyme-3.5	205
484.999007	protein_kinase-0.7	470
484.999007	rbs	963
484.999007	ribosome	21
484.999007	rnapol-1	41
484.999007	rnapol-3.5	174
489.999000	E. coli B promoter	1
489.999000	E. coli C promoter	0
489.999000	E. coli promoter A1	1
489.999000	E. coli promoter A2	1
489.999000	E. coli promoter A3	1
489.999000	T7 promoter phi1.1A	1
489.999000	T7 promoter phi1.1B	1
489.999000	T7 promoter phi1.3	0
489.999000	T7 promoter phi1.5	1
489.999000	T7 promoter phi1.6	1
489.999000	T7 promoter phi10	0
489.999000	T7 promoter phi13	1
489.999000	T7 promoter phi17	0
489.999000	T7 promoter phi2.5	1
489.999000	T7 promoter phi3.8	1
489.999000	T7 promoter phi4.3	1
489.999000	T7 promoter phi4.7	1
489.999000	T7 promoter phi4c	1
489.999000	T7 promoter phi6.5	1
489.999000	T7 promoter phi9	1
489.999000	bound_ecolipol	0
489.999000	bound_ecolipol_p	1474
489.999000	bound_ribosome	28767
489.999000	degraded_transcript	13248
489.999000	ecoli_genome	326
489.999000	ecoli_transcript	30707
489.999000	ecolipol	0
489.999000	ecolipol-2	0
489.999000	ecolipol-2-p	292
489.999000	ecolipol-p	31
489.999000	gene 0.3	874
489.999000	gene 1.1	167
489.999000	gene 1.2	615
489.999000	gene 1.3	517
489.999000	gene 1.4	309
489.999000	gene 1.5	282
489.999000	gene 1.6	426
489.999000	gene 1.7	335
489.999000	gene 1.8	310
489.999000	gene 10A	1165
489.999000	gene 11	203
489.999000	gene 13	232
489.999000	gene 14	156
489.999000	gene 17.5	160
489.999000	gene 18	103
489.999000	gene 18.5	65
489.999000	gene 18.7	46
489.999000	gene 19.2	96
489.999000	gene 19.3	100
489.999000	gene 19.5	104
489.999000	gene 2.5	569
489.999000	gene 2.8	386
489.999000	gene 3	240
489.999000	gene 3.8	412
489.999000	gene 4.2	307
489.999000	gene 4.3	532
489.999000	gene 4.5	542
489.999000	gene 4.7	512
489.999000	gene 4A	52
489.999000	gene 5	39
489.999000	gene 5.3	425
489.999000	gene 5.5	386
489.999000	gene 5.7	297
489.999000	gene 5.9	333
489.999000	gene 6	111
489.999000	gene 6.3	378
489.999000	gene 6.5	414
489.999000	gene 6.7	349
489.999000	gene 7	369
489.999000	gene 7.3	520
489.999000	gene 7.7	390
489.999000	gene 8	41
489.999000	gene 9	412
489.999000	gp-2	151
489.999000	lysozyme-3.5	226
489.999000	protein_kinase-0.7	483
489.999000	rbs	1041
489.999000	ribosome	19
489.999000	rnapol-1	42
489.999000	rnapol-3.5	173
494.999002	E. coli B promoter	1
494.999002	E. coli C promoter	1
494.999002	E. coli promoter A1	1
494.999002	E. coli promoter A2	1
494.999002	E. coli promoter A3	1
494.999002	T7 promoter phi1.1A	1
494.999002	T7 promoter phi1.1B	1
494.999002	T7 promoter phi1.3	1
494.999002	T7 promoter phi1.5	1
494.999002	T7 promoter phi1.6	1
494.999002	T7 promoter phi10	1
494.999002	T7 promoter phi13	0
494.999002	T7 promoter phi17	1
494.999002	T7 promoter phi2.5	1
494.999002	T7 promoter phi3.8	1
494.999002	T7 promoter phi4.3	1
494.999002	T7 promoter phi4.7	1
494.999002	T7 promoter phi4c	1
494.999002	T7 promoter phi6.5	1
494.999002	T7 promoter phi9	1
494.999002	bound_ecolipol	0
494.999002	bound_ecolipol_p	1460
494.999002	bound_ribosome	28241
494.999002	degraded_transcript	13518
494.999002	ecoli_genome	340
494.999002	ecoli_transcript	31273
494.999002	ecolipol	0
494.999002	ecolipol-2	0
494.999002	ecolipol-2-p	293
494.999002	ecolipol-p	44
494.999002	gene 0.3	894
494.999002	gene 1.1	174
494.999002	gene 1.2	635
494.999002	gene 1.3	551
494.999002	gene 1.4	321
494.999002	gene 1.5	297
494.999002	gene 1.6	451
494.999002	gene 1.7	359
494.999002	gene 1.8	321
494.999002	gene 10A	1319
494.999002	gene 11	221
494.999002	gene 13	261
494.999002	gene 14	176
494.999002	gene 17.5	183
494.999002	gene 18	124
494.999002	gene 18.5	83
494.999002	gene 18.7	53
494.999002	gene 19.2	106
494.999002	gene 19.3	121
494.999002	gene 19.5	124
494.999002	gene 2.5	609
494.999002	gene 2.8	408
494.999002	gene 3	252
494.999002	gene 3.8	438
494.999002	gene 4.2	325
494.999002	gene 4.3	567
494.999002	gene 4.5	583
494.999002	gene 4.7	548
494.999002	gene 4A	59
494.999002	gene 5	45
494.999002	gene 5.3	462
494.999002	gene 5.5	421
494.999002	gene 5.7	315
494.999002	gene 5.9	359
494.999002	gene 6	119
494.999002	gene 6.3	405
494.999002	gene 6.5	452
494.999002	gene 6.7	378
494.999002	gene 7	404
494.999002	gene 7.3	568
494.999002	gene 7.7	428
494.999002	gene 8	49
494.999002	gene 9	472
494.999002	gp-2	172
494.999002	lysozyme-3.5	239
494.999002	protein_kinase-0.7	502
494.999002	rbs	1079
494.999002	ribosome	27
494.999002	rnapol-1	42
494.999002	rnapol-3.5	189
499.999006	E. coli B promoter	1
499.999006	E. coli C promoter	1
499.999006	E. coli promoter A1	1
499.999006	E. coli promoter A2	1
499.999006	E. coli promoter A3	1
499.999006	T7 promoter phi1.1A	1
499.999006	T7 promoter phi1.1B	1
499.999006	T7 promoter phi1.3	1
499.999006	T7 promoter phi1.5	1
499.999006	T7 promoter phi1.6	1
499.999006	T7 promoter phi10	0
499.999006	T7 promoter phi13	1
499.999006	T7 promoter phi17	1
499.999006	T7 promoter phi2.5	1
499.999006	T7 promoter phi3.8	1
499.999006	T7 promoter phi4.3	1
499.999006	T7 promoter phi4.7	1
499.999006	T7 promoter phi4c	1
499.999006	T7 promoter phi6.5	1
499.999006	T7 promoter phi9	1
499.999006	bound_ecolipol	0
499.999006	bound_ecolipol_p	1441
499.999006	bound_ribosome	27682
499.999006	degraded_transcript	13846
499.999006	ecoli_genome	359
499.999006	ecoli_transcript	31805
499.999006	ecolipol	0
499.999006	ecolipol-2	0
499.999006	ecolipol-2-p	321
499.999006	ecolipol-p	35
499.999006	gene 0.3	919
499.999006	gene 1.1	182
499.999006	gene 1.2	662
499.999006	gene 1.3	579
499.999006	gene 1.4	337
499.999006	gene 1.5	312
499.999006	gene 1.6	471
499.999006	gene 1.7	380
499.999006	gene 1.8	333
499.999006	gene 10A	1479
499.999006	gene 11	244
499.999006	gene 13	289
499.999006	gene 14	197
499.999006	gene 17.5	213
499.999006	gene 18	145
499.999006	gene 18.5	108
499.999006	gene 18.7	60
499.999006	gene 19.2	126
499.999006	gene 19.3	141
499.999006	gene 19.5	145
499.999006	gene 2.5	641
499.999006	gene 2.8	431
499.999006	gene 3	265
499.999006	gene 3.8	468
499.999006	gene 4.2	348
499.999006	gene 4.3	607
499.999006	gene 4.5	630
499.999006	gene 4.7	585
499.999006	gene 4A	64
499.999006	gene 5	57
499.999006	gene 5.3	500
499.999006	gene 5.5	451
499.999006	gene 5.7	339
499.999006	gene 5.9	388
499.999006	gene 6	125
499.999006	gene 6.3	434
499.999006	gene 6.5	490
499.999006	gene 6.7	412
499.999006	gene 7	433
499.999006	gene 7.3	607
499.999006	gene 7.7	471
499.999006	gene 8	55
499.999006	gene 9	526
499.999006	gp-2	162
499.999006	lysozyme-3.5	257
499.999006	protein_kinase-0.7	516
499.999006	rbs	1151
499.999006	ribosome	14
499.999006	rnapol-1	57
499.999006	rnapol-3.5	193
504.999006	E. coli B promoter	1
504.999006	E. coli C promoter	1
504.999006	E. coli promoter A1	1
504.999006	E. coli promoter A2	1
504.999006	E. coli promoter A3	1
504.999006	T7 promoter phi1.1A	1
504.999006	T7 promoter phi1.1B	1
504.999006	T7 promoter phi1.3	1
504.999006	T7 promoter phi1.5	1
504.999006	T7 promoter phi1.6	1
504.999006	T7 promoter phi10	0
504.999006	T7 promoter phi13	1
504.999006	T7 promoter phi17	0
504.999006	T7 promoter phi2.5	1
504.999006	T7 promoter phi3.8	1
504.999006	T7 promoter phi4.3	1
504.999006	T7 promoter phi4.7	1
504.999006	T7 promoter phi4c	1
504.999006	T7 promoter phi6.5	1
504.999006	T7 promoter phi9	1
504.999006	bound_ecolipol	0
504.999006	bound_ecolipol_p	1436
504.999006	bound_ribosome	27176
504.999006	degraded_transcript	14151
504.999006	ecoli_genome	364
504.999006	ecoli_transcript	32306
504.999006	ecolipol	0
504.999006	ecolipol-2	0
504.999006	ecolipol-2-p	329
504.999006	ecolipol-p	32
504.999006	gene 0.3	940
504.999006	gene 1.1	188
504.999006	gene 1.2	689
504.999006	gene 1.3	609
504.999006	gene 1.4	350
504.999006	gene 1.5	330
504.999006	gene 1.6	498
504.999006	gene 1.7	402
504.999006	gene 1.8	347
504.999006	gene 10A	1643
504.999006	gene 11	268
504.999006	gene 13	329
504.999006	gene 14	225
504.999006	gene 17.5	238
504.999006	gene 18	165
504.999006	gene 18.5	128
504.999006	gene 18.7	73
504.999006	gene 19.2	149
504.999006	gene 19.3	162
504.999006	gene 19.5	168
504.999006	gene 2.5	681
504.999006	gene 2.8	452
504.999006	gene 3	277
504.999006	gene 3.8	493
504.999006	gene 4.2	368
504.999006	gene 4.3	645
504.999006	gene 4.5	674
504.999006	gene 4.7	631
504.999006	gene 4A	70
504.999006	gene 5	63
504.999006	gene 5.3	537
504.999006	gene 5.5	490
504.999006	gene 5.7	360
504.999006	gene 5.9	418
504.999006	gene 6	138
504.999006	gene 6.3	460
504.999006	gene 6.5	535
504.999006	gene 6.7	442
504.999006	gene 7	474
504.999006	gene 7.3	655
504.999006	gene 7.7	511
504.999006	gene 8	65
504.999006	gene 9	587
504.999006	gp-2	179
504.999006	lysozyme-3.5	258
504.999006	protein_kinase-0.7	535
504.999006	rbs	1249
504.999006	ribosome	21
504.999006	rnapol-1	42
504.999006	rnapol-3.5	214
509.999000	E. coli B promoter	1
509.999000	E. coli C promoter	1
509.999000	E. coli promoter A1	1
509.999000	E. coli promoter A2	1
509.999000	E. coli promoter A3	1
509.999000	T7 promoter phi1.1A	1
509.999000	T7 promoter phi1.1B	1
509.999000	T7 promoter phi1.3	1
509.999000	T7 promoter phi1.5	1
509.999000	T7 promoter phi1.6	1
509.999000	T7 promoter phi10	1
509.999000	T7 promoter phi13	1
509.999000	T7 promoter phi17	1
509.999000	T7 promoter phi2.5	1
509.999000	T7 promoter phi3.8	1
509.999000	T7 promoter phi4.3	1
509.999000	T7 promoter phi4.7	1
509.999000	T7 promoter phi4c	1
509.999000	T7 promoter phi6.5	1
509.999000	T7 promoter phi9	1
509.999000	bound_ecolipol	0
509.999000	bound_ecolipol_p	1423
509.999000	bound_ribosome	26611
509.999000	degraded_transcript	14431
509.999000	ecoli_genome	377
509.999000	ecoli_transcript	32876
509.999000	ecolipol	0
509.999000	ecolipol-2	0
509.999000	ecolipol-2-p	342
509.999000	ecolipol-p	32
509.999000	gene 0.3	961
509.999000	gene 1.1	198
509.999000	gene 1.2	714
509.999000	gene 1.3	642
509.999000	gene 1.4	364
509.999000	gene 1.5	347
509.999000	gene 1.6	524
509.999000	gene 1.7	422
509.999000	gene 1.8	362
509.999000	gene 10A	1829
509.999000	gene 11	291
509.999000	gene 13	357
509.999000	gene 14	248
509.999000	gene 17.5	263
509.999000	gene 18	186
509.999000	gene 18.5	149
509.999000	gene 18.7	81
509.999000	gene 19.2	174
509.999000	gene 19.3	186
509.999000	gene 19.5	192
509.999000	gene 2.5	719
509.999000	gene 2.8	469
509.999000	gene 3	290
509.999000	gene 3.8	519
509.999000	gene 4.2	396
509.999000	gene 4.3	687
509.999000	gene 4.5	721
509.999000	gene 4.7	675
509.999000	gene 4A	74
509.999000	gene 5	76
509.999000	gene 5.3	581
509.999000	gene 5.5	526
509.999000	gene 5.7	388
509.999000	gene 5.9	442
509.999000	gene 6	147
509.999000	gene 6.3	499
509.999000	gene 6.5	581
509.999000	gene 6.7	475
509.999000	gene 7	512
509.999000	gene 7.3	705
509.999000	gene 7.7	554
509.999000	gene 8	76
509.999000	gene 9	656
509.999000	gp-2	193
509.999000	lysozyme-3.5	279
509.999000	protein_kinase-0.7	551
509.999000	rbs	1316
509.999000	ribosome	22
509.999000	rnapol-1	51
509.999000	rnapol-3.5	220
514.999000	E. coli B promoter	1
514.999000	E. coli C promoter	1
514.999000	E. coli promoter A1	1
514.999000	E. coli promoter A2	1
514.999000	E. coli promoter A3	1
514.999000	T7 promoter phi1.1A	1
514.999000	T7 promoter phi1.1B	1
514.999000	T7 promoter phi1.3	1
514.999000	T7 promoter phi1.5	1
514.999000	T7 promoter phi1.6	1
514.999000	T7 promoter phi10	1
514.999000	T7 promoter phi13	1
514.999000	T7 promoter phi17	1
514.999000	T7 promoter phi2.5	1
514.999000	T7 promoter phi3.8	1
514.999000	T7 promoter phi4.3	1
514.999000	T7 promoter phi4.7	1
514.999000	T7 promoter phi4c	1
514.999000	T7 promoter phi6.5	0
514.999000	T7 promoter phi9	1
514.999000	bound_ecolipol	0
514.999000	bound_ecolipol_p	1420
514.999000	bound_ribosome	26098
514.999000	degraded_transcript	14749
514.999000	ecoli_genome	380
514.999000	ecoli_transcript	33339
514.999000	ecolipol	0
514.999000	ecolipol-2	0
514.999000	ecolipol-2-p	352
514.999000	ecolipol-p	25
514.999000	gene 0.3	987
514.999000	gene 1.1	208
514.999000	gene 1.2	742
514.999000	gene 1.3	672
514.999000	gene 1.4	384
514.999000	gene 1.5	363
514.999000	gene 1.6	551
514.999000	gene 1.7	447
514.999000	gene 1.8	379
514.999000	gene 10A	2037
514.999000	gene 11	314
514.999000	gene 12	1
514.999000	gene 13	388
514.999000	gene 14	271
514.999000	gene 17	3
514.999000	gene 17.5	292
514.999000	gene 18	209
514.999000	gene 18.5	171
514.999000	gene 18.7	98
514.999000	gene 19.2	194
514.999000	gene 19.3	209
514.999000	gene 19.5	222
514.999000	gene 2.5	758
514.999000	gene 2.8	490
514.999000	gene 3	303
514.999000	gene 3.8	552
514.999000	gene 4.2	423
514.999000	gene 4.3	726
514.999000	gene 4.5	766
514.999000	gene 4.7	726
514.999000	gene 4A	76
514.999000	gene 5	90
514.999000	gene 5.3	623
514.999000	gene 5.5	565
514.999000	gene 5.7	411
514.999000	gene 5.9	478
514.999000	gene 6	160
514.999000	gene 6.3	529
514.999000	gene 6.5	626
514.999000	gene 6.7	507
514.999000	gene 7	555
514.999000	gene 7.3	754
514.999000	gene 7.7	602
514.999000	gene 8	86
514.999000	gene 9	727
514.999000	gp-2	209
514.999000	lysozyme-3.5	289
514.999000	protein_kinase-0.7	567
514.999000	rbs	1463
514.999000	ribosome	17
514.999000	rnapol-1	52
514.999000	rnapol-3.5	234
519.999000	E. coli B promoter	1
519.999000	E. coli C promoter	1
519.999000	E. coli promoter A1	1
519.999000	E. coli promoter A2	1
519.999000	E. coli promoter A3	1
519.999000	T7 promoter phi1.1A	1
519.999000	T7 promoter phi1.1B	1
519.999000	T7 promoter phi1.3	1
519.999000	T7 promoter phi1.5	1
519.999000	T7 promoter phi1.6	1
519.999000	T7 promoter phi10	0
519.999000	T7 promoter phi13	1
519.999000	T7 promoter phi17	1
519.999000	T7 promoter phi2.5	1
519.999000	T7 promoter phi3.8	1
519.999000	T7 promoter phi4.3	1
519.999000	T7 promoter phi4.7	0
519.999000	T7 promoter phi4c	1
519.999000	T7 promoter phi6.5	1
519.999000	T7 promoter phi9	1
519.999000	bound_ecolipol	0
519.999000	bound_ecolipol_p	1426
519.999000	bound_ribosome	25547
519.999000	degraded_transcript	15058
519.999000	ecoli_genome	374
519.999000	ecoli_transcript	33849
519.999000	ecolipol	0
519.999000	ecolipol-2	0
519.999000	ecolipol-2-p	337
519.999000	ecolipol-p	35
519.999000	gene 0.3	1009
519.999000	gene 1.1	216
519.999000	gene 1.2	767
519.999000	gene 1.3	701
519.999000	gene 1.4	398
519.999000	gene 1.5	377
519.999000	gene 1.6	578
519.999000	gene 1.7	470
519.999000	gene 1.8	400
519.999000	gene 10A	2254
519.999000	gene 11	342
519.999000	gene 12	3
519.999000	gene 13	435
519.999000	gene 14	299
519.999000	gene 15	1
519.999000	gene 17	7
519.999000	gene 17.5	319
519.999000	gene 18	235
519.999000	gene 18.5	196
519.999000	gene 18.7	114
519.999000	gene 19.2	207
519.999000	gene 19.3	233
519.999000	gene 19.5	254
519.999000	gene 2.5	800
519.999000	gene 2.8	515
519.999000	gene 3	314
519.999000	gene 3.8	584
519.999000	gene 4.2	452
519.999000	gene 4.3	767
519.999000	gene 4.5	813
519.999000	gene 4.7	772
519.999000	gene 4A	82
519.999000	gene 5	107
519.999000	gene 5.3	671
519.999000	gene 5.5	603
519.999000	gene 5.7	439
519.999000	gene 5.9	514
519.999000	gene 6	172
519.999000	gene 6.3	565
519.999000	gene 6.5	678
519.999000	gene 6.7	547
519.999000	gene 7	600
519.999000	gene 7.3	802
519.999000	gene 7.7	654
519.999000	gene 8	103
519.999000	gene 9	797
519.999000	gp-2	251
519.999000	lysozyme-3.5	295
519.999000	protein_kinase-0.7	582
519.999000	rbs	1500
519.999000	ribosome	13
519.999000	rnapol-1	51
519.999000	rnapol-3.5	249
524.999005	E. coli B promoter	1
524.999005	E. coli C promoter	1
524.999005	E. coli promoter A1	1
524.999005	E. coli promoter A2	1
524.999005	E. coli promoter A3	1
524.999005	T7 promoter phi1.1A	1
524.999005	T7 promoter phi1.1B	1
524.999005	T7 promoter phi1.3	0
524.999005	T7 promoter phi1.5	1
524.999005	T7 promoter phi1.6	0
524.999005	T7 promoter phi10	0
524.999005	T7 promoter phi13	0
524.999005	T7 promoter phi17	0
524.999005	T7 promoter phi2.5	1
524.999005	T7 promoter phi3.8	1
524.999005	T7 promoter phi4.3	1
524.999005	T7 promoter phi4.7	1
524.999005	T7 promoter phi4c	1
524.999005	T7 promoter phi6.5	1
524.999005	T7 promoter phi9	1
524.999005	bound_ecolipol	0
524.999005	bound_ecolipol_p	1419
524.999005	bound_ribosome	24977
524.999005	degraded_transcript	15366
524.999005	ecoli_genome	381
524.999005	ecoli_transcript	34379
524.999005	ecolipol	0
524.999005	ecolipol-2	0
524.999005	ecolipol-2-p	350
524.999005	ecolipol-p	29
524.999005	gene 0.3	1032
524.999005	gene 1.1	222
524.999005	gene 1.2	791
524.999005	gene 1.3	734
524.999005	gene 1.4	414
524.999005	gene 1.5	391
524.999005	gene 1.6	602
524.999005	gene 1.7	495
524.999005	gene 1.8	408
524.999005	gene 10A	2472
524.999005	gene 11	367
524.999005	gene 12	5
524.999005	gene 13	472
524.999005	gene 14	326
524.999005	gene 15	3
524.999005	gene 17	13
524.999005	gene 17.5	363
524.999005	gene 18	265
524.999005	gene 18.5	223
524.999005	gene 18.7	133
524.999005	gene 19.2	225
524.999005	gene 19.3	259
524.999005	gene 19.5	279
524.999005	gene 2.5	843
524.999005	gene 2.8	537
524.999005	gene 3	325
524.999005	gene 3.8	606
524.999005	gene 4.2	477
524.999005	gene 4.3	806
524.999005	gene 4.5	855
524.999005	gene 4.7	816
524.999005	gene 4A	85
524.999005	gene 5	122
524.999005	gene 5.3	720
524.999005	gene 5.5	648
524.999005	gene 5.7	464
524.999005	gene 5.9	545
524.999005	gene 6	181
524.999005	gene 6.3	598
524.999005	gene 6.5	726
524.999005	gene 6.7	585
524.999005	gene 7	639
524.999005	gene 7.3	869
524.999005	gene 7.7	708
524.999005	gene 8	117
524.999005	gene 9	875
524.999005	gp-2	260
524.999005	lysozyme-3.5	309
524.999005	protein_kinase-0.7	600
524.999005	rbs	1612
524.999005	ribosome	16
524.999005	rnapol-1	52
524.999005	rnapol-3.5	265
529.999002	E. coli B promoter	1
529.999002	E. coli C promoter	1
529.999002	E. coli promoter A1	1
529.999002	E. coli promoter A2	1
529.999002	E. coli promoter A3	1
529.999002	T7 promoter phi1.1A	1
529.999002	T7 promoter phi1.1B	1
529.999002	T7 promoter phi1.3	1
529.999002	T7 promoter phi1.5	1
529.999002	T7 promoter phi1.6	1
529.999002	T7 promoter phi10	1
529.999002	T7 promoter phi13	1
529.999002	T7 promoter phi17	0
529.999002	T7 promoter phi2.5	1
529.999002	T7 promoter phi3.8	1
529.999002	T7 promoter phi4.3	1
529.999002	T7 promoter phi4.7	0
529.999002	T7 promoter phi4c	1
529.999002	T7 promoter phi6.5	1
529.999002	T7 promoter phi9	1
529.999002	bound_ecolipol	0
529.999002	bound_ecolipol_p	1399
529.999002	bound_ribosome	24475
529.999002	degraded_transcript	15696
529.999002	ecoli_genome	401
529.999002	ecoli_transcript	34854
529.999002	ecolipol	0
529.999002	ecolipol-2	0
529.999002	ecolipol-2-p	363
529.999002	ecolipol-p	36
529.999002	gene 0.3	1052
529.999002	gene 1.1	235
529.999002	gene 1.2	822
529.999002	gene 1.3	767
529.999002	gene 1.4	432
529.999002	gene 1.5	406
529.999002	gene 1.6	623
529.999002	gene 1.7	521
529.999002	gene 1.8	426
529.999002	gene 10A	2695
529.999002	gene 11	390
529.999002	gene 12	12
529.999002	gene 13	521
529.999002	gene 14	351
529.999002	gene 15	6
529.999002	gene 17	20
529.999002	gene 17.5	400
529.999002	gene 18	295
529.999002	gene 18.5	240
529.999002	gene 18.7	148
529.999002	gene 19.2	241
529.999002	gene 19.3	290
529.999002	gene 19.5	312
529.999002	gene 2.5	884
529.999002	gene 2.8	556
529.999002	gene 3	342
529.999002	gene 3.8	641
529.999002	gene 4.2	503
529.999002	gene 4.3	853
529.999002	gene 4.5	911
529.999002	gene 4.7	862
529.999002	gene 4A	87
529.999002	gene 5	140
529.999002	gene 5.3	762
529.999002	gene 5.5	687
529.999002	gene 5.7	491
529.999002	gene 5.9	576
529.999002	gene 6	193
529.999002	gene 6.3	636
529.999002	gene 6.5	786
529.999002	gene 6.7	630
529.999002	gene 7	683
529.999002	gene 7.3	932
529.999002	gene 7.7	754
529.999002	gene 8	134
529.999002	gene 9	957
529.999002	gp-2	274
529.999002	lysozyme-3.5	333
529.999002	protein_kinase-0.7	615
529.999002	rbs	1706
529.999002	ribosome	19
529.999002	rnapol-1	56
529.999002	rnapol-3.5	265
534.999005	E. coli B promoter	1
534.999005	E. coli C promoter	1
534.999005	E. coli promoter A1	1
534.999005	E. coli promoter A2	1
534.999005	E. coli promoter A3	1
534.999005	T7 promoter phi1.1A	1
534.999005	T7 promoter phi1.1B	1
534.999005	T7 promoter phi1.3	1
534.999005	T7 promoter phi1.5	1
534.999005	T7 promoter phi1.6	1
534.999005	T7 promoter phi10	0
534.999005	T7 promoter phi13	0
534.999005	T7 promoter phi17	1
534.999005	T7 promoter phi2.5	1
534.999005	T7 promoter phi3.8	1
534.999005	T7 promoter phi4.3	1
534.999005	T7 promoter phi4.7	0
534.999005	T7 promoter phi4c	1
534.999005	T7 promoter phi6.5	0
534.999005	T7 promoter phi9	1
534.999005	bound_ecolipol	0
534.999005	bound_ecolipol_p	1356
534.999005	bound_ribosome	24065
534.999005	degraded_transcript	16030
534.999005	ecoli_genome	444
534.999005	ecoli_transcript	35244
534.999005	ecolipol	0
534.999005	ecolipol-2	0
534.999005	ecolipol-2-p	404
534.999005	ecolipol-p	38
534.999005	gene 0.3	1076
534.999005	gene 1.1	247
534.999005	gene 1.2	847
534.999005	gene 1.3	802
534.999005	gene 1.4	453
534.999005	gene 1.5	422
534.999005	gene 1.6	646
534.999005	gene 1.7	546
534.999005	gene 1.8	438
534.999005	gene 10A	2923
534.999005	gene 11	419
534.999005	gene 12	16
534.999005	gene 13	576
534.999005	gene 14	385
534.999005	gene 15	13
534.999005	gene 17	35
534.999005	gene 17.5	434
534.999005	gene 18	333
534.999005	gene 18.5	275
534.999005	gene 18.7	162
534.999005	gene 19	1
534.999005	gene 19.2	264
534.999005	gene 19.3	316
534.999005	gene 19.5	340
534.999005	gene 2.5	926
534.999005	gene 2.8	584
534.999005	gene 3	360
534.999005	gene 3.8	678
534.999005	gene 4.2	536
534.999005	gene 4.3	898
534.999005	gene 4.5	960
534.999005	gene 4.7	913
534.999005	gene 4A	91
534.999005	gene 5	156
534.999005	gene 5.3	813
534.999005	gene 5.5	731
534.999005	gene 5.7	521
534.999005	gene 5.9	616
534.999005	gene 6	210
534.999005	gene 6.3	681
534.999005	gene 6.5	841
534.999005	gene 6.7	669
534.999005	gene 7	733
534.999005	gene 7.3	1000
534.999005	gene 7.7	818
534.999005	gene 8	153
534.999005	gene 9	1044
534.999005	gp-2	262
534.999005	lysozyme-3.5	339
534.999005	protein_kinase-0.7	632
534.999005	rbs	1889
534.999005	ribosome	15
534.999005	rnapol-1	54
534.999005	rnapol-3.5	290
539.999004	E. coli B promoter	1
539.999004	E. coli C promoter	1
539.999004	E. coli promoter A1	1
539.999004	E. coli promoter A2	1
539.999004	E. coli promoter A3	1
539.999004	T7 promoter phi1.1A	1
539.999004	T7 promoter phi1.1B	1
539.999004	T7 promoter phi1.3	0
539.999004	T7 promoter phi1.5	1
539.999004	T7 promoter phi1.6	1
539.999004	T7 promoter phi10	1
539.999004	T7 promoter phi13	1
539.999004	T7 promoter phi17	1
539.999004	T7 promoter phi2.5	1
539.999004	T7 promoter phi3.8	1
539.999004	T7 promoter phi4.3	1
539.999004	T7 promoter phi4.7	1
539.999004	T7 promoter phi4c	1
539.999004	T7 promoter phi6.5	1
539.999004	T7 promoter phi9	1
539.999004	bound_ecolipol	0
539.999004	bound_ecolipol_p	1343
539.999004	bound_ribosome	23533
539.999004	degraded_transcript	16369
539.999004	ecoli_genome	457
539.999004	ecoli_transcript	35718
539.999004	ecolipol	0
539.999004	ecolipol-2	0
539.999004	ecolipol-2-p	428
539.999004	ecolipol-p	27
539.999004	gene 0.3	1099
539.999004	gene 1.1	261
539.999004	gene 1.2	876
539.999004	gene 1.3	838
539.999004	gene 1.4	472
539.999004	gene 1.5	444
539.999004	gene 1.6	670
539.999004	gene 1.7	567
539.999004	gene 1.8	457
539.999004	gene 10A	3164
539.999004	gene 11	449
539.999004	gene 12	24
539.999004	gene 13	626
539.999004	gene 14	427
539.999004	gene 15	22
539.999004	gene 17	44
539.999004	gene 17.5	473
539.999004	gene 18	363
539.999004	gene 18.5	308
539.999004	gene 18.7	179
539.999004	gene 19	2
539.999004	gene 19.2	293
539.999004	gene 19.3	348
539.999004	gene 19.5	378
539.999004	gene 2.5	966
539.999004	gene 2.8	610
539.999004	gene 3	375
539.999004	gene 3.8	707
539.999004	gene 4.2	567
539.999004	gene 4.3	948
539.999004	gene 4.5	1009
539.999004	gene 4.7	972
539.999004	gene 4A	95
539.999004	gene 5	177
539.999004	gene 5.3	865
539.999004	gene 5.5	771
539.999004	gene 5.7	554
539.999004	gene 5.9	654
539.999004	gene 6	228
539.999004	gene 6.3	725
539.999004	gene 6.5	901
539.999004	gene 6.7	715
539.999004	gene 7	794
539.999004	gene 7.3	1058
539.999004	gene 7.7	869
539.999004	gene 8	170
539.999004	gene 9	1127
539.999004	gp-2	265
539.999004	lysozyme-3.5	359
539.999004	protein_kinase-0.7	648
539.999004	rbs	2019
539.999004	ribosome	15
539.999004	rnapol-1	53
539.999004	rnapol-3.5	307
544.999001	E. coli B promoter	1
544.999001	E. coli C promoter	1
544.999001	E. coli promoter A1	1
544.999001	E. coli promoter A2	1
544.999001	E. coli promoter A3	1
544.999001	T7 promoter phi1.1A	1
544.999001	T7 promoter phi1.1B	1
544.999001	T7 promoter phi1.3	1
544.999001	T7 promoter phi1.5	1
544.999001	T7 promoter phi1.6	1
544.999001	T7 promoter phi10	1
544.999001	T7 promoter phi13	1
544.999001	T7 promoter phi17	0
544.999001	T7 promoter phi2.5	1
544.999001	T7 promoter phi3.8	0
544.999001	T7 promoter phi4.3	1
544.999001	T7 promoter phi4.7	1
544.999001	T7 promoter phi4c	1
544.999001	T7 promoter phi6.5	0
544.999001	T7 promoter phi9	1
544.999001	bound_ecolipol	0
544.999001	bound_ecolipol_p	1361
544.999001	bound_ribosome	23005
544.999001	degraded_transcript	16733
544.999001	ecoli_genome	439
544.999001	ecoli_transcript	36153
544.999001	ecolipol	0
544.999001	ecolipol-2	0
544.999001	ecolipol-2-p	410
544.999001	ecolipol-p	27
544.999001	gene 0.3	1119
544.999001	gene 1.1	278
544.999001	gene 1.2	902
544.999001	gene 1.3	873
544.999001	gene 1.4	493
544.999001	gene 1.5	460
544.999001	gene 1.6	700
544.999001	gene 1.7	591
544.999001	gene 1.8	478
544.999001	gene 10A	3396
544.999001	gene 11	471
544.999001	gene 12	32
544.999001	gene 13	672
544.999001	gene 14	463
544.999001	gene 15	30
544.999001	gene 17	64
544.999001	gene 17.5	514
544.999001	gene 18	392
544.999001	gene 18.5	342
544.999001	gene 18.7	201
544.999001	gene 19	7
544.999001	gene 19.2	319
544.999001	gene 19.3	378
544.999001	gene 19.5	411
544.999001	gene 2.5	1010
544.999001	gene 2.8	640
544.999001	gene 3	401
544.999001	gene 3.8	745
544.999001	gene 4.2	596
544.999001	gene 4.3	989
544.999001	gene 4.5	1066
544.999001	gene 4.7	1025
544.999001	gene 4A	99
544.999001	gene 5	197
544.999001	gene 5.3	916
544.999001	gene 5.5	809
544.999001	gene 5.7	587
544.999001	gene 5.9	688
544.999001	gene 6	243
544.999001	gene 6.3	756
544.999001	gene 6.5	953
544.999001	gene 6.7	754
544.999001	gene 7	844
544.999001	gene 7.3	1115
544.999001	gene 7.7	929
544.999001	gene 8	189
544.999001	gene 9	1223
544.999001	gp-2	309
544.999001	lysozyme-3.5	376
544.999001	protein_kinase-0.7	667
544.999001	rbs	2115
544.999001	ribosome	18
544.999001	rnapol-1	56
544.999001	rnapol-3.5	326
549.999004	E. coli B promoter	1
549.999004	E. coli C promoter	1
549.999004	E. coli promoter A1	1
549.999004	E. coli promoter A2	1
549.999004	E. coli promoter A3	1
549.999004	T7 promoter phi1.1A	1
549.999004	T7 promoter phi1.1B	1
549.999004	T7 promoter phi1.3	1
549.999004	T7 promoter phi1.5	1
549.999004	T7 promoter phi1.6	1
549.999004	T7 promoter phi10	1
549.999004	T7 promoter phi13	1
549.999004	T7 promoter phi17	1
549.999004	T7 promoter phi2.5	1
549.999004	T7 promoter phi3.8	1
549.999004	T7 promoter phi4.3	1
549.999004	T7 promoter phi4.7	1
549.999004	T7 promoter phi4c	1
549.999004	T7 promoter phi6.5	0
549.999004	T7 promoter phi9	1
549.999004	bound_ecolipol	0
549.999004	bound_ecolipol_p	1347
549.999004	bound_ribosome	22494
549.999004	degraded_transcript	17118
549.999004	ecoli_genome	453
549.999004	ecoli_transcript	36533
549.999004	ecolipol	0
549.999004	ecolipol-2	0
549.999004	ecolipol-2-p	429
549.999004	ecolipol-p	22
549.999004	gene 0.3	1141
549.999004	gene 1.1	294
549.999004	gene 1.2	933
549.999004	gene 1.3	910
549.999004	gene 1.4	515
549.999004	gene 1.5	488
549.999004	gene 1.6	724
549.999004	gene 1.7	611
549.999004	gene 1.8	503
549.999004	gene 10A	3641
549.999004	gene 11	500
549.999004	gene 12	42
549.999004	gene 13	724
549.999004	gene 14	498
549.999004	gene 15	41
549.999004	gene 17	82
549.999004	gene 17.5	557
549.999004	gene 18	428
549.999004	gene 18.5	374
549.999004	gene 18.7	224
549.999004	gene 19	16
549.999004	gene 19.2	343
549.999004	gene 19.3	409
549.999004	gene 19.5	450
549.999004	gene 2.5	1056
549.999004	gene 2.8	664
549.999004	gene 3	421
549.999004	gene 3.8	772
549.999004	gene 4.2	625
549.999004	gene 4.3	1038
549.999004	gene 4.5	1126
549.999004	gene 4.7	1080
549.999004	gene 4A	103
549.999004	gene 5	220
549.999004	gene 5.3	967
549.999004	gene 5.5	860
549.999004	gene 5.7	616
549.999004	gene 5.9	723
549.999004	gene 6	259
549.999004	gene 6.3	800
549.999004	gene 6.5	1015
549.999004	gene 6.7	798
549.999004	gene 7	903
549.999004	gene 7.3	1174
549.999004	gene 7.7	985
549.999004	gene 8	211
549.999004	gene 9	1309
549.999004	gp-2	323
549.999004	lysozyme-3.5	386
549.999004	protein_kinase-0.7	689
549.999004	rbs	2233
549.999004	ribosome	14
549.999004	rnapol-1	52
549.999004	rnapol-3.5	338
554.999001	E. coli B promoter	1
554.999001	E. coli C promoter	1
554.999001	E. coli promoter A1	1
554.999001	E. coli promoter A2	1
554.999001	E. coli promoter A3	1
554.999001	T7 promoter phi1.1A	1
554.999001	T7 promoter phi1.1B	0
554.999001	T7 promoter phi1.3	1
554.999001	T7 promoter phi1.5	1
554.999001	T7 promoter phi1.6	1
554.999001	T7 promoter phi10	1
554.999001	T7 promoter phi13	1
554.999001	T7 promoter phi17	1
554.999001	T7 promoter phi2.5	1
554.999001	T7 promoter phi3.8	1
554.999001	T7 promoter phi4.3	0
554.999001	T7 promoter phi4.7	1
554.999001	T7 promoter phi4c	1
554.999001	T7 promoter phi6.5	0
554.999001	T7 promoter phi9	1
554.999001	bound_ecolipol	0
554.999001	bound_ecolipol_p	1329
554.999001	bound_ribosome	22006
554.999001	degraded_transcript	17481
554.999001	ecoli_genome	471
554.999001	ecoli_transcript	36936
554.999001	ecolipol	0
554.999001	ecolipol-2	0
554.999001	ecolipol-2-p	443
554.999001	ecolipol-p	26
554.999001	gene 0.3	1163
554.999001	gene 1.1	311
554.999001	gene 1.2	961
554.999001	gene 1.3	949
554.999001	gene 1.4	537
554.999001	gene 1.5	507
554.999001	gene 1.6	758
554.999001	gene 1.7	635
554.999001	gene 1.8	524
554.999001	gene 10A	3908
554.999001	gene 11	538
554.999001	gene 12	52
554.999001	gene 13	769
554.999001	gene 14	531
554.999001	gene 15	55
554.999001	gene 17	100
554.999001	gene 17.5	605
554.999001	gene 18	468
554.999001	gene 18.5	410
554.999001	gene 18.7	251
554.999001	gene 19	27
554.999001	gene 19.2	367
554.999001	gene 19.3	446
554.999001	gene 19.5	484
554.999001	gene 2.5	1104
554.999001	gene 2.8	694
554.999001	gene 3	446
554.999001	gene 3.8	811
554.999001	gene 4.2	652
554.999001	gene 4.3	1085
554.999001	gene 4.5	1176
554.999001	gene 4.7	1137
554.999001	gene 4A	107
554.999001	gene 5	245
554.999001	gene 5.3	1017
554.999001	gene 5.5	899
554.999001	gene 5.7	652
554.999001	gene 5.9	755
554.999001	gene 6	282
554.999001	gene 6.3	839
554.999001	gene 6.5	1076
554.999001	gene 6.7	843
554.999001	gene 7	956
554.999001	gene 7.3	1240
554.999001	gene 7.7	1047
554.999001	gene 8	232
554.999001	gene 9	1410
554.999001	gp-2	337
554.999001	lysozyme-3.5	417
554.999001	protein_kinase-0.7	704
554.999001	rbs	2342
554.999001	ribosome	7
554.999001	rnapol-1	66
554.999001	rnapol-3.5	347
559.999003	E. coli B promoter	1
559.999003	E. coli C promoter	1
559.999003	E. coli promoter A1	1
559.999003	E. coli promoter A2	1
559.999003	E. coli promoter A3	1
559.999003	T7 promoter phi1.1A	1
559.999003	T7 promoter phi1.1B	1
559.999003	T7 promoter phi1.3	1
559.999003	T7 promoter phi1.5	1
559.999003	T7 promoter phi1.6	0
559.999003	T7 promoter phi10	0
559.999003	T7 promoter phi13	1
559.999003	T7 promoter phi17	1
559.999003	T7 promoter phi2.5	1
559.999003	T7 promoter phi3.8	1
559.999003	T7 promoter phi4.3	1
559.999003	T7 promoter phi4.7	1
559.999003	T7 promoter phi4c	1
559.999003	T7 promoter phi6.5	1
559.999003	T7 promoter phi9	0
559.999003	bound_ecolipol	0
559.999003	bound_ecolipol_p	1318
559.999003	bound_ribosome	21448
559.999003	degraded_transcript	17829
559.999003	ecoli_genome	482
559.999003	ecoli_transcript	37423
559.999003	ecolipol	0
559.999003	ecolipol-2	0
559.999003	ecolipol-2-p	450
559.999003	ecolipol-p	30
559.999003	gene 0.3	1186
559.999003	gene 1.1	327
559.999003	gene 1.2	991
559.999003	gene 1.3	989
559.999003	gene 1.4	556
559.999003	gene 1.5	526
559.999003	gene 1.6	791
559.999003	gene 1.7	660
559.999003	gene 1.8	550
559.999003	gene 10A	4178
559.999003	gene 11	577
559.999003	gene 12	63
559.999003	gene 13	821
559.999003	gene 14	568
559.999003	gene 15	70
559.999003	gene 17	123
559.999003	gene 17.5	665
559.999003	gene 18	514
559.999003	gene 18.5	449
559.999003	gene 18.7	272
559.999003	gene 19	41
559.999003	gene 19.2	410
559.999003	gene 19.3	487
559.999003	gene 19.5	521
559.999003	gene 2.5	1161
559.999003	gene 2.8	722
559.999003	gene 3	463
559.999003	gene 3.8	851
559.999003	gene 4.2	680
559.999003	gene 4.3	1135
559.999003	gene 4.5	1234
559.999003	gene 4.7	1192
559.999003	gene 4A	115
559.999003	gene 5	266
559.999003	gene 5.3	1073
559.999003	gene 5.5	951
559.999003	gene 5.7	684
559.999003	gene 5.9	799
559.999003	gene 6	304
559.999003	gene 6.3	884
559.999003	gene 6.5	1137
559.999003	gene 6.7	887
559.999003	gene 7	1014
559.999003	gene 7.3	1316
559.999003	gene 7.7	1110
559.999003	gene 8	251
559.999003	gene 9	1511
559.999003	gp-2	359
559.999003	lysozyme-3.5	409
559.999003	protein_kinase-0.7	725
559.999003	rbs	2455
559.999003	ribosome	9
559.999003	rnapol-1	39
559.999003	rnapol-3.5	385
564.999008	E. coli B promoter	1
564.999008	E. coli C promoter	1
564.999008	E. coli promoter A1	1
564.999008	E. coli promoter A2	1
564.999008	E. coli promoter A3	1
564.999008	T7 promoter phi1.1A	1
564.999008	T7 promoter phi1.1B	1
564.999008	T7 promoter phi1.3	0
564.999008	T7 promoter phi1.5	1
564.999008	T7 promoter phi1.6	1
564.999008	T7 promoter phi10	0
564.999008	T7 promoter phi13	1
564.999008	T7 promoter phi17	0
564.999008	T7 promoter phi2.5	0
564.999008	T7 promoter phi3.8	1
564.999008	T7 promoter phi4.3	1
564.999008	T7 promoter phi4.7	1
564.999008	T7 promoter phi4c	1
564.999008	T7 promoter phi6.5	1
564.999008	T7 promoter phi9	1
564.999008	bound_ecolipol	0
564.999008	bound_ecolipol_p	1323
564.999008	bound_ribosome	20990
564.999008	degraded_transcript	18173
564.999008	ecoli_genome	477
564.999008	ecoli_transcript	37801
564.999008	ecolipol	0
564.999008	ecolipol-2	0
564.999008	ecolipol-2-p	455
564.999008	ecolipol-p	20
564.999008	gene 0.3	1208
564.999008	gene 1.1	344
564.999008	gene 1.2	1021
564.999008	gene 1.3	1028
564.999008	gene 1.4	579
564.999008	gene 1.5	542
564.999008	gene 1.6	821
564.999008	gene 1.7	688
564.999008	gene 1.8	564
564.999008	gene 10A	4447
564.999008	gene 11	614
564.999008	gene 12	71
564.999008	gene 13	884
564.999008	gene 14	598
564.999008	gene 15	84
564.999008	gene 17	150
564.999008	gene 17.5	709
564.999008	gene 18	559
564.999008	gene 18.5	490
564.999008	gene 18.7	297
564.999008	gene 19	47
564.999008	gene 19.2	442
564.999008	gene 19.3	527
564.999008	gene 19.5	572
564.999008	gene 2.5	1207
564.999008	gene 2.8	754
564.999008	gene 3	486
564.999008	gene 3.8	892
564.999008	gene 4.2	711
564.999008	gene 4.3	1184
564.999008	gene 4.5	1282
564.999008	gene 4.7	1250
564.999008	gene 4A	122
564.999008	gene 5	294
564.999008	gene 5.3	1126
564.999008	gene 5.5	996
564.999008	gene 5.7	717
564.999008	gene 5.9	832
564.999008	gene 6	325
564.999008	gene 6.3	930
564.999008	gene 6.5	1208
564.999008	gene 6.7	937
564.999008	gene 7	1072
564.999008	gene 7.3	1372
564.999008	gene 7.7	1179
564.999008	gene 8	278
564.999008	gene 9	1606
564.999008	gp-2	382
564.999008	lysozyme-3.5	436
564.999008	protein_kinase-0.7	744
564.999008	rbs	2615
564.999008	ribosome	14
564.999008	rnapol-1	50
564.999008	rnapol-3.5	389
569.999006	E. coli B promoter	1
569.999006	E. coli C promoter	1
569.999006	E. coli promoter A1	1
569.999006	E. coli promoter A2	1
569.999006	E. coli promoter A3	1
569.999006	T7 promoter phi1.1A	1
569.999006	T7 promoter phi1.1B	1
569.999006	T7 promoter phi1.3	1
569.999006	T7 promoter phi1.5	1
569.999006	T7 promoter phi1.6	1
569.999006	T7 promoter phi10	1
569.999006	T7 promoter phi13	1
569.999006	T7 promoter phi17	1
569.999006	T7 promoter phi2.5	1
569.999006	T7 promoter phi3.8	1
569.999006	T7 promoter phi4.3	1
569.999006	T7 promoter phi4.7	0
569.999006	T7 promoter phi4c	1
569.999006	T7 promoter phi6.5	1
569.999006	T7 promoter phi9	0
569.999006	bound_ecolipol	0
569.999006	bound_ecolipol_p	1315
569.999006	bound_ribosome	20576
569.999006	degraded_transcript	18546
569.999006	ecoli_genome	485
569.999006	ecoli_transcript	38096
569.999006	ecolipol	0
569.999006	ecolipol-2	0
569.999006	ecolipol-2-p	465
569.999006	ecolipol-p	19
569.999006	gene 0.3	1230
569.999006	gene 1.1	362
569.999006	gene 1.2	1052
569.999006	gene 1.3	1065
569.999006	gene 1.4	599
569.999006	gene 1.5	564
569.999006	gene 1.6	850
569.999006	gene 1.7	722
569.999006	gene 1.8	585
569.999006	gene 10A	4737
569.999006	gene 11	653
569.999006	gene 12	84
569.999006	gene 13	937
569.999006	gene 14	627
569.999006	gene 15	100
569.999006	gene 17	184
569.999006	gene 17.5	763
569.999006	gene 18	611
569.999006	gene 18.5	530
569.999006	gene 18.7	330
569.999006	gene 19	61
569.999006	gene 19.2	469
569.999006	gene 19.3	553
569.999006	gene 19.5	622
569.999006	gene 2.5	1256
569.999006	gene 2.8	788
569.999006	gene 3	506
569.999006	gene 3.8	932
569.999006	gene 4.2	746
569.999006	gene 4.3	1244
569.999006	gene 4.5	1341
569.999006	gene 4.7	1310
569.999006	gene 4A	129
569.999006	gene 5	323
569.999006	gene 5.3	1183
569.999006	gene 5.5	1046
569.999006	gene 5.7	762
569.999006	gene 5.9	876
569.999006	gene 6	343
569.999006	gene 6.3	973
569.999006	gene 6.5	1271
569.999006	gene 6.7	977
569.999006	gene 7	1133
569.999006	gene 7.3	1435
569.999006	gene 7.7	1253
569.999006	gene 8	305
569.999006	gene 9	1707
569.999006	gp-2	402
569.999006	lysozyme-3.5	456
569.999006	protein_kinase-0.7	763
569.999006	rbs	2802
569.999006	ribosome	9
569.999006	rnapol-1	46
569.999006	rnapol-3.5	404
574.999002	E. coli B promoter	1
574.999002	E. coli C promoter	1
574.999002	E. coli promoter A1	1
574.999002	E. coli promoter A2	1
574.999002	E. coli promoter A3	1
574.999002	T7 promoter phi1.1A	1
574.999002	T7 promoter phi1.1B	1
574.999002	T7 promoter phi1.3	1
574.999002	T7 promoter phi1.5	1
574.999002	T7 promoter phi1.6	1
574.999002	T7 promoter phi10	0
574.999002	T7 promoter phi13	1
574.999002	T7 promoter phi17	0
574.999002	T7 promoter phi2.5	1
574.999002	T7 promoter phi3.8	1
574.999002	T7 promoter phi4.3	1
574.999002	T7 promoter phi4.7	1
574.999002	T7 promoter phi4c	1
574.999002	T7 promoter phi6.5	0
574.999002	T7 promoter phi9	1
574.999002	bound_ecolipol	0
574.999002	bound_ecolipol_p	1300
574.999002	bound_ribosome	20109
574.999002	degraded_transcript	18909
574.999002	ecoli_genome	500
574.999002	ecoli_transcript	38464
574.999002	ecolipol	0
574.999002	ecolipol-2	0
574.999002	ecolipol-2-p	460
574.999002	ecolipol-p	39
574.999002	gene 0.3	1253
574.999002	gene 1.1	390
574.999002	gene 1.2	1079
574.999002	gene 1.3	1106
574.999002	gene 1.4	623
574.999002	gene 1.5	583
574.999002	gene 1.6	883
574.999002	gene 1.7	751
574.999002	gene 1.8	603
574.999002	gene 10A	5028
574.999002	gene 11	686
574.999002	gene 12	96
574.999002	gene 13	994
574.999002	gene 14	662
574.999002	gene 15	119
574.999002	gene 17	211
574.999002	gene 17.5	835
574.999002	gene 18	653
574.999002	gene 18.5	576
574.999002	gene 18.7	351
574.999002	gene 19	84
574.999002	gene 19.2	502
574.999002	gene 19.3	588
574.999002	gene 19.5	669
574.999002	gene 2.5	1313
574.999002	gene 2.8	823
574.999002	gene 3	529
574.999002	gene 3.8	978
574.999002	gene 4.2	789
574.999002	gene 4.3	1298
574.999002	gene 4.5	1413
574.999002	gene 4.7	1376
574.999002	gene 4A	133
574.999002	gene 5	351
574.999002	gene 5.3	1237
574.999002	gene 5.5	1096
574.999002	gene 5.7	792
574.999002	gene 5.9	912
574.999002	gene 6	360
574.999002	gene 6.3	1018
574.999002	gene 6.5	1341
574.999002	gene 6.7	1029
574.999002	gene 7	1181
574.999002	gene 7.3	1500
574.999002	gene 7.7	1321
574.999002	gene 8	328
574.999002	gene 9	1832
574.999002	gp-2	438
574.999002	lysozyme-3.5	483
574.999002	protein_kinase-0.7	786
574.999002	rbs	2940
574.999002	ribosome	10
574.999002	rnapol-1	54
574.999002	rnapol-3.5	414
579.999001	E. coli B promoter	1
579.999001	E. coli C promoter	1
579.999001	E. coli promoter A1	1
579.999001	E. coli promoter A2	1
579.999001	E. coli promoter A3	1
579.999001	T7 promoter phi1.1A	1
579.999001	T7 promoter phi1.1B	0
579.999001	T7 promoter phi1.3	1
579.999001	T7 promoter phi1.5	1
579.999001	T7 promoter phi1.6	1
579.999001	T7 promoter phi10	0
579.999001	T7 promoter phi13	1
579.999001	T7 promoter phi17	0
579.999001	T7 promoter phi2.5	1
579.999001	T7 promoter phi3.8	1
579.999001	T7 promoter phi4.3	1
579.999001	T7 promoter phi4.7	0
579.999001	T7 promoter phi4c	1
579.999001	T7 promoter phi6.5	1
579.999001	T7 promoter phi9	1
579.999001	bound_ecolipol	0
579.999001	bound_ecolipol_p	1278
579.999001	bound_ribosome	19609
579.999001	degraded_transcript	19275
579.999001	ecoli_genome	522
579.999001	ecoli_transcript	38870
579.999001	ecolipol	0
579.999001	ecolipol-2	0
579.999001	ecolipol-2-p	497
579.999001	ecolipol-p	24
579.999001	gene 0.3	1274
579.999001	gene 1.1	416
579.999001	gene 1.2	1113
579.999001	gene 1.3	1141
579.999001	gene 1.4	644
579.999001	gene 1.5	609
579.999001	gene 1.6	911
579.999001	gene 1.7	782
579.999001	gene 1.8	618
579.999001	gene 10A	5316
579.999001	gene 11	717
579.999001	gene 12	111
579.999001	gene 13	1054
579.999001	gene 14	708
579.999001	gene 15	134
579.999001	gene 17	230
579.999001	gene 17.5	885
579.999001	gene 18	697
579.999001	gene 18.5	629
579.999001	gene 18.7	388
579.999001	gene 19	100
579.999001	gene 19.2	551
579.999001	gene 19.3	624
579.999001	gene 19.5	721
579.999001	gene 2.5	1369
579.999001	gene 2.8	855
579.999001	gene 3	554
579.999001	gene 3.8	1020
579.999001	gene 4.2	826
579.999001	gene 4.3	1351
579.999001	gene 4.5	1480
579.999001	gene 4.7	1451
579.999001	gene 4A	138
579.999001	gene 5	382
579.999001	gene 5.3	1295
579.999001	gene 5.5	1147
579.999001	gene 5.7	833
579.999001	gene 5.9	955
579.999001	gene 6	376
579.999001	gene 6.3	1063
579.999001	gene 6.5	1405
579.999001	gene 6.7	1085
579.999001	gene 7	1240
579.999001	gene 7.3	1565
579.999001	gene 7.7	1389
579.999001	gene 8	354
579.999001	gene 9	1939
579.999001	gp-2	428
579.999001	lysozyme-3.5	501
579.999001	protein_kinase-0.7	802
579.999001	rbs	3080
579.999001	ribosome	16
579.999001	rnapol-1	52
579.999001	rnapol-3.5	429
584.999000	E. coli B promoter	1
584.999000	E. coli C promoter	1
584.999000	E. coli promoter A1	1
584.999000	E. coli promoter A2	1
584.999000	E. coli promoter A3	1
584.999000	T7 promoter phi1.1A	1
584.999000	T7 promoter phi1.1B	1
584.999000	T7 promoter phi1.3	1
584.999000	T7 promoter phi1.5	1
584.999000	T7 promoter phi1.6	1
584.999000	T7 promoter phi10	0
584.999000	T7 promoter phi13	0
584.999000	T7 promoter phi17	0
584.999000	T7 promoter phi2.5	1
584.999000	T7 promoter phi3.8	1
584.999000	T7 promoter phi4.3	0
584.999000	T7 promoter phi4.7	1
584.999000	T7 promoter phi4c	1
584.999000	T7 promoter phi6.5	1
584.999000	T7 promoter phi9	0
584.999000	bound_ecolipol	0
584.999000	bound_ecolipol_p	1282
584.999000	bound_ribosome	19233
584.999000	degraded_transcript	19670
584.999000	ecoli_genome	518
584.999000	ecoli_transcript	39110
584.999000	ecolipol	0
584.999000	ecolipol-2	0
584.999000	ecolipol-2-p	499
584.999000	ecolipol-p	18
584.999000	gene 0.3	1295
584.999000	gene 1.1	443
584.999000	gene 1.2	1146
584.999000	gene 1.3	1185
584.999000	gene 1.4	666
584.999000	gene 1.5	627
584.999000	gene 1.6	943
584.999000	gene 1.7	815
584.999000	gene 1.8	642
584.999000	gene 10A	5610
584.999000	gene 11	765
584.999000	gene 12	123
584.999000	gene 13	1116
584.999000	gene 14	749
584.999000	gene 15	152
584.999000	gene 17	254
584.999000	gene 17.5	943
584.999000	gene 18	737
584.999000	gene 18.5	671
584.999000	gene 18.7	416
584.999000	gene 19	117
584.999000	gene 19.2	590
584.999000	gene 19.3	664
584.999000	gene 19.5	763
584.999000	gene 2.5	1417
584.999000	gene 2.8	889
584.999000	gene 3	581
584.999000	gene 3.8	1076
584.999000	gene 4.2	864
584.999000	gene 4.3	1402
584.999000	gene 4.5	1540
584.999000	gene 4.7	1509
584.999000	gene 4A	146
584.999000	gene 5	418
584.999000	gene 5.3	1353
584.999000	gene 5.5	1197
584.999000	gene 5.7	871
584.999000	gene 5.9	1008
584.999000	gene 6	404
584.999000	gene 6.3	1115
584.999000	gene 6.5	1474
584.999000	gene 6.7	1131
584.999000	gene 7	1297
584.999000	gene 7.3	1645
584.999000	gene 7.7	1463
584.999000	gene 8	383
584.999000	gene 9	2058
584.999000	gp-2	462
584.999000	lysozyme-3.5	519
584.999000	protein_kinase-0.7	825
584.999000	rbs	3291
584.999000	ribosome	6
584.999000	rnapol-1	50
584.999000	rnapol-3.5	445
589.999003	E. coli B promoter	1
589.999003	E. coli C promoter	1
589.999003	E. coli promoter A1	1
589.999003	E. coli promoter A2	1
589.999003	E. coli promoter A3	1
589.999003	T7 promoter phi1.1A	1
589.999003	T7 promoter phi1.1B	1
589.999003	T7 promoter phi1.3	1
589.999003	T7 promoter phi1.5	0
589.999003	T7 promoter phi1.6	0
589.999003	T7 promoter phi10	1
589.999003	T7 promoter phi13	1
589.999003	T7 promoter phi17	1
589.999003	T7 promoter phi2.5	1
589.999003	T7 promoter phi3.8	1
589.999003	T7 promoter phi4.3	0
589.999003	T7 promoter phi4.7	1
589.999003	T7 promoter phi4c	0
589.999003	T7 promoter phi6.5	1
589.999003	T7 promoter phi9	0
589.999003	bound_ecolipol	0
589.999003	bound_ecolipol_p	1268
589.999003	bound_ribosome	18750
589.999003	degraded_transcript	20046
589.999003	ecoli_genome	532
589.999003	ecoli_transcript	39478
589.999003	ecolipol	0
589.999003	ecolipol-2	0
589.999003	ecolipol-2-p	513
589.999003	ecolipol-p	19
589.999003	gene 0.3	1313
589.999003	gene 1.1	466
589.999003	gene 1.2	1179
589.999003	gene 1.3	1228
589.999003	gene 1.4	696
589.999003	gene 1.5	653
589.999003	gene 1.6	979
589.999003	gene 1.7	840
589.999003	gene 1.8	666
589.999003	gene 10A	5907
589.999003	gene 11	806
589.999003	gene 12	142
589.999003	gene 13	1176
589.999003	gene 14	799
589.999003	gene 15	170
589.999003	gene 17	280
589.999003	gene 17.5	1003
589.999003	gene 18	788
589.999003	gene 18.5	735
589.999003	gene 18.7	449
589.999003	gene 19	135
589.999003	gene 19.2	615
589.999003	gene 19.3	704
589.999003	gene 19.5	805
589.999003	gene 2.5	1469
589.999003	gene 2.8	925
589.999003	gene 3	600
589.999003	gene 3.8	1119
589.999003	gene 4.2	908
589.999003	gene 4.3	1457
589.999003	gene 4.5	1609
589.999003	gene 4.7	1583
589.999003	gene 4A	150
589.999003	gene 5	443
589.999003	gene 5.3	1415
589.999003	gene 5.5	1259
589.999003	gene 5.7	914
589.999003	gene 5.9	1049
589.999003	gene 6	421
589.999003	gene 6.3	1165
589.999003	gene 6.5	1542
589.999003	gene 6.7	1177
589.999003	gene 7	1366
589.999003	gene 7.3	1719
589.999003	gene 7.7	1539
589.999003	gene 8	420
589.999003	gene 9	2167
589.999003	gp-2	484
589.999003	lysozyme-3.5	540
589.999003	protein_kinase-0.7	844
589.999003	rbs	3439
589.999003	ribosome	8
589.999003	rnapol-1	57
589.999003	rnapol-3.5	463
594.999003	E. coli B promoter	1
594.999003	E. coli C promoter	1
594.999003	E. coli promoter A1	1
594.999003	E. coli promoter A2	1
594.999003	E. coli promoter A3	1
594.999003	T7 promoter phi1.1A	1
594.999003	T7 promoter phi1.1B	1
594.999003	T7 promoter phi1.3	1
594.999003	T7 promoter phi1.5	1
594.999003	T7 promoter phi1.6	1
594.999003	T7 promoter phi10	1
594.999003	T7 promoter phi13	0
594.999003	T7 promoter phi17	0
594.999003	T7 promoter phi2.5	1
594.999003	T7 promoter phi3.8	1
594.999003	T7 promoter phi4.3	1
594.999003	T7 promoter phi4.7	0
594.999003	T7 promoter phi4c	1
594.999003	T7 promoter phi6.5	1
594.999003	T7 promoter phi9	1
594.999003	bound_ecolipol	0
594.999003	bound_ecolipol_p	1257
594.999003	bound_ribosome	18276
594.999003	degraded_transcript	20460
594.999003	ecoli_genome	543
594.999003	ecoli_transcript	39808
594.999003	ecolipol	0
594.999003	ecolipol-2	0
594.999003	ecolipol-2-p	514
594.999003	ecolipol-p	29
594.999003	gene 0.3	1338
594.999003	gene 1.1	491
594.999003	gene 1.2	1215
594.999003	gene 1.3	1270
594.999003	gene 1.4	720
594.999003	gene 1.5	682
594.999003	gene 1.6	1010
594.999003	gene 1.7	875
594.999003	gene 1.8	693
594.999003	gene 10A	6210
594.999003	gene 11	851
594.999003	gene 12	151
594.999003	gene 13	1240
594.999003	gene 14	849
594.999003	gene 15	193
594.999003	gene 17	319
594.999003	gene 17.5	1058
594.999003	gene 18	839
594.999003	gene 18.5	775
594.999003	gene 18.7	477
594.999003	gene 19	158
594.999003	gene 19.2	658
594.999003	gene 19.3	748
594.999003	gene 19.5	844
594.999003	gene 2.5	1520
594.999003	gene 2.8	957
594.999003	gene 3	625
594.999003	gene 3.8	1163
594.999003	gene 4.2	945
594.999003	gene 4.3	1509
594.999003	gene 4.5	1675
594.999003	gene 4.7	1656
594.999003	gene 4A	157
594.999003	gene 5	485
594.999003	gene 5.3	1484
594.999003	gene 5.5	1311
594.999003	gene 5.7	956
594.999003	gene 5.9	1092
594.999003	gene 6	445
594.999003	gene 6.3	1211
594.999003	gene 6.5	1622
594.999003	gene 6.7	1234
594.999003	gene 7	1440
594.999003	gene 7.3	1798
594.999003	gene 7.7	1621
594.999003	gene 8	446
594.999003	gene 9	2289
594.999003	gp-2	519
594.999003	lysozyme-3.5	547
594.999003	protein_kinase-0.7	861
594.999003	rbs	3620
594.999003	ribosome	11
594.999003	rnapol-1	50
594.999003	rnapol-3.5	503
599.999000	E. coli B promoter	1
599.999000	E. coli C promoter	1
599.999000	E. coli promoter A1	1
599.999000	E. coli promoter A2	1
599.999000	E. coli promoter A3	1
599.999000	T7 promoter phi1.1A	1
599.999000	T7 promoter phi1.1B	1
599.999000	T7 promoter phi1.3	1
599.999000	T7 promoter phi1.5	0
599.999000	T7 promoter phi1.6	1
599.999000	T7 promoter phi10	0
599.999000	T7 promoter phi13	1
599.999000	T7 promoter phi17	1
599.999000	T7 promoter phi2.5	1
599.999000	T7 promoter phi3.8	1
599.999000	T7 promoter phi4.3	1
599.999000	T7 promoter phi4.7	1
599.999000	T7 promoter phi4c	1
599.999000	T7 promoter phi6.5	0
599.999000	T7 promoter phi9	1
599.999000	bound_ecolipol	0
599.999000	bound_ecolipol_p	1242
599.999000	bound_ribosome	17835
599.999000	degraded_transcript	20822
599.999000	ecoli_genome	558
599.999000	ecoli_transcript	40141
599.999000	ecolipol	0
599.999000	ecolipol-2	0
599.999000	ecolipol-2-p	542
599.999000	ecolipol-p	16
599.999000	gene 0.3	1356
599.999000	gene 1.1	520
599.999000	gene 1.2	1250
599.999000	gene 1.3	1317
599.999000	gene 1.4	742
599.999000	gene 1.5	701
599.999000	gene 1.6	1047
599.999000	gene 1.7	901
599.999000	gene 1.8	715
599.999000	gene 10A	6511
599.999000	gene 11	897
599.999000	gene 12	169
599.999000	gene 13	1295
599.999000	gene 14	888
599.999000	gene 15	216
599.999000	gene 17	360
599.999000	gene 17.5	1103
599.999000	gene 18	878
599.999000	gene 18.5	838
599.999000	gene 18.7	516
599.999000	gene 19	187
599.999000	gene 19.2	708
599.999000	gene 19.3	790
599.999000	gene 19.5	896
599.999000	gene 2.5	1572
599.999000	gene 2.8	995
599.999000	gene 3	646
599.999000	gene 3.8	1222
599.999000	gene 4.2	989
599.999000	gene 4.3	1556
599.999000	gene 4.5	1743
599.999000	gene 4.7	1720
599.999000	gene 4A	163
599.999000	gene 5	525
599.999000	gene 5.3	1552
599.999000	gene 5.5	1370
599.999000	gene 5.7	1005
599.999000	gene 5.9	1139
599.999000	gene 6	469
599.999000	gene 6.3	1267
599.999000	gene 6.5	1695
599.999000	gene 6.7	1286
599.999000	gene 7	1502
599.999000	gene 7.3	1883
599.999000	gene 7.7	1701
599.999000	gene 8	483
599.999000	gene 9	2420
599.999000	gp-2	525
599.999000	lysozyme-3.5	571
599.999000	protein_kinase-0.7	883
599.999000	rbs	3753
599.999000	ribosome	16
599.999000	rnapol-1	50
599.999000	rnapol-3.5	519
604.999001	E. coli B promoter	1
604.999001	E. coli C promoter	1
604.999001	E. coli promoter A1	1
604.999001	E. coli promoter A2	1
604.999001	E. coli promoter A3	1
604.999001	T7 promoter phi1.1A	1
604.999001	T7 promoter phi1.1B	1
604.999001	T7 promoter phi1.3	1
604.999001	T7 promoter phi1.5	1
604.999001	T7 promoter phi1.6	1
604.999001	T7 promoter phi10	1
604.999001	T7 promoter phi13	0
604.999001	T7 promoter phi17	1
604.999001	T7 promoter phi2.5	0
604.999001	T7 promoter phi3.8	0
604.999001	T7 promoter phi4.3	1
604.999001	T7 promoter phi4.7	1
604.999001	T7 promoter phi4c	1
604.999001	T7 promoter phi6.5	0
604.999001	T7 promoter phi9	0
604.999001	bound_ecolipol	0
604.999001	bound_ecolipol_p	1243
604.999001	bound_ribosome	17364
604.999001	degraded_transcript	21222
604.999001	ecoli_genome	557
604.999001	ecoli_transcript	40473
604.999001	ecolipol	0
604.999001	ecolipol-2	0
604.999001	ecolipol-2-p	544
604.999001	ecolipol-p	13
604.999001	gene 0.3	1378
604.999001	gene 1.1	547
604.999001	gene 1.2	1286
604.999001	gene 1.3	1361
604.999001	gene 1.4	771
604.999001	gene 1.5	735
604.999001	gene 1.6	1085
604.999001	gene 1.7	929
604.999001	gene 1.8	742
604.999001	gene 10A	6820
604.999001	gene 11	949
604.999001	gene 12	185
604.999001	gene 13	1371
604.999001	gene 14	942
604.999001	gene 15	244
604.999001	gene 17	395
604.999001	gene 17.5	1157
604.999001	gene 18	929
604.999001	gene 18.5	886
604.999001	gene 18.7	552
604.999001	gene 19	217
604.999001	gene 19.2	751
604.999001	gene 19.3	835
604.999001	gene 19.5	954
604.999001	gene 2.5	1625
604.999001	gene 2.8	1027
604.999001	gene 3	671
604.999001	gene 3.8	1268
604.999001	gene 4.2	1025
604.999001	gene 4.3	1610
604.999001	gene 4.5	1817
604.999001	gene 4.7	1793
604.999001	gene 4A	169
604.999001	gene 5	562
604.999001	gene 5.3	1611
604.999001	gene 5.5	1428
604.999001	gene 5.7	1051
604.999001	gene 5.9	1190
604.999001	gene 6	502
604.999001	gene 6.3	1320
604.999001	gene 6.5	1780
604.999001	gene 6.7	1348
604.999001	gene 7	1579
604.999001	gene 7.3	1972
604.999001	gene 7.7	1777
604.999001	gene 8	519
604.999001	gene 9	2540
604.999001	gp-2	551
604.999001	lysozyme-3.5	592
604.999001	protein_kinase-0.7	905
604.999001	rbs	3951
604.999001	ribosome	8
604.999001	rnapol-1	54
604.999001	rnapol-3.5	536
609.999001	E. coli B promoter	1
609.999001	E. coli C promoter	1
609.999001	E. coli promoter A1	1
609.999001	E. coli promoter A2	1
609.999001	E. coli promoter A3	1
609.999001	T7 promoter phi1.1A	1
609.999001	T7 promoter phi1.1B	1
609.999001	T7 promoter phi1.3	1
609.999001	T7 promoter phi1.5	1
609.999001	T7 promoter phi1.6	0
609.999001	T7 promoter phi10	1
609.999001	T7 promoter phi13	1
609.999001	T7 promoter phi17	0
609.999001	T7 promoter phi2.5	1
609.999001	T7 promoter phi3.8	1
609.999001	T7 promoter phi4.3	1
609.999001	T7 promoter phi4.7	1
609.999001	T7 promoter phi4c	1
609.999001	T7 promoter phi6.5	1
609.999001	T7 promoter phi9	0
609.999001	bound_ecolipol	0
609.999001	bound_ecolipol_p	1243
609.999001	bound_ribosome	16932
609.999001	degraded_transcript	21616
609.999001	ecoli_genome	557
609.999001	ecoli_transcript	40757
609.999001	ecolipol	0
609.999001	ecolipol-2	0
609.999001	ecolipol-2-p	536
609.999001	ecolipol-p	21
609.999001	gene 0.3	1401
609.999001	gene 1.1	580
609.999001	gene 1.2	1315
609.999001	gene 1.3	1408
609.999001	gene 1.4	804
609.999001	gene 1.5	767
609.999001	gene 1.6	1131
609.999001	gene 1.7	956
609.999001	gene 1.8	776
609.999001	gene 10A	7122
609.999001	gene 11	998
609.999001	gene 12	201
609.999001	gene 13	1439
609.999001	gene 14	994
609.999001	gene 15	268
609.999001	gene 17	438
609.999001	gene 17.5	1221
609.999001	gene 18	975
609.999001	gene 18.5	936
609.999001	gene 18.7	593
609.999001	gene 19	241
609.999001	gene 19.2	792
609.999001	gene 19.3	872
609.999001	gene 19.5	1010
609.999001	gene 2.5	1682
609.999001	gene 2.8	1063
609.999001	gene 3	701
609.999001	gene 3.8	1330
609.999001	gene 4.2	1067
609.999001	gene 4.3	1660
609.999001	gene 4.5	1898
609.999001	gene 4.7	1856
609.999001	gene 4A	177
609.999001	gene 5	601
609.999001	gene 5.3	1678
609.999001	gene 5.5	1489
609.999001	gene 5.7	1101
609.999001	gene 5.9	1242
609.999001	gene 6	529
609.999001	gene 6.3	1363
609.999001	gene 6.5	1860
609.999001	gene 6.7	1413
609.999001	gene 7	1647
609.999001	gene 7.3	2063
609.999001	gene 7.7	1858
609.999001	gene 8	556
609.999001	gene 9	2657
609.999001	gp-2	596
609.999001	lysozyme-3.5	597
609.999001	protein_kinase-0.7	924
609.999001	rbs	4150
609.999001	ribosome	16
609.999001	rnapol-1	40
609.999001	rnapol-3.5	563
614.999001	E. coli B promoter	1
614.999001	E. coli C promoter	1
614.999001	E. coli promoter A1	1
614.999001	E. coli promoter A2	1
614.999001	E. coli promoter A3	1
614.999001	T7 promoter phi1.1A	1
614.999001	T7 promoter phi1.1B	1
614.999001	T7 promoter phi1.3	1
614.999001	T7 promoter phi1.5	1
614.999001	T7 promoter phi1.6	1
614.999001	T7 promoter phi10	0
614.999001	T7 promoter phi13	1
614.999001	T7 promoter phi17	1
614.999001	T7 promoter phi2.5	1
614.999001	T7 promoter phi3.8	1
614.999001	T7 promoter phi4.3	0
614.999001	T7 promoter phi4.7	1
614.999001	T7 promoter phi4c	1
614.999001	T7 promoter phi6.5	1
614.999001	T7 promoter phi9	0
614.999001	bound_ecolipol	0
614.999001	bound_ecolipol_p	1229
614.999001	bound_ribosome	16516
614.999001	degraded_transcript	22016
614.999001	ecoli_genome	571
614.999001	ecoli_transcript	41029
614.999001	ecolipol	0
614.999001	ecolipol-2	0
614.999001	ecolipol-2-p	555
614.999001	ecolipol-p	16
614.999001	gene 0.3	1419
614.999001	gene 1.1	608
614.999001	gene 1.2	1353
614.999001	gene 1.3	1449
614.999001	gene 1.4	837
614.999001	gene 1.5	801
614.999001	gene 1.6	1176
614.999001	gene 1.7	992
614.999001	gene 1.8	803
614.999001	gene 10A	7431
614.999001	gene 11	1040
614.999001	gene 12	220
614.999001	gene 13	1499
614.999001	gene 14	1043
614.999001	gene 15	295
614.999001	gene 17	492
614.999001	gene 17.5	1298
614.999001	gene 18	1040
614.999001	gene 18.5	987
614.999001	gene 18.7	636
614.999001	gene 19	268
614.999001	gene 19.2	834
614.999001	gene 19.3	910
614.999001	gene 19.5	1059
614.999001	gene 2.5	1725
614.999001	gene 2.8	1102
614.999001	gene 3	731
614.999001	gene 3.8	1385
614.999001	gene 4.2	1111
614.999001	gene 4.3	1722
614.999001	gene 4.5	1978
614.999001	gene 4.7	1922
614.999001	gene 4A	185
614.999001	gene 5	652
614.999001	gene 5.3	1744
614.999001	gene 5.5	1547
614.999001	gene 5.7	1152
614.999001	gene 5.9	1284
614.999001	gene 6	559
614.999001	gene 6.3	1424
614.999001	gene 6.5	1944
614.999001	gene 6.7	1464
614.999001	gene 7	1721
614.999001	gene 7.3	2144
614.999001	gene 7.7	1931
614.999001	gene 8	595
614.999001	gene 9	2788
614.999001	gp-2	616
614.999001	lysozyme-3.5	642
614.999001	protein_kinase-0.7	944
614.999001	rbs	4387
614.999001	ribosome	9
614.999001	rnapol-1	54
614.999001	rnapol-3.5	563
619.999001	E. coli B promoter	1
619.999001	E. coli C promoter	1
619.999001	E. coli promoter A1	1
619.999001	E. coli promoter A2	1
619.999001	E. coli promoter A3	1
619.999001	T7 promoter phi1.1A	1
619.999001	T7 promoter phi1.1B	1
619.999001	T7 promoter phi1.3	1
619.999001	T7 promoter phi1.5	1
619.999001	T7 promoter phi1.6	1
619.999001	T7 promoter phi10	0
619.999001	T7 promoter phi13	1
619.999001	T7 promoter phi17	1
619.999001	T7 promoter phi2.5	1
619.999001	T7 promoter phi3.8	1
619.999001	T7 promoter phi4.3	1
619.999001	T7 promoter phi4.7	1
619.999001	T7 promoter phi4c	1
619.999001	T7 promoter phi6.5	1
619.999001	T7 promoter phi9	1
619.999001	bound_ecolipol	0
619.999001	bound_ecolipol_p	1212
619.999001	bound_ribosome	16114
619.999001	degraded_transcript	22405
619.999001	ecoli_genome	588
619.999001	ecoli_transcript	41312
619.999001	ecolipol	0
619.999001	ecolipol-2	0
619.999001	ecolipol-2-p	570
619.999001	ecolipol-p	18
619.999001	gene 0.3	1441
619.999001	gene 1.1	639
619.999001	gene 1.2	1390
619.999001	gene 1.3	1499
619.999001	gene 1.4	873
619.999001	gene 1.5	834
619.999001	gene 1.6	1223
619.999001	gene 1.7	1024
619.999001	gene 1.8	840
619.999001	gene 10A	7750
619.999001	gene 11	1084
619.999001	gene 12	245
619.999001	gene 13	1562
619.999001	gene 14	1094
619.999001	gene 15	323
619.999001	gene 17	539
619.999001	gene 17.5	1355
619.999001	gene 18	1094
619.999001	gene 18.5	1048
619.999001	gene 18.7	672
619.999001	gene 19	303
619.999001	gene 19.2	882
619.999001	gene 19.3	956
619.999001	gene 19.5	1140
619.999001	gene 2.5	1786
619.999001	gene 2.8	1137
619.999001	gene 3	756
619.999001	gene 3.8	1442
619.999001	gene 4.2	1163
619.999001	gene 4.3	1773
619.999001	gene 4.5	2056
619.999001	gene 4.7	1999
619.999001	gene 4A	193
619.999001	gene 5	700
619.999001	gene 5.3	1805
619.999001	gene 5.5	1606
619.999001	gene 5.7	1205
619.999001	gene 5.9	1337
619.999001	gene 6	586
619.999001	gene 6.3	1472
619.999001	gene 6.5	2017
619.999001	gene 6.7	1520
619.999001	gene 7	1791
619.999001	gene 7.3	2225
619.999001	gene 7.7	2022
619.999001	gene 8	636
619.999001	gene 9	2906
619.999001	gp-2	647
619.999001	lysozyme-3.5	653
619.999001	protein_kinase-0.7	961
619.999001	rbs	4608
619.999001	ribosome	13
619.999001	rnapol-1	53
619.999001	rnapol-3.5	587
624.999003	E. coli B promoter	1
624.999003	E. coli C promoter	1
624.999003	E. coli promoter A1	1
624.999003	E. coli promoter A2	1
624.999003	E. coli promoter A3	1
624.999003	T7 promoter phi1.1A	1
624.999003	T7 promoter phi1.1B	1
624.999003	T7 promoter phi1.3	1
624.999003	T7 promoter phi1.5	1
624.999003	T7 promoter phi1.6	1
624.999003	T7 promoter phi10	0
624.999003	T7 promoter phi13	1
624.999003	T7 promoter phi17	0
624.999003	T7 promoter phi2.5	1
624.999003	T7 promoter phi3.8	1
624.999003	T7 promoter phi4.3	1
624.999003	T7 promoter phi4.7	1
624.999003	T7 promoter phi4c	1
624.999003	T7 promoter phi6.5	1
624.999003	T7 promoter phi9	1
624.999003	bound_ecolipol	0
624.999003	bound_ecolipol_p	1194
624.999003	bound_ribosome	15723
624.999003	degraded_transcript	22822
624.999003	ecoli_genome	606
624.999003	ecoli_transcript	41538
624.999003	ecolipol	0
624.999003	ecolipol-2	0
624.999003	ecolipol-2-p	592
624.999003	ecolipol-p	14
624.999003	gene 0.3	1462
624.999003	gene 1.1	671
624.999003	gene 1.2	1421
624.999003	gene 1.3	1551
624.999003	gene 1.4	906
624.999003	gene 1.5	876
624.999003	gene 1.6	1268
624.999003	gene 1.7	1052
624.999003	gene 1.8	872
624.999003	gene 10A	8065
624.999003	gene 11	1128
624.999003	gene 12	274
624.999003	gene 13	1622
624.999003	gene 14	1141
624.999003	gene 15	355
624.999003	gene 16	1
624.999003	gene 17	594
624.999003	gene 17.5	1423
624.999003	gene 18	1151
624.999003	gene 18.5	1115
624.999003	gene 18.7	716
624.999003	gene 19	342
624.999003	gene 19.2	920
624.999003	gene 19.3	1005
624.999003	gene 19.5	1188
624.999003	gene 2.5	1845
624.999003	gene 2.8	1168
624.999003	gene 3	785
624.999003	gene 3.8	1506
624.999003	gene 4.2	1202
624.999003	gene 4.3	1827
624.999003	gene 4.5	2130
624.999003	gene 4.7	2079
624.999003	gene 4A	206
624.999003	gene 5	748
624.999003	gene 5.3	1883
624.999003	gene 5.5	1661
624.999003	gene 5.7	1262
624.999003	gene 5.9	1386
624.999003	gene 6	621
624.999003	gene 6.3	1525
624.999003	gene 6.5	2108
624.999003	gene 6.7	1591
624.999003	gene 7	1874
624.999003	gene 7.3	2301
624.999003	gene 7.7	2106
624.999003	gene 8	681
624.999003	gene 9	3040
624.999003	gp-2	670
624.999003	lysozyme-3.5	668
624.999003	protein_kinase-0.7	981
624.999003	rbs	4757
624.999003	ribosome	14
624.999003	rnapol-1	45
624.999003	rnapol-3.5	610
629.999001	E. coli B promoter	1
629.999001	E. coli C promoter	1
629.999001	E. coli promoter A1	1
629.999001	E. coli promoter A2	1
629.999001	E. coli promoter A3	1
629.999001	T7 promoter phi1.1A	1
629.999001	T7 promoter phi1.1B	1
629.999001	T7 promoter phi1.3	1
629.999001	T7 promoter phi1.5	0
629.999001	T7 promoter phi1.6	1
629.999001	T7 promoter phi10	1
629.999001	T7 promoter phi13	0
629.999001	T7 promoter phi17	0
629.999001	T7 promoter phi2.5	1
629.999001	T7 promoter phi3.8	1
629.999001	T7 promoter phi4.3	1
629.999001	T7 promoter phi4.7	1
629.999001	T7 promoter phi4c	1
629.999001	T7 promoter phi6.5	1
629.999001	T7 promoter phi9	0
629.999001	bound_ecolipol	0
629.999001	bound_ecolipol_p	1186
629.999001	bound_ribosome	15294
629.999001	degraded_transcript	23211
629.999001	ecoli_genome	614
629.999001	ecoli_transcript	41826
629.999001	ecolipol	0
629.999001	ecolipol-2	0
629.999001	ecolipol-2-p	594
629.999001	ecolipol-p	20
629.999001	gene 0.3	1479
629.999001	gene 1.1	707
629.999001	gene 1.2	1456
629.999001	gene 1.3	1607
629.999001	gene 1.4	944
629.999001	gene 1.5	911
629.999001	gene 1.6	1306
629.999001	gene 1.7	1089
629.999001	gene 1.8	908
629.999001	gene 10A	8354
629.999001	gene 11	1168
629.999001	gene 12	293
629.999001	gene 13	1692
629.999001	gene 14	1198
629.999001	gene 15	389
629.999001	gene 16	4
629.999001	gene 17	645
629.999001	gene 17.5	1493
629.999001	gene 18	1211
629.999001	gene 18.5	1166
629.999001	gene 18.7	761
629.999001	gene 19	372
629.999001	gene 19.2	969
629.999001	gene 19.3	1046
629.999001	gene 19.5	1246
629.999001	gene 2.5	1894
629.999001	gene 2.8	1220
629.999001	gene 3	817
629.999001	gene 3.8	1551
629.999001	gene 4.2	1247
629.999001	gene 4.3	1890
629.999001	gene 4.5	2205
629.999001	gene 4.7	2156
629.999001	gene 4A	217
629.999001	gene 5	794
629.999001	gene 5.3	1937
629.999001	gene 5.5	1723
629.999001	gene 5.7	1303
629.999001	gene 5.9	1440
629.999001	gene 6	658
629.999001	gene 6.3	1578
629.999001	gene 6.5	2184
629.999001	gene 6.7	1662
629.999001	gene 7	1954
629.999001	gene 7.3	2394
629.999001	gene 7.7	2196
629.999001	gene 8	731
629.999001	gene 9	3176
629.999001	gp-2	701
629.999001	lysozyme-3.5	692
629.999001	protein_kinase-0.7	998
629.999001	rbs	4948
629.999001	ribosome	13
629.999001	rnapol-1	50
629.999001	rnapol-3.5	631
634.999001	E. coli B promoter	1
634.999001	E. coli C promoter	1
634.999001	E. coli promoter A1	1
634.999001	E. coli promoter A2	1
634.999001	E. coli promoter A3	1
634.999001	T7 promoter phi1.1A	1
634.999001	T7 promoter phi1.1B	1
634.999001	T7 promoter phi1.3	1
634.999001	T7 promoter phi1.5	1
634.999001	T7 promoter phi1.6	0
634.999001	T7 promoter phi10	0
634.999001	T7 promoter phi13	1
634.999001	T7 promoter phi17	1
634.999001	T7 promoter phi2.5	1
634.999001	T7 promoter phi3.8	1
634.999001	T7 promoter phi4.3	1
634.999001	T7 promoter phi4.7	1
634.999001	T7 promoter phi4c	0
634.999001	T7 promoter phi6.5	0
634.999001	T7 promoter phi9	0
634.999001	bound_ecolipol	0
634.999001	bound_ecolipol_p	1174
634.999001	bound_ribosome	15018
634.999001	degraded_transcript	23614
634.999001	ecoli_genome	626
634.999001	ecoli_transcript	41942
634.999001	ecolipol	0
634.999001	ecolipol-2	0
634.999001	ecolipol-2-p	618
634.999001	ecolipol-p	8
634.999001	gene 0.3	1498
634.999001	gene 1.1	744
634.999001	gene 1.2	1488
634.999001	gene 1.3	1653
634.999001	gene 1.4	981
634.999001	gene 1.5	941
634.999001	gene 1.6	1357
634.999001	gene 1.7	1120
634.999001	gene 1.8	943
634.999001	gene 10A	8681
634.999001	gene 11	1213
634.999001	gene 12	317
634.999001	gene 13	1760
634.999001	gene 14	1260
634.999001	gene 15	429
634.999001	gene 16	7
634.999001	gene 17	705
634.999001	gene 17.5	1562
634.999001	gene 18	1269
634.999001	gene 18.5	1245
634.999001	gene 18.7	813
634.999001	gene 19	410
634.999001	gene 19.2	1014
634.999001	gene 19.3	1088
634.999001	gene 19.5	1310
634.999001	gene 2.5	1947
634.999001	gene 2.8	1264
634.999001	gene 3	857
634.999001	gene 3.8	1616
634.999001	gene 4.2	1298
634.999001	gene 4.3	1957
634.999001	gene 4.5	2289
634.999001	gene 4.7	2236
634.999001	gene 4A	225
634.999001	gene 5	843
634.999001	gene 5.3	2011
634.999001	gene 5.5	1785
634.999001	gene 5.7	1357
634.999001	gene 5.9	1484
634.999001	gene 6	692
634.999001	gene 6.3	1634
634.999001	gene 6.5	2260
634.999001	gene 6.7	1720
634.999001	gene 7	2027
634.999001	gene 7.3	2473
634.999001	gene 7.7	2295
634.999001	gene 8	776
634.999001	gene 9	3302
634.999001	gp-2	714
634.999001	lysozyme-3.5	703
634.999001	protein_kinase-0.7	1015
634.999001	rbs	5100
634.999001	ribosome	9
634.999001	rnapol-1	35
634.999001	rnapol-3.5	658
639.999002	E. coli B promoter	1
639.999002	E. coli C promoter	1
639.999002	E. coli promoter A1	1
639.999002	E. coli promoter A2	1
639.999002	E. coli promoter A3	1
639.999002	T7 promoter phi1.1A	1
639.999002	T7 promoter phi1.1B	1
639.999002	T7 promoter phi1.3	1
639.999002	T7 promoter phi1.5	1
639.999002	T7 promoter phi1.6	0
639.999002	T7 promoter phi10	0
639.999002	T7 promoter phi13	1
639.999002	T7 promoter phi17	1
639.999002	T7 promoter phi2.5	0
639.999002	T7 promoter phi3.8	1
639.999002	T7 promoter phi4.3	1
639.999002	T7 promoter phi4.7	0
639.999002	T7 promoter phi4c	1
639.999002	T7 promoter phi6.5	1
639.999002	T7 promoter phi9	0
639.999002	bound_ecolipol	0
639.999002	bound_ecolipol_p	1156
639.999002	bound_ribosome	14825
639.999002	degraded_transcript	23997
639.999002	ecoli_genome	644
639.999002	ecoli_transcript	41996
639.999002	ecolipol	0
639.999002	ecolipol-2	0
639.999002	ecolipol-2-p	628
639.999002	ecolipol-p	16
639.999002	gene 0.3	1518
639.999002	gene 1.1	779
639.999002	gene 1.2	1525
639.999002	gene 1.3	1706
639.999002	gene 1.4	1021
639.999002	gene 1.5	983
639.999002	gene 1.6	1410
639.999002	gene 1.7	1170
639.999002	gene 1.8	979
639.999002	gene 10A	9011
639.999002	gene 11	1259
639.999002	gene 12	345
639.999002	gene 13	1841
639.999002	gene 14	1314
639.999002	gene 15	467
639.999002	gene 16	14
639.999002	gene 17	760
639.999002	gene 17.5	1638
639.999002	gene 18	1319
639.999002	gene 18.5	1303
639.999002	gene 18.7	853
639.999002	gene 19	457
639.999002	gene 19.2	1076
639.999002	gene 19.3	1140
639.999002	gene 19.5	1370
639.999002	gene 2.5	2009
639.999002	gene 2.8	1309
639.999002	gene 3	890
639.999002	gene 3.8	1673
639.999002	gene 4.2	1347
639.999002	gene 4.3	2033
639.999002	gene 4.5	2371
639.999002	gene 4.7	2309
639.999002	gene 4A	235
639.999002	gene 5	902
639.999002	gene 5.3	2085
639.999002	gene 5.5	1852
639.999002	gene 5.7	1408
639.999002	gene 5.9	1536
639.999002	gene 6	736
639.999002	gene 6.3	1684
639.999002	gene 6.5	2340
639.999002	gene 6.7	1793
639.999002	gene 7	2120
639.999002	gene 7.3	2557
639.999002	gene 7.7	2393
639.999002	gene 8	814
639.999002	gene 9	3456
639.999002	gp-2	749
639.999002	lysozyme-3.5	745
639.999002	protein_kinase-0.7	1034
639.999002	rbs	5387
639.999002	ribosome	14
639.999002	rnapol-1	49
639.999002	rnapol-3.5	661
644.999001	E. coli B promoter	1
644.999001	E. coli C promoter	1
644.999001	E. coli promoter A1	1
644.999001	E. coli promoter A2	1
644.999001	E. coli promoter A3	1
644.999001	T7 promoter phi1.1A	1
644.999001	T7 promoter phi1.1B	1
644.999001	T7 promoter phi1.3	0
644.999001	T7 promoter phi1.5	1
644.999001	T7 promoter phi1.6	1
644.999001	T7 promoter phi10	0
644.999001	T7 promoter phi13	0
644.999001	T7 promoter phi17	1
644.999001	T7 promoter phi2.5	1
644.999001	T7 promoter phi3.8	0
644.999001	T7 promoter phi4.3	1
644.999001	T7 promoter phi4.7	1
644.999001	T7 promoter phi4c	1
644.999001	T7 promoter phi6.5	1
644.999001	T7 promoter phi9	0
644.999001	bound_ecolipol	0
644.999001	bound_ecolipol_p	1148
644.999001	bound_ribosome	14500
644.999001	degraded_transcript	24406
644.999001	ecoli_genome	652
644.999001	ecoli_transcript	42131
644.999001	ecolipol	0
644.999001	ecolipol-2	0
644.999001	ecolipol-2-p	638
644.999001	ecolipol-p	14
644.999001	gene 0.3	1536
644.999001	gene 1.1	811
644.999001	gene 1.2	1563
644.999001	gene 1.3	1766
644.999001	gene 1.4	1053
644.999001	gene 1.5	1024
644.999001	gene 1.6	1459
644.999001	gene 1.7	1212
644.999001	gene 1.8	1015
644.999001	gene 10A	9352
644.999001	gene 11	1304
644.999001	gene 12	366
644.999001	gene 13	1899
644.999001	gene 14	1367
644.999001	gene 15	503
644.999001	gene 16	22
644.999001	gene 17	823
644.999001	gene 17.5	1703
644.999001	gene 18	1372
644.999001	gene 18.5	1370
644.999001	gene 18.7	910
644.999001	gene 19	496
644.999001	gene 19.2	1122
644.999001	gene 19.3	1207
644.999001	gene 19.5	1439
644.999001	gene 2.5	2075
644.999001	gene 2.8	1363
644.999001	gene 3	927
644.999001	gene 3.8	1739
644.999001	gene 4.2	1406
644.999001	gene 4.3	2101
644.999001	gene 4.5	2453
644.999001	gene 4.7	2389
644.999001	gene 4A	242
644.999001	gene 5	955
644.999001	gene 5.3	2158
644.999001	gene 5.5	1917
644.999001	gene 5.7	1464
644.999001	gene 5.9	1588
644.999001	gene 6	773
644.999001	gene 6.3	1737
644.999001	gene 6.5	2438
644.999001	gene 6.7	1855
644.999001	gene 7	2201
644.999001	gene 7.3	2652
644.999001	gene 7.7	2483
644.999001	gene 8	864
644.999001	gene 9	3613
644.999001	gp-2	776
644.999001	lysozyme-3.5	808
644.999001	protein_kinase-0.7	1051
644.999001	rbs	5609
644.999001	ribosome	8
644.999001	rnapol-1	70
644.999001	rnapol-3.5	657
649.999000	E. coli B promoter	1
649.999000	E. coli C promoter	1
649.999000	E. coli promoter A1	1
649.999000	E. coli promoter A2	1
649.999000	E. coli promoter A3	1
649.999000	T7 promoter phi1.1A	0
649.999000	T7 promoter phi1.1B	1
649.999000	T7 promoter phi1.3	1
649.999000	T7 promoter phi1.5	1
649.999000	T7 promoter phi1.6	1
649.999000	T7 promoter phi10	1
649.999000	T7 promoter phi13	1
649.999000	T7 promoter phi17	1
649.999000	T7 promoter phi2.5	1
649.999000	T7 promoter phi3.8	1
649.999000	T7 promoter phi4.3	0
649.999000	T7 promoter phi4.7	1
649.999000	T7 promoter phi4c	1
649.999000	T7 promoter phi6.5	1
649.999000	T7 promoter phi9	1
649.999000	bound_ecolipol	0
649.999000	bound_ecolipol_p	1122
649.999000	bound_ribosome	14180
649.999000	degraded_transcript	24773
649.999000	ecoli_genome	678
649.999000	ecoli_transcript	42311
649.999000	ecolipol	0
649.999000	ecolipol-2	0
649.999000	ecolipol-2-p	664
649.999000	ecolipol-p	14
649.999000	gene 0.3	1554
649.999000	gene 1.1	843
649.999000	gene 1.2	1596
649.999000	gene 1.3	1814
649.999000	gene 1.4	1090
649.999000	gene 1.5	1068
649.999000	gene 1.6	1506
649.999000	gene 1.7	1251
649.999000	gene 1.8	1051
649.999000	gene 10A	9680
649.999000	gene 11	1345
649.999000	gene 12	398
649.999000	gene 13	1973
649.999000	gene 14	1431
649.999000	gene 15	536
649.999000	gene 16	29
649.999000	gene 17	892
649.999000	gene 17.5	1781
649.999000	gene 18	1421
649.999000	gene 18.5	1428
649.999000	gene 18.7	957
649.999000	gene 19	547
649.999000	gene 19.2	1167
649.999000	gene 19.3	1268
649.999000	gene 19.5	1501
649.999000	gene 2.5	2128
649.999000	gene 2.8	1407
649.999000	gene 3	964
649.999000	gene 3.8	1809
649.999000	gene 4.2	1454
649.999000	gene 4.3	2162
649.999000	gene 4.5	2524
649.999000	gene 4.7	2475
649.999000	gene 4A	256
649.999000	gene 5	1010
649.999000	gene 5.3	2218
649.999000	gene 5.5	1986
649.999000	gene 5.7	1538
649.999000	gene 5.9	1633
649.999000	gene 6	814
649.999000	gene 6.3	1793
649.999000	gene 6.5	2513
649.999000	gene 6.7	1918
649.999000	gene 7	2282
649.999000	gene 7.3	2743
649.999000	gene 7.7	2582
649.999000	gene 8	915
649.999000	gene 9	3752
649.999000	gp-2	799
649.999000	lysozyme-3.5	833
649.999000	protein_kinase-0.7	1073
649.999000	rbs	5877
649.999000	ribosome	10
649.999000	rnapol-1	60
649.999000	rnapol-3.5	688
654.999001	E. coli B promoter	1
654.999001	E. coli C promoter	1
654.999001	E. coli promoter A1	1
654.999001	E. coli promoter A2	1
654.999001	E. coli promoter A3	1
654.999001	T7 promoter phi1.1A	1
654.999001	T7 promoter phi1.1B	1
654.999001	T7 promoter phi1.3	0
654.999001	T7 promoter phi1.5	1
654.999001	T7 promoter phi1.6	1
654.999001	T7 promoter phi10	0
654.999001	T7 promoter phi13	1
654.999001	T7 promoter phi17	1
654.999001	T7 promoter phi2.5	1
654.999001	T7 promoter phi3.8	1
654.999001	T7 promoter phi4.3	1
654.999001	T7 promoter phi4.7	1
654.999001	T7 promoter phi4c	1
654.999001	T7 promoter phi6.5	1
654.999001	T7 promoter phi9	1
654.999001	bound_ecolipol	0
654.999001	bound_ecolipol_p	1132
654.999001	bound_ribosome	13846
654.999001	degraded_transcript	25180
654.999001	ecoli_genome	668
654.999001	ecoli_transcript	42452
654.999001	ecolipol	0
654.999001	ecolipol-2	0
654.999001	ecolipol-2-p	658
654.999001	ecolipol-p	10
654.999001	gene 0.3	1571
654.999001	gene 1.1	876
654.999001	gene 1.2	1628
654.999001	gene 1.3	1869
654.999001	gene 1.4	1124
654.999001	gene 1.5	1107
654.999001	gene 1.6	1562
654.999001	gene 1.7	1285
654.999001	gene 1.8	1089
654.999001	gene 10A	10007
654.999001	gene 11	1397
654.999001	gene 12	418
654.999001	gene 13	2038
654.999001	gene 14	1478
654.999001	gene 15	581
654.999001	gene 16	41
654.999001	gene 17	951
654.999001	gene 17.5	1861
654.999001	gene 18	1483
654.999001	gene 18.5	1490
654.999001	gene 18.7	1002
654.999001	gene 19	595
654.999001	gene 19.2	1220
654.999001	gene 19.3	1316
654.999001	gene 19.5	1568
654.999001	gene 2.5	2197
654.999001	gene 2.8	1447
654.999001	gene 3	1003
654.999001	gene 3.8	1873
654.999001	gene 4.2	1509
654.999001	gene 4.3	2233
654.999001	gene 4.5	2614
654.999001	gene 4.7	2545
654.999001	gene 4A	271
654.999001	gene 5	1075
654.999001	gene 5.3	2290
654.999001	gene 5.5	2058
654.999001	gene 5.7	1600
654.999001	gene 5.9	1697
654.999001	gene 6	844
654.999001	gene 6.3	1856
654.999001	gene 6.5	2593
654.999001	gene 6.7	1996
654.999001	gene 7	2362
654.999001	gene 7.3	2819
654.999001	gene 7.7	2664
654.999001	gene 8	951
654.999001	gene 9	3903
654.999001	gp-2	854
654.999001	lysozyme-3.5	863
654.999001	protein_kinase-0.7	1092
654.999001	rbs	6105
654.999001	ribosome	9
654.999001	rnapol-1	59
654.999001	rnapol-3.5	707
659.999000	E. coli B promoter	1
659.999000	E. coli C promoter	1
659.999000	E. coli promoter A1	1
659.999000	E. coli promoter A2	1
659.999000	E. coli promoter A3	1
659.999000	T7 promoter phi1.1A	0
659.999000	T7 promoter phi1.1B	1
659.999000	T7 promoter phi1.3	1
659.999000	T7 promoter phi1.5	1
659.999000	T7 promoter phi1.6	1
659.999000	T7 promoter phi10	0
659.999000	T7 promoter phi13	0
659.999000	T7 promoter phi17	0
659.999000	T7 promoter phi2.5	1
659.999000	T7 promoter phi3.8	0
659.999000	T7 promoter phi4.3	0
659.999000	T7 promoter phi4.7	0
659.999000	T7 promoter phi4c	0
659.999000	T7 promoter phi6.5	1
659.999000	T7 promoter phi9	0
659.999000	bound_ecolipol	0
659.999000	bound_ecolipol_p	1139
659.999000	bound_ribosome	13510
659.999000	degraded_transcript	25576
659.999000	ecoli_genome	661
659.999000	ecoli_transcript	42596
659.999000	ecolipol	0
659.999000	ecolipol-2	0
659.999000	ecolipol-2-p	642
659.999000	ecolipol-p	19
659.999000	gene 0.3	1585
659.999000	gene 1.1	907
659.999000	gene 1.2	1659
659.999000	gene 1.3	1919
659.999000	gene 1.4	1164
659.999000	gene 1.5	1149
659.999000	gene 1.6	1607
659.999000	gene 1.7	1336
659.999000	gene 1.8	1131
659.999000	gene 10A	10354
659.999000	gene 11	1438
659.999000	gene 12	449
659.999000	gene 13	2119
659.999000	gene 14	1530
659.999000	gene 15	622
659.999000	gene 16	51
659.999000	gene 17	1012
659.999000	gene 17.5	1933
659.999000	gene 18	1551
659.999000	gene 18.5	1569
659.999000	gene 18.7	1045
659.999000	gene 19	639
659.999000	gene 19.2	1274
659.999000	gene 19.3	1378
659.999000	gene 19.5	1633
659.999000	gene 2.5	2264
659.999000	gene 2.8	1489
659.999000	gene 3	1030
659.999000	gene 3.8	1933
659.999000	gene 4.2	1563
659.999000	gene 4.3	2303
659.999000	gene 4.5	2706
659.999000	gene 4.7	2633
659.999000	gene 4A	286
659.999000	gene 5	1130
659.999000	gene 5.3	2366
659.999000	gene 5.5	2130
659.999000	gene 5.7	1658
659.999000	gene 5.9	1757
659.999000	gene 6	883
659.999000	gene 6.3	1922
659.999000	gene 6.5	2689
659.999000	gene 6.7	2062
659.999000	gene 7	2447
659.999000	gene 7.3	2911
659.999000	gene 7.7	2766
659.999000	gene 8	998
659.999000	gene 9	4054
659.999000	gp-2	921
659.999000	lysozyme-3.5	881
659.999000	protein_kinase-0.7	1110
659.999000	rbs	6332
659.999000	ribosome	14
659.999000	rnapol-1	50
659.999000	rnapol-3.5	733
664.999001	E. coli B promoter	1
664.999001	E. coli C promoter	1
664.999001	E. coli promoter A1	1
664.999001	E. coli promoter A2	1
664.999001	E. coli promoter A3	1
664.999001	T7 promoter phi1.1A	1
664.999001	T7 promoter phi1.1B	1
664.999001	T7 promoter phi1.3	0
664.999001	T7 promoter phi1.5	1
664.999001	T7 promoter phi1.6	1
664.999001	T7 promoter phi10	0
664.999001	T7 promoter phi13	1
664.999001	T7 promoter phi17	0
664.999001	T7 promoter phi2.5	1
664.999001	T7 promoter phi3.8	1
664.999001	T7 promoter phi4.3	1
664.999001	T7 promoter phi4.7	1
664.999001	T7 promoter phi4c	1
664.999001	T7 promoter phi6.5	1
664.999001	T7 promoter phi9	0
664.999001	bound_ecolipol	0
664.999001	bound_ecolipol_p	1133
664.999001	bound_ribosome	13176
664.999001	degraded_transcript	25978
664.999001	ecoli_genome	667
664.999001	ecoli_transcript	42736
664.999001	ecolipol	0
664.999001	ecolipol-2	0
664.999001	ecolipol-2-p	660
664.999001	ecolipol-p	7
664.999001	gene 0.3	1605
664.999001	gene 1.1	947
664.999001	gene 1.2	1689
664.999001	gene 1.3	1972
664.999001	gene 1.4	1206
664.999001	gene 1.5	1186
664.999001	gene 1.6	1656
664.999001	gene 1.7	1367
664.999001	gene 1.8	1164
664.999001	gene 10A	10696
664.999001	gene 11	1482
664.999001	gene 12	480
664.999001	gene 13	2202
664.999001	gene 14	1597
664.999001	gene 15	662
664.999001	gene 16	64
664.999001	gene 17	1077
664.999001	gene 17.5	1995
664.999001	gene 18	1621
664.999001	gene 18.5	1641
664.999001	gene 18.7	1096
664.999001	gene 19	685
664.999001	gene 19.2	1323
664.999001	gene 19.3	1429
664.999001	gene 19.5	1695
664.999001	gene 2.5	2326
664.999001	gene 2.8	1537
664.999001	gene 3	1069
664.999001	gene 3.8	2004
664.999001	gene 4.2	1616
664.999001	gene 4.3	2387
664.999001	gene 4.5	2798
664.999001	gene 4.7	2723
664.999001	gene 4A	304
664.999001	gene 5	1189
664.999001	gene 5.3	2446
664.999001	gene 5.5	2208
664.999001	gene 5.7	1713
664.999001	gene 5.9	1815
664.999001	gene 6	929
664.999001	gene 6.3	1973
664.999001	gene 6.5	2784
664.999001	gene 6.7	2148
664.999001	gene 7	2533
664.999001	gene 7.3	3005
664.999001	gene 7.7	2861
664.999001	gene 8	1057
664.999001	gene 9	4197
664.999001	gp-2	950
664.999001	lysozyme-3.5	916
664.999001	protein_kinase-0.7	1134
664.999001	rbs	6589
664.999001	ribosome	6
664.999001	rnapol-1	60
664.999001	rnapol-3.5	740
669.999001	E. coli B promoter	1
669.999001	E. coli C promoter	1
669.999001	E. coli promoter A1	1
669.999001	E. coli promoter A2	1
669.999001	E. coli promoter A3	1
669.999001	T7 promoter phi1.1A	1
669.999001	T7 promoter phi1.1B	1
669.999001	T7 promoter phi1.3	1
669.999001	T7 promoter phi1.5	1
669.999001	T7 promoter phi1.6	1
669.999001	T7 promoter phi10	0
669.999001	T7 promoter phi13	0
669.999001	T7 promoter phi17	0
669.999001	T7 promoter phi2.5	1
669.999001	T7 promoter phi3.8	0
669.999001	T7 promoter phi4.3	1
669.999001	T7 promoter phi4.7	1
669.999001	T7 promoter phi4c	1
669.999001	T7 promoter phi6.5	1
669.999001	T7 promoter phi9	0
669.999001	bound_ecolipol	0
669.999001	bound_ecolipol_p	1108
669.999001	bound_ribosome	12913
669.999001	degraded_transcript	26365
669.999001	ecoli_genome	692
669.999001	ecoli_transcript	42837
669.999001	ecolipol	0
669.999001	ecolipol-2	0
669.999001	ecolipol-2-p	677
669.999001	ecolipol-p	15
669.999001	gene 0.3	1622
669.999001	gene 1.1	985
669.999001	gene 1.2	1722
669.999001	gene 1.3	2030
669.999001	gene 1.4	1244
669.999001	gene 1.5	1223
669.999001	gene 1.6	1712
669.999001	gene 1.7	1401
669.999001	gene 1.8	1205
669.999001	gene 10A	11022
669.999001	gene 11	1531
669.999001	gene 12	514
669.999001	gene 13	2270
669.999001	gene 14	1663
669.999001	gene 15	710
669.999001	gene 16	83
669.999001	gene 17	1143
669.999001	gene 17.5	2067
669.999001	gene 18	1676
669.999001	gene 18.5	1716
669.999001	gene 18.7	1143
669.999001	gene 19	735
669.999001	gene 19.2	1374
669.999001	gene 19.3	1490
669.999001	gene 19.5	1765
669.999001	gene 2.5	2386
669.999001	gene 2.8	1591
669.999001	gene 3	1103
669.999001	gene 3.8	2072
669.999001	gene 4.2	1661
669.999001	gene 4.3	2471
669.999001	gene 4.5	2881
669.999001	gene 4.7	2819
669.999001	gene 4A	321
669.999001	gene 5	1255
669.999001	gene 5.3	2523
669.999001	gene 5.5	2275
669.999001	gene 5.7	1778
669.999001	gene 5.9	1866
669.999001	gene 6	972
669.999001	gene 6.3	2043
669.999001	gene 6.5	2872
669.999001	gene 6.7	2229
669.999001	gene 7	2613
669.999001	gene 7.3	3111
669.999001	gene 7.7	2964
669.999001	gene 8	1100
669.999001	gene 9	4348
669.999001	gp-2	976
669.999001	lysozyme-3.5	939
669.999001	protein_kinase-0.7	1152
669.999001	rbs	6872
669.999001	ribosome	4
669.999001	rnapol-1	42
669.999001	rnapol-3.5	779
674.999004	E. coli B promoter	1
674.999004	E. coli C promoter	1
674.999004	E. coli promoter A1	1
674.999004	E. coli promoter A2	1
674.999004	E. coli promoter A3	1
674.999004	T7 promoter phi1.1A	1
674.999004	T7 promoter phi1.1B	0
674.999004	T7 promoter phi1.3	1
674.999004	T7 promoter phi1.5	1
674.999004	T7 promoter phi1.6	1
674.999004	T7 promoter phi10	0
674.999004	T7 promoter phi13	1
674.999004	T7 promoter phi17	1
674.999004	T7 promoter phi2.5	0
674.999004	T7 promoter phi3.8	1
674.999004	T7 promoter phi4.3	0
674.999004	T7 promoter phi4.7	0
674.999004	T7 promoter phi4c	1
674.999004	T7 promoter phi6.5	1
674.999004	T7 promoter phi9	1
674.999004	bound_ecolipol	0
674.999004	bound_ecolipol_p	1094
674.999004	bound_ribosome	12594
674.999004	degraded_transcript	26755
674.999004	ecoli_genome	706
674.999004	ecoli_transcript	42975
674.999004	ecolipol	0
674.999004	ecolipol-2	0
674.999004	ecolipol-2-p	686
674.999004	ecolipol-p	20
674.999004	gene 0.3	1637
674.999004	gene 1.1	1019
674.999004	gene 1.2	1759
674.999004	gene 1.3	2082
674.999004	gene 1.4	1283
674.999004	gene 1.5	1254
674.999004	gene 1.6	1763
674.999004	gene 1.7	1446
674.999004	gene 1.8	1246
674.999004	gene 10A	11350
674.999004	gene 11	1581
674.999004	gene 12	549
674.999004	gene 13	2353
674.999004	gene 14	1714
674.999004	gene 15	754
674.999004	gene 16	104
674.999004	gene 17	1212
674.999004	gene 17.5	2148
674.999004	gene 18	1746
674.999004	gene 18.5	1780
674.999004	gene 18.7	1192
674.999004	gene 19	790
674.999004	gene 19.2	1414
674.999004	gene 19.3	1549
674.999004	gene 19.5	1827
674.999004	gene 2.5	2471
674.999004	gene 2.8	1647
674.999004	gene 3	1134
674.999004	gene 3.8	2129
674.999004	gene 4.2	1726
674.999004	gene 4.3	2546
674.999004	gene 4.5	2984
674.999004	gene 4.7	2908
674.999004	gene 4A	336
674.999004	gene 5	1316
674.999004	gene 5.3	2597
674.999004	gene 5.5	2357
674.999004	gene 5.7	1841
674.999004	gene 5.9	1928
674.999004	gene 6	1004
674.999004	gene 6.3	2099
674.999004	gene 6.5	2971
674.999004	gene 6.7	2308
674.999004	gene 7	2698
674.999004	gene 7.3	3210
674.999004	gene 7.7	3060
674.999004	gene 8	1159
674.999004	gene 9	4498
674.999004	gp-2	1014
674.999004	lysozyme-3.5	975
674.999004	protein_kinase-0.7	1168
674.999004	rbs	7124
674.999004	ribosome	7
674.999004	rnapol-1	43
674.999004	rnapol-3.5	797
679.999004	E. coli B promoter	1
679.999004	E. coli C promoter	1
679.999004	E. coli promoter A1	1
679.999004	E. coli promoter A2	1
679.999004	E. coli promoter A3	1
679.999004	T7 promoter phi1.1A	1
679.999004	T7 promoter phi1.1B	1
679.999004	T7 promoter phi1.3	1
679.999004	T7 promoter phi1.5	1
679.999004	T7 promoter phi1.6	1
679.999004	T7 promoter phi10	0
679.999004	T7 promoter phi13	1
679.999004	T7 promoter phi17	1
679.999004	T7 promoter phi2.5	1
679.999004	T7 promoter phi3.8	1
679.999004	T7 promoter phi4.3	1
679.999004	T7 promoter phi4.7	1
679.999004	T7 promoter phi4c	1
679.999004	T7 promoter phi6.5	0
679.999004	T7 promoter phi9	0
679.999004	bound_ecolipol	0
679.999004	bound_ecolipol_p	1071
679.999004	bound_ribosome	12301
679.999004	degraded_transcript	27217
679.999004	ecoli_genome	729
679.999004	ecoli_transcript	43040
679.999004	ecolipol	0
679.999004	ecolipol-2	0
679.999004	ecolipol-2-p	714
679.999004	ecolipol-p	15
679.999004	gene 0.3	1654
679.999004	gene 1.1	1051
679.999004	gene 1.2	1791
679.999004	gene 1.3	2130
679.999004	gene 1.4	1317
679.999004	gene 1.5	1307
679.999004	gene 1.6	1811
679.999004	gene 1.7	1496
679.999004	gene 1.8	1304
679.999004	gene 10A	11683
679.999004	gene 11	1619
679.999004	gene 12	587
679.999004	gene 13	2422
679.999004	gene 14	1779
679.999004	gene 15	797
679.999004	gene 16	119
679.999004	gene 17	1268
679.999004	gene 17.5	2218
679.999004	gene 18	1810
679.999004	gene 18.5	1848
679.999004	gene 18.7	1229
679.999004	gene 19	844
679.999004	gene 19.2	1466
679.999004	gene 19.3	1600
679.999004	gene 19.5	1900
679.999004	gene 2.5	2539
679.999004	gene 2.8	1698
679.999004	gene 3	1174
679.999004	gene 3.8	2194
679.999004	gene 4.2	1782
679.999004	gene 4.3	2630
679.999004	gene 4.5	3084
679.999004	gene 4.7	2996
679.999004	gene 4A	353
679.999004	gene 5	1381
679.999004	gene 5.3	2674
679.999004	gene 5.5	2434
679.999004	gene 5.7	1913
679.999004	gene 5.9	1994
679.999004	gene 6	1055
679.999004	gene 6.3	2168
679.999004	gene 6.5	3073
679.999004	gene 6.7	2374
679.999004	gene 7	2786
679.999004	gene 7.3	3305
679.999004	gene 7.7	3164
679.999004	gene 8	1214
679.999004	gene 9	4655
679.999004	gp-2	1030
679.999004	lysozyme-3.5	1008
679.999004	protein_kinase-0.7	1184
679.999004	rbs	7419
679.999004	ribosome	5
679.999004	rnapol-1	47
679.999004	rnapol-3.5	815
684.999002	E. coli B promoter	1
684.999002	E. coli C promoter	1
684.999002	E. coli promoter A1	1
684.999002	E. coli promoter A2	1
684.999002	E. coli promoter A3	1
684.999002	T7 promoter phi1.1A	1
684.999002	T7 promoter phi1.1B	1
684.999002	T7 promoter phi1.3	1
684.999002	T7 promoter phi1.5	1
684.999002	T7 promoter phi1.6	1
684.999002	T7 promoter phi10	0
684.999002	T7 promoter phi13	0
684.999002	T7 promoter phi17	1
684.999002	T7 promoter phi2.5	1
684.999002	T7 promoter phi3.8	0
684.999002	T7 promoter phi4.3	0
684.999002	T7 promoter phi4.7	1
684.999002	T7 promoter phi4c	1
684.999002	T7 promoter phi6.5	1
684.999002	T7 promoter phi9	0
684.999002	bound_ecolipol	0
684.999002	bound_ecolipol_p	1089
684.999002	bound_ribosome	11909
684.999002	degraded_transcript	27633
684.999002	ecoli_genome	711
684.999002	ecoli_transcript	43218
684.999002	ecolipol	0
684.999002	ecolipol-2	0
684.999002	ecolipol-2-p	694
684.999002	ecolipol-p	17
684.999002	gene 0.3	1668
684.999002	gene 1.1	1084
684.999002	gene 1.2	1817
684.999002	gene 1.3	2177
684.999002	gene 1.4	1358
684.999002	gene 1.5	1347
684.999002	gene 1.6	1871
684.999002	gene 1.7	1551
684.999002	gene 1.8	1344
684.999002	gene 10A	11998
684.999002	gene 11	1667
684.999002	gene 12	619
684.999002	gene 13	2495
684.999002	gene 14	1833
684.999002	gene 15	842
684.999002	gene 16	140
684.999002	gene 17	1335
684.999002	gene 17.5	2297
684.999002	gene 18	1873
684.999002	gene 18.5	1915
684.999002	gene 18.7	1283
684.999002	gene 19	898
684.999002	gene 19.2	1525
684.999002	gene 19.3	1646
684.999002	gene 19.5	1970
684.999002	gene 2.5	2607
684.999002	gene 2.8	1764
684.999002	gene 3	1221
684.999002	gene 3.8	2271
684.999002	gene 4.2	1846
684.999002	gene 4.3	2709
684.999002	gene 4.5	3173
684.999002	gene 4.7	3089
684.999002	gene 4A	367
684.999002	gene 5	1452
684.999002	gene 5.3	2743
684.999002	gene 5.5	2504
684.999002	gene 5.7	1980
684.999002	gene 5.9	2067
684.999002	gene 6	1110
684.999002	gene 6.3	2226
684.999002	gene 6.5	3167
684.999002	gene 6.7	2449
684.999002	gene 7	2864
684.999002	gene 7.3	3406
684.999002	gene 7.7	3276
684.999002	gene 8	1272
684.999002	gene 9	4820
684.999002	gp-2	1108
684.999002	lysozyme-3.5	1065
684.999002	protein_kinase-0.7	1204
684.999002	rbs	7747
684.999002	ribosome	4
684.999002	rnapol-1	56
684.999002	rnapol-3.5	822
689.999000	E. coli B promoter	1
689.999000	E. coli C promoter	1
689.999000	E. coli promoter A1	1
689.999000	E. coli promoter A2	1
689.999000	E. coli promoter A3	1
689.999000	T7 promoter phi1.1A	1
689.999000	T7 promoter phi1.1B	1
689.999000	T7 promoter phi1.3	1
689.999000	T7 promoter phi1.5	1
689.999000	T7 promoter phi1.6	1
689.999000	T7 promoter phi10	0
689.999000	T7 promoter phi13	0
689.999000	T7 promoter phi17	0
689.999000	T7 promoter phi2.5	0
689.999000	T7 promoter phi3.8	1
689.999000	T7 promoter phi4.3	1
689.999000	T7 promoter phi4.7	0
689.999000	T7 promoter phi4c	1
689.999000	T7 promoter phi6.5	0
689.999000	T7 promoter phi9	1
689.999000	bound_ecolipol	0
689.999000	bound_ecolipol_p	1076
689.999000	bound_ribosome	11611
689.999000	degraded_transcript	28041
689.999000	ecoli_genome	724
689.999000	ecoli_transcript	43326
689.999000	ecolipol	0
689.999000	ecolipol-2	0
689.999000	ecolipol-2-p	714
689.999000	ecolipol-p	10
689.999000	gene 0.3	1675
689.999000	gene 1.1	1120
689.999000	gene 1.2	1850
689.999000	gene 1.3	2224
689.999000	gene 1.4	1402
689.999000	gene 1.5	1388
689.999000	gene 1.6	1919
689.999000	gene 1.7	1601
689.999000	gene 1.8	1390
689.999000	gene 10A	12309
689.999000	gene 11	1718
689.999000	gene 12	660
689.999000	gene 13	2571
689.999000	gene 14	1889
689.999000	gene 15	887
689.999000	gene 16	161
689.999000	gene 17	1394
689.999000	gene 17.5	2368
689.999000	gene 18	1939
689.999000	gene 18.5	1971
689.999000	gene 18.7	1342
689.999000	gene 19	950
689.999000	gene 19.2	1579
689.999000	gene 19.3	1702
689.999000	gene 19.5	2043
689.999000	gene 2.5	2691
689.999000	gene 2.8	1805
689.999000	gene 3	1281
689.999000	gene 3.8	2343
689.999000	gene 4.2	1911
689.999000	gene 4.3	2787
689.999000	gene 4.5	3265
689.999000	gene 4.7	3160
689.999000	gene 4A	387
689.999000	gene 5	1528
689.999000	gene 5.3	2815
689.999000	gene 5.5	2574
689.999000	gene 5.7	2052
689.999000	gene 5.9	2130
689.999000	gene 6	1155
689.999000	gene 6.3	2288
689.999000	gene 6.5	3261
689.999000	gene 6.7	2539
689.999000	gene 7	2951
689.999000	gene 7.3	3495
689.999000	gene 7.7	3368
689.999000	gene 8	1332
689.999000	gene 9	4971
689.999000	gp-2	1139
689.999000	lysozyme-3.5	1087
689.999000	protein_kinase-0.7	1221
689.999000	rbs	8056
689.999000	ribosome	9
689.999000	rnapol-1	44
689.999000	rnapol-3.5	863
694.999002	E. coli B promoter	1
694.999002	E. coli C promoter	1
694.999002	E. coli promoter A1	1
694.999002	E. coli promoter A2	1
694.999002	E. coli promoter A3	1
694.999002	T7 promoter phi1.1A	1
694.999002	T7 promoter phi1.1B	1
694.999002	T7 promoter phi1.3	1
694.999002	T7 promoter phi1.5	1
694.999002	T7 promoter phi1.6	1
694.999002	T7 promoter phi10	0
694.999002	T7 promoter phi13	1
694.999002	T7 promoter phi17	1
694.999002	T7 promoter phi2.5	1
694.999002	T7 promoter phi3.8	0
694.999002	T7 promoter phi4.3	0
694.999002	T7 promoter phi4.7	1
694.999002	T7 promoter phi4c	0
694.999002	T7 promoter phi6.5	1
694.999002	T7 promoter phi9	0
694.999002	bound_ecolipol	0
694.999002	bound_ecolipol_p	1076
694.999002	bound_ribosome	11328
694.999002	degraded_transcript	28491
694.999002	ecoli_genome	724
694.999002	ecoli_transcript	43372
694.999002	ecolipol	0
694.999002	ecolipol-2	0
694.999002	ecolipol-2-p	716
694.999002	ecolipol-p	8
694.999002	gene 0.3	1686
694.999002	gene 1.1	1150
694.999002	gene 1.2	1880
694.999002	gene 1.3	2285
694.999002	gene 1.4	1448
694.999002	gene 1.5	1432
694.999002	gene 1.6	1968
694.999002	gene 1.7	1650
694.999002	gene 1.8	1436
694.999002	gene 10A	12604
694.999002	gene 11	1761
694.999002	gene 12	686
694.999002	gene 13	2630
694.999002	gene 14	1957
694.999002	gene 15	939
694.999002	gene 16	186
694.999002	gene 17	1472
694.999002	gene 17.5	2445
694.999002	gene 18	2006
694.999002	gene 18.5	2049
694.999002	gene 18.7	1400
694.999002	gene 19	1014
694.999002	gene 19.2	1642
694.999002	gene 19.3	1764
694.999002	gene 19.5	2122
694.999002	gene 2.5	2762
694.999002	gene 2.8	1862
694.999002	gene 3	1325
694.999002	gene 3.8	2426
694.999002	gene 4.2	1979
694.999002	gene 4.3	2881
694.999002	gene 4.5	3372
694.999002	gene 4.7	3263
694.999002	gene 4A	404
694.999002	gene 5	1599
694.999002	gene 5.3	2907
694.999002	gene 5.5	2669
694.999002	gene 5.7	2130
694.999002	gene 5.9	2194
694.999002	gene 6	1200
694.999002	gene 6.3	2366
694.999002	gene 6.5	3379
694.999002	gene 6.7	2600
694.999002	gene 7	3043
694.999002	gene 7.3	3598
694.999002	gene 7.7	3485
694.999002	gene 8	1391
694.999002	gene 9	5123
694.999002	gp-2	1189
694.999002	lysozyme-3.5	1134
694.999002	protein_kinase-0.7	1239
694.999002	rbs	8284
694.999002	ribosome	2
694.999002	rnapol-1	48
694.999002	rnapol-3.5	874
699.999002	E. coli B promoter	1
699.999002	E. coli C promoter	1
699.999002	E. coli promoter A1	1
699.999002	E. coli promoter A2	1
699.999002	E. coli promoter A3	1
699.999002	T7 promoter phi1.1A	1
699.999002	T7 promoter phi1.1B	1
699.999002	T7 promoter phi1.3	1
699.999002	T7 promoter phi1.5	1
699.999002	T7 promoter phi1.6	1
699.999002	T7 promoter phi10	0
699.999002	T7 promoter phi13	1
699.999002	T7 promoter phi17	0
699.999002	T7 promoter phi2.5	1
699.999002	T7 promoter phi3.8	1
699.999002	T7 promoter phi4.3	0
699.999002	T7 promoter phi4.7	1
699.999002	T7 promoter phi4c	1
699.999002	T7 promoter phi6.5	1
699.999002	T7 promoter phi9	0
699.999002	bound_ecolipol	0
699.999002	bound_ecolipol_p	1084
699.999002	bound_ribosome	11079
699.999002	degraded_transcript	28901
699.999002	ecoli_genome	716
699.999002	ecoli_transcript	43418
699.999002	ecolipol	0
699.999002	ecolipol-2	0
699.999002	ecolipol-2-p	704
699.999002	ecolipol-p	12
699.999002	gene 0.3	1697
699.999002	gene 1.1	1196
699.999002	gene 1.2	1904
699.999002	gene 1.3	2339
699.999002	gene 1.4	1488
699.999002	gene 1.5	1474
699.999002	gene 1.6	2028
699.999002	gene 1.7	1702
699.999002	gene 1.8	1478
699.999002	gene 10A	12935
699.999002	gene 11	1829
699.999002	gene 12	719
699.999002	gene 13	2711
699.999002	gene 14	2012
699.999002	gene 15	1005
699.999002	gene 16	204
699.999002	gene 17	1562
699.999002	gene 17.5	2521
699.999002	gene 18	2069
699.999002	gene 18.5	2119
699.999002	gene 18.7	1459
699.999002	gene 19	1079
699.999002	gene 19.2	1694
699.999002	gene 19.3	1828
699.999002	gene 19.5	2209
699.999002	gene 2.5	2831
699.999002	gene 2.8	1916
699.999002	gene 3	1373
699.999002	gene 3.8	2503
699.999002	gene 4.2	2046
699.999002	gene 4.3	2953
699.999002	gene 4.5	3469
699.999002	gene 4.7	3357
699.999002	gene 4A	422
699.999002	gene 5	1670
699.999002	gene 5.3	2991
699.999002	gene 5.5	2766
699.999002	gene 5.7	2202
699.999002	gene 5.9	2267
699.999002	gene 6	1244
699.999002	gene 6.3	2436
699.999002	gene 6.5	3480
699.999002	gene 6.7	2699
699.999002	gene 7	3137
699.999002	gene 7.3	3690
699.999002	gene 7.7	3600
699.999002	gene 8	1458
699.999002	gene 9	5286
699.999002	gp-2	1251
699.999002	lysozyme-3.5	1155
699.999002	protein_kinase-0.7	1258
699.999002	rbs	8644
699.999002	ribosome	11
699.999002	rnapol-1	39
699.999002	rnapol-3.5	903
704.999000	E. coli B promoter	1
704.999000	E. coli C promoter	1
704.999000	E. coli promoter A1	1
704.999000	E. coli promoter A2	1
704.999000	E. coli promoter A3	1
704.999000	T7 promoter phi1.1A	1
704.999000	T7 promoter phi1.1B	1
704.999000	T7 promoter phi1.3	1
704.999000	T7 promoter phi1.5	0
704.999000	T7 promoter phi1.6	0
704.999000	T7 promoter phi10	0
704.999000	T7 promoter phi13	1
704.999000	T7 promoter phi17	0
704.999000	T7 promoter phi2.5	1
704.999000	T7 promoter phi3.8	1
704.999000	T7 promoter phi4.3	1
704.999000	T7 promoter phi4.7	1
704.999000	T7 promoter phi4c	1
704.999000	T7 promoter phi6.5	0
704.999000	T7 promoter phi9	0
704.999000	bound_ecolipol	0
704.999000	bound_ecolipol_p	1057
704.999000	bound_ribosome	10808
704.999000	degraded_transcript	29291
704.999000	ecoli_genome	743
704.999000	ecoli_transcript	43504
704.999000	ecolipol	0
704.999000	ecolipol-2	0
704.999000	ecolipol-2-p	736
704.999000	ecolipol-p	7
704.999000	gene 0.3	1712
704.999000	gene 1.1	1232
704.999000	gene 1.2	1932
704.999000	gene 1.3	2402
704.999000	gene 1.4	1538
704.999000	gene 1.5	1514
704.999000	gene 1.6	2083
704.999000	gene 1.7	1740
704.999000	gene 1.8	1538
704.999000	gene 10A	13265
704.999000	gene 11	1872
704.999000	gene 12	758
704.999000	gene 13	2780
704.999000	gene 14	2079
704.999000	gene 15	1058
704.999000	gene 16	232
704.999000	gene 17	1629
704.999000	gene 17.5	2585
704.999000	gene 18	2131
704.999000	gene 18.5	2186
704.999000	gene 18.7	1514
704.999000	gene 19	1126
704.999000	gene 19.2	1761
704.999000	gene 19.3	1882
704.999000	gene 19.5	2260
704.999000	gene 2.5	2920
704.999000	gene 2.8	1977
704.999000	gene 3	1415
704.999000	gene 3.8	2580
704.999000	gene 4.2	2114
704.999000	gene 4.3	3035
704.999000	gene 4.5	3588
704.999000	gene 4.7	3449
704.999000	gene 4A	440
704.999000	gene 5	1749
704.999000	gene 5.3	3088
704.999000	gene 5.5	2845
704.999000	gene 5.7	2266
704.999000	gene 5.9	2346
704.999000	gene 6	1288
704.999000	gene 6.3	2515
704.999000	gene 6.5	3589
704.999000	gene 6.7	2777
704.999000	gene 7	3231
704.999000	gene 7.3	3792
704.999000	gene 7.7	3698
704.999000	gene 8	1525
704.999000	gene 9	5456
704.999000	gp-2	1274
704.999000	lysozyme-3.5	1210
704.999000	protein_kinase-0.7	1271
704.999000	rbs	8854
704.999000	ribosome	7
704.999000	rnapol-1	50
704.999000	rnapol-3.5	919
709.999000	E. coli B promoter	1
709.999000	E. coli C promoter	1
709.999000	E. coli promoter A1	1
709.999000	E. coli promoter A2	1
709.999000	E. coli promoter A3	1
709.999000	T7 promoter phi1.1A	1
709.999000	T7 promoter phi1.1B	1
709.999000	T7 promoter phi1.3	0
709.999000	T7 promoter phi1.5	0
709.999000	T7 promoter phi1.6	1
709.999000	T7 promoter phi10	0
709.999000	T7 promoter phi13	0
709.999000	T7 promoter phi17	1
709.999000	T7 promoter phi2.5	0
709.999000	T7 promoter phi3.8	1
709.999000	T7 promoter phi4.3	1
709.999000	T7 promoter phi4.7	1
709.999000	T7 promoter phi4c	1
709.999000	T7 promoter phi6.5	0
709.999000	T7 promoter phi9	1
709.999000	bound_ecolipol	0
709.999000	bound_ecolipol_p	1056
709.999000	bound_ribosome	10551
709.999000	degraded_transcript	29730
709.999000	ecoli_genome	744
709.999000	ecoli_transcript	43515
709.999000	ecolipol	0
709.999000	ecolipol-2	0
709.999000	ecolipol-2-p	732
709.999000	ecolipol-p	12
709.999000	gene 0.3	1722
709.999000	gene 1.1	1278
709.999000	gene 1.2	1960
709.999000	gene 1.3	2458
709.999000	gene 1.4	1574
709.999000	gene 1.5	1554
709.999000	gene 1.6	2141
709.999000	gene 1.7	1786
709.999000	gene 1.8	1589
709.999000	gene 10A	13589
709.999000	gene 11	1928
709.999000	gene 12	798
709.999000	gene 13	2849
709.999000	gene 14	2139
709.999000	gene 15	1108
709.999000	gene 16	265
709.999000	gene 17	1696
709.999000	gene 17.5	2673
709.999000	gene 18	2211
709.999000	gene 18.5	2261
709.999000	gene 18.7	1567
709.999000	gene 19	1191
709.999000	gene 19.2	1822
709.999000	gene 19.3	1935
709.999000	gene 19.5	2326
709.999000	gene 2.5	2988
709.999000	gene 2.8	2038
709.999000	gene 3	1469
709.999000	gene 3.8	2652
709.999000	gene 4.2	2168
709.999000	gene 4.3	3118
709.999000	gene 4.5	3682
709.999000	gene 4.7	3551
709.999000	gene 4A	458
709.999000	gene 5	1813
709.999000	gene 5.3	3182
709.999000	gene 5.5	2928
709.999000	gene 5.7	2336
709.999000	gene 5.9	2419
709.999000	gene 6	1340
709.999000	gene 6.3	2600
709.999000	gene 6.5	3692
709.999000	gene 6.7	2874
709.999000	gene 7	3334
709.999000	gene 7.3	3886
709.999000	gene 7.7	3817
709.999000	gene 8	1577
709.999000	gene 9	5612
709.999000	gp-2	1333
709.999000	lysozyme-3.5	1234
709.999000	protein_kinase-0.7	1286
709.999000	rbs	9215
709.999000	ribosome	7
709.999000	rnapol-1	46
709.999000	rnapol-3.5	944
714.999003	E. coli B promoter	1
714.999003	E. coli C promoter	1
714.999003	E. coli promoter A1	1
714.999003	E. coli promoter A2	1
714.999003	E. coli promoter A3	1
714.999003	T7 promoter phi1.1A	1
714.999003	T7 promoter phi1.1B	1
714.999003	T7 promoter phi1.3	1
714.999003	T7 promoter phi1.5	1
714.999003	T7 promoter phi1.6	1
714.999003	T7 promoter phi10	0
714.999003	T7 promoter phi13	0
714.999003	T7 promoter phi17	0
714.999003	T7 promoter phi2.5	1
714.999003	T7 promoter phi3.8	1
714.999003	T7 promoter phi4.3	1
714.999003	T7 promoter phi4.7	1
714.999003	T7 promoter phi4c	1
714.999003	T7 promoter phi6.5	0
714.999003	T7 promoter phi9	1
714.999003	bound_ecolipol	0
714.999003	bound_ecolipol_p	1043
714.999003	bound_ribosome	10236
714.999003	degraded_transcript	30175
714.999003	ecoli_genome	757
714.999003	ecoli_transcript	43589
714.999003	ecolipol	0
714.999003	ecolipol-2	0
714.999003	ecolipol-2-p	751
714.999003	ecolipol-p	6
714.999003	gene 0.3	1738
714.999003	gene 1.1	1322
714.999003	gene 1.2	1992
714.999003	gene 1.3	2518
714.999003	gene 1.4	1618
714.999003	gene 1.5	1591
714.999003	gene 1.6	2195
714.999003	gene 1.7	1829
714.999003	gene 1.8	1637
714.999003	gene 10A	13906
714.999003	gene 11	1978
714.999003	gene 12	839
714.999003	gene 13	2919
714.999003	gene 14	2195
714.999003	gene 15	1157
714.999003	gene 16	299
714.999003	gene 17	1766
714.999003	gene 17.5	2751
714.999003	gene 18	2286
714.999003	gene 18.5	2332
714.999003	gene 18.7	1636
714.999003	gene 19	1254
714.999003	gene 19.2	1888
714.999003	gene 19.3	2001
714.999003	gene 19.5	2383
714.999003	gene 2.5	3075
714.999003	gene 2.8	2100
714.999003	gene 3	1518
714.999003	gene 3.8	2727
714.999003	gene 4.2	2235
714.999003	gene 4.3	3202
714.999003	gene 4.5	3780
714.999003	gene 4.7	3649
714.999003	gene 4A	476
714.999003	gene 5	1889
714.999003	gene 5.3	3276
714.999003	gene 5.5	3008
714.999003	gene 5.7	2406
714.999003	gene 5.9	2484
714.999003	gene 6	1391
714.999003	gene 6.3	2679
714.999003	gene 6.5	3796
714.999003	gene 6.7	2972
714.999003	gene 7	3412
714.999003	gene 7.3	3985
714.999003	gene 7.7	3925
714.999003	gene 8	1632
714.999003	gene 9	5777
714.999003	gp-2	1375
714.999003	lysozyme-3.5	1272
714.999003	protein_kinase-0.7	1304
714.999003	rbs	9404
714.999003	ribosome	7
714.999003	rnapol-1	34
714.999003	rnapol-3.5	970
719.999004	E. coli B promoter	1
719.999004	E. coli C promoter	1
719.999004	E. coli promoter A1	1
719.999004	E. coli promoter A2	1
719.999004	E. coli promoter A3	1
719.999004	T7 promoter phi1.1A	1
719.999004	T7 promoter phi1.1B	1
719.999004	T7 promoter phi1.3	1
719.999004	T7 promoter phi1.5	1
719.999004	T7 promoter phi1.6	1
719.999004	T7 promoter phi10	0
719.999004	T7 promoter phi13	1
719.999004	T7 promoter phi17	0
719.999004	T7 promoter phi2.5	1
719.999004	T7 promoter phi3.8	1
719.999004	T7 promoter phi4.3	1
719.999004	T7 promoter phi4.7	1
719.999004	T7 promoter phi4c	1
719.999004	T7 promoter phi6.5	1
719.999004	T7 promoter phi9	0
719.999004	bound_ecolipol	0
719.999004	bound_ecolipol_p	1016
719.999004	bound_ribosome	10023
719.999004	degraded_transcript	30584
719.999004	ecoli_genome	784
719.999004	ecoli_transcript	43573
719.999004	ecolipol	0
719.999004	ecolipol-2	0
719.999004	ecolipol-2-p	771
719.999004	ecolipol-p	12
719.999004	gene 0.3	1749
719.999004	gene 1.1	1364
719.999004	gene 1.2	2015
719.999004	gene 1.3	2578
719.999004	gene 1.4	1663
719.999004	gene 1.5	1629
719.999004	gene 1.6	2269
719.999004	gene 1.7	1889
719.999004	gene 1.8	1687
719.999004	gene 10A	14229
719.999004	gene 11	2037
719.999004	gene 12	868
719.999004	gene 13	2999
719.999004	gene 14	2250
719.999004	gene 15	1207
719.999004	gene 16	330
719.999004	gene 17	1845
719.999004	gene 17.5	2818
719.999004	gene 18	2361
719.999004	gene 18.5	2399
719.999004	gene 18.7	1686
719.999004	gene 19	1323
719.999004	gene 19.2	1954
719.999004	gene 19.3	2061
719.999004	gene 19.5	2457
719.999004	gene 2.5	3161
719.999004	gene 2.8	2163
719.999004	gene 3	1575
719.999004	gene 3.8	2800
719.999004	gene 4.2	2313
719.999004	gene 4.3	3292
719.999004	gene 4.5	3866
719.999004	gene 4.7	3740
719.999004	gene 4A	501
719.999004	gene 5	1966
719.999004	gene 5.3	3367
719.999004	gene 5.5	3080
719.999004	gene 5.7	2482
719.999004	gene 5.9	2559
719.999004	gene 6	1447
719.999004	gene 6.3	2754
719.999004	gene 6.5	3906
719.999004	gene 6.7	3052
719.999004	gene 7	3521
719.999004	gene 7.3	4094
719.999004	gene 7.7	4037
719.999004	gene 8	1705
719.999004	gene 9	5926
719.999004	gp-2	1416
719.999004	lysozyme-3.5	1320
719.999004	protein_kinase-0.7	1318
719.999004	rbs	9819
719.999004	ribosome	4
719.999004	rnapol-1	57
719.999004	rnapol-3.5	968
724.999001	E. coli B promoter	1
724.999001	E. coli C promoter	1
724.999001	E. coli promoter A1	1
724.999001	E. coli promoter A2	1
724.999001	E. coli promoter A3	1
724.999001	T7 promoter phi1.1A	1
724.999001	T7 promoter phi1.1B	1
724.999001	T7 promoter phi1.3	1
724.999001	T7 promoter phi1.5	1
724.999001	T7 promoter phi1.6	0
724.999001	T7 promoter phi10	0
724.999001	T7 promoter phi13	1
724.999001	T7 promoter phi17	1
724.999001	T7 promoter phi2.5	1
724.999001	T7 promoter phi3.8	1
724.999001	T7 promoter phi4.3	1
724.999001	T7 promoter phi4.7	1
724.999001	T7 promoter phi4c	1
724.999001	T7 promoter phi6.5	1
724.999001	T7 promoter phi9	0
724.999001	bound_ecolipol	0
724.999001	bound_ecolipol_p	1003
724.999001	bound_ribosome	9742
724.999001	degraded_transcript	31005
724.999001	ecoli_genome	797
724.999001	ecoli_transcript	43625
724.999001	ecolipol	0
724.999001	ecolipol-2	0
724.999001	ecolipol-2-p	792
724.999001	ecolipol-p	4
724.999001	gene 0.3	1761
724.999001	gene 1.1	1395
724.999001	gene 1.2	2051
724.999001	gene 1.3	2642
724.999001	gene 1.4	1701
724.999001	gene 1.5	1668
724.999001	gene 1.6	2328
724.999001	gene 1.7	1943
724.999001	gene 1.8	1728
724.999001	gene 10A	14544
724.999001	gene 11	2086
724.999001	gene 12	909
724.999001	gene 13	3071
724.999001	gene 14	2316
724.999001	gene 15	1261
724.999001	gene 16	362
724.999001	gene 17	1923
724.999001	gene 17.5	2901
724.999001	gene 18	2429
724.999001	gene 18.5	2482
724.999001	gene 18.7	1741
724.999001	gene 19	1390
724.999001	gene 19.2	2028
724.999001	gene 19.3	2130
724.999001	gene 19.5	2531
724.999001	gene 2.5	3224
724.999001	gene 2.8	2229
724.999001	gene 3	1638
724.999001	gene 3.8	2883
724.999001	gene 4.2	2384
724.999001	gene 4.3	3383
724.999001	gene 4.5	3966
724.999001	gene 4.7	3842
724.999001	gene 4A	531
724.999001	gene 5	2048
724.999001	gene 5.3	3482
724.999001	gene 5.5	3157
724.999001	gene 5.7	2554
724.999001	gene 5.9	2637
724.999001	gene 6	1493
724.999001	gene 6.3	2828
724.999001	gene 6.5	4019
724.999001	gene 6.7	3147
724.999001	gene 7	3610
724.999001	gene 7.3	4200
724.999001	gene 7.7	4146
724.999001	gene 8	1768
724.999001	gene 9	6074
724.999001	gp-2	1445
724.999001	lysozyme-3.5	1353
724.999001	protein_kinase-0.7	1332
724.999001	rbs	10074
724.999001	ribosome	3
724.999001	rnapol-1	35
724.999001	rnapol-3.5	1007
729.999001	E. coli B promoter	1
729.999001	E. coli C promoter	1
729.999001	E. coli promoter A1	1
729.999001	E. coli promoter A2	1
729.999001	E. coli promoter A3	1
729.999001	T7 promoter phi1.1A	1
729.999001	T7 promoter phi1.1B	1
729.999001	T7 promoter phi1.3	1
729.999001	T7 promoter phi1.5	1
729.999001	T7 promoter phi1.6	1
729.999001	T7 promoter phi10	0
729.999001	T7 promoter phi13	1
729.999001	T7 promoter phi17	0
729.999001	T7 promoter phi2.5	1
729.999001	T7 promoter phi3.8	0
729.999001	T7 promoter phi4.3	0
729.999001	T7 promoter phi4.7	0
729.999001	T7 promoter phi4c	1
729.999001	T7 promoter phi6.5	1
729.999001	T7 promoter phi9	1
729.999001	bound_ecolipol	0
729.999001	bound_ecolipol_p	993
729.999001	bound_ribosome	9535
729.999001	degraded_transcript	31448
729.999001	ecoli_genome	807
729.999001	ecoli_transcript	43581
729.999001	ecolipol	0
729.999001	ecolipol-2	0
729.999001	ecolipol-2-p	794
729.999001	ecolipol-p	12
729.999001	gene 0.3	1770
729.999001	gene 1.1	1432
729.999001	gene 1.2	2069
729.999001	gene 1.3	2704
729.999001	gene 1.4	1744
729.999001	gene 1.5	1710
729.999001	gene 1.6	2390
729.999001	gene 1.7	1998
729.999001	gene 1.8	1775
729.999001	gene 10A	14879
729.999001	gene 11	2134
729.999001	gene 12	960
729.999001	gene 13	3152
729.999001	gene 14	2382
729.999001	gene 15	1317
729.999001	gene 16	402
729.999001	gene 17	1994
729.999001	gene 17.5	2988
729.999001	gene 18	2499
729.999001	gene 18.5	2566
729.999001	gene 18.7	1804
729.999001	gene 19	1471
729.999001	gene 19.2	2088
729.999001	gene 19.3	2191
729.999001	gene 19.5	2595
729.999001	gene 2.5	3309
729.999001	gene 2.8	2293
729.999001	gene 3	1691
729.999001	gene 3.8	2962
729.999001	gene 4.2	2452
729.999001	gene 4.3	3477
729.999001	gene 4.5	4065
729.999001	gene 4.7	3932
729.999001	gene 4A	550
729.999001	gene 5	2126
729.999001	gene 5.3	3562
729.999001	gene 5.5	3258
729.999001	gene 5.7	2643
729.999001	gene 5.9	2710
729.999001	gene 6	1555
729.999001	gene 6.3	2917
729.999001	gene 6.5	4128
729.999001	gene 6.7	3266
729.999001	gene 7	3709
729.999001	gene 7.3	4316
729.999001	gene 7.7	4274
729.999001	gene 8	1825
729.999001	gene 9	6243
729.999001	gp-2	1502
729.999001	lysozyme-3.5	1402
729.999001	protein_kinase-0.7	1348
729.999001	rbs	10417
729.999001	ribosome	7
729.999001	rnapol-1	36
729.999001	rnapol-3.5	1026
734.999000	E. coli B promoter	1
734.999000	E. coli C promoter	1
734.999000	E. coli promoter A1	1
734.999000	E. coli promoter A2	1
734.999000	E. coli promoter A3	1
734.999000	T7 promoter phi1.1A	1
734.999000	T7 promoter phi1.1B	1
734.999000	T7 promoter phi1.3	1
734.999000	T7 promoter phi1.5	1
734.999000	T7 promoter phi1.6	1
734.999000	T7 promoter phi10	0
734.999000	T7 promoter phi13	1
734.999000	T7 promoter phi17	1
734.999000	T7 promoter phi2.5	1
734.999000	T7 promoter phi3.8	0
734.999000	T7 promoter phi4.3	1
734.999000	T7 promoter phi4.7	1
734.999000	T7 promoter phi4c	1
734.999000	T7 promoter phi6.5	0
734.999000	T7 promoter phi9	0
734.999000	bound_ecolipol	0
734.999000	bound_ecolipol_p	979
734.999000	bound_ribosome	9308
734.999000	degraded_transcript	31878
734.999000	ecoli_genome	821
734.999000	ecoli_transcript	43584
734.999000	ecolipol	0
734.999000	ecolipol-2	0
734.999000	ecolipol-2-p	813
734.999000	ecolipol-p	7
734.999000	gene 0.3	1777
734.999000	gene 1.1	1468
734.999000	gene 1.2	2092
734.999000	gene 1.3	2772
734.999000	gene 1.4	1790
734.999000	gene 1.5	1760
734.999000	gene 1.6	2439
734.999000	gene 1.7	2052
734.999000	gene 1.8	1820
734.999000	gene 10A	15211
734.999000	gene 11	2183
734.999000	gene 12	1005
734.999000	gene 13	3241
734.999000	gene 14	2449
734.999000	gene 15	1379
734.999000	gene 16	447
734.999000	gene 17	2067
734.999000	gene 17.5	3065
734.999000	gene 18	2563
734.999000	gene 18.5	2660
734.999000	gene 18.7	1871
734.999000	gene 19	1529
734.999000	gene 19.2	2156
734.999000	gene 19.3	2255
734.999000	gene 19.5	2663
734.999000	gene 2.5	3391
734.999000	gene 2.8	2352
734.999000	gene 3	1742
734.999000	gene 3.8	3036
734.999000	gene 4.2	2517
734.999000	gene 4.3	3559
734.999000	gene 4.5	4158
734.999000	gene 4.7	4022
734.999000	gene 4A	577
734.999000	gene 5	2206
734.999000	gene 5.3	3672
734.999000	gene 5.5	3351
734.999000	gene 5.7	2717
734.999000	gene 5.9	2797
734.999000	gene 6	1602
734.999000	gene 6.3	3002
734.999000	gene 6.5	4254
734.999000	gene 6.7	3358
734.999000	gene 7	3797
734.999000	gene 7.3	4423
734.999000	gene 7.7	4386
734.999000	gene 8	1890
734.999000	gene 9	6414
734.999000	gp-2	1543
734.999000	lysozyme-3.5	1470
734.999000	protein_kinase-0.7	1359
734.999000	rbs	10703
734.999000	ribosome	7
734.999000	rnapol-1	54
734.999000	rnapol-3.5	1032
739.999000	E. coli B promoter	1
739.999000	E. coli C promoter	1
739.999000	E. coli promoter A1	1
739.999000	E. coli promoter A2	1
739.999000	E. coli promoter A3	1
739.999000	T7 promoter phi1.1A	1
739.999000	T7 promoter phi1.1B	1
739.999000	T7 promoter phi1.3	1
739.999000	T7 promoter phi1.5	1
739.999000	T7 promoter phi1.6	1
739.999000	T7 promoter phi10	0
739.999000	T7 promoter phi13	0
739.999000	T7 promoter phi17	0
739.999000	T7 promoter phi2.5	0
739.999000	T7 promoter phi3.8	0
739.999000	T7 promoter phi4.3	0
739.999000	T7 promoter phi4.7	1
739.999000	T7 promoter phi4c	1
739.999000	T7 promoter phi6.5	1
739.999000	T7 promoter phi9	1
739.999000	bound_ecolipol	0
739.999000	bound_ecolipol_p	971
739.999000	bound_ribosome	9132
739.999000	degraded_transcript	32297
739.999000	ecoli_genome	829
739.999000	ecoli_transcript	43532
739.999000	ecolipol	0
739.999000	ecolipol-2	0
739.999000	ecolipol-2-p	819
739.999000	ecolipol-p	9
739.999000	gene 0.3	1786
739.999000	gene 1.1	1500
739.999000	gene 1.2	2108
739.999000	gene 1.3	2830
739.999000	gene 1.4	1834
739.999000	gene 1.5	1797
739.999000	gene 1.6	2497
739.999000	gene 1.7	2114
739.999000	gene 1.8	1874
739.999000	gene 10A	15523
739.999000	gene 11	2227
739.999000	gene 12	1052
739.999000	gene 13	3325
739.999000	gene 14	2508
739.999000	gene 15	1440
739.999000	gene 16	491
739.999000	gene 17	2142
739.999000	gene 17.5	3132
739.999000	gene 18	2650
739.999000	gene 18.5	2726
739.999000	gene 18.7	1923
739.999000	gene 19	1599
739.999000	gene 19.2	2222
739.999000	gene 19.3	2328
739.999000	gene 19.5	2745
739.999000	gene 2.5	3482
739.999000	gene 2.8	2403
739.999000	gene 3	1794
739.999000	gene 3.8	3121
739.999000	gene 4.2	2603
739.999000	gene 4.3	3640
739.999000	gene 4.5	4256
739.999000	gene 4.7	4135
739.999000	gene 4A	600
739.999000	gene 5	2277
739.999000	gene 5.3	3767
739.999000	gene 5.5	3447
739.999000	gene 5.7	2803
739.999000	gene 5.9	2889
739.999000	gene 6	1663
739.999000	gene 6.3	3093
739.999000	gene 6.5	4375
739.999000	gene 6.7	3449
739.999000	gene 7	3898
739.999000	gene 7.3	4531
739.999000	gene 7.7	4511
739.999000	gene 8	1956
739.999000	gene 9	6584
739.999000	gp-2	1602
739.999000	lysozyme-3.5	1515
739.999000	protein_kinase-0.7	1371
739.999000	rbs	11062
739.999000	ribosome	5
739.999000	rnapol-1	45
739.999000	rnapol-3.5	1055
744.999000	E. coli B promoter	1
744.999000	E. coli C promoter	1
744.999000	E. coli promoter A1	1
744.999000	E. coli promoter A2	1
744.999000	E. coli promoter A3	1
744.999000	T7 promoter phi1.1A	1
744.999000	T7 promoter phi1.1B	1
744.999000	T7 promoter phi1.3	1
744.999000	T7 promoter phi1.5	1
744.999000	T7 promoter phi1.6	1
744.999000	T7 promoter phi10	0
744.999000	T7 promoter phi13	1
744.999000	T7 promoter phi17	0
744.999000	T7 promoter phi2.5	1
744.999000	T7 promoter phi3.8	1
744.999000	T7 promoter phi4.3	0
744.999000	T7 promoter phi4.7	1
744.999000	T7 promoter phi4c	1
744.999000	T7 promoter phi6.5	1
744.999000	T7 promoter phi9	0
744.999000	bound_ecolipol	0
744.999000	bound_ecolipol_p	966
744.999000	bound_ribosome	8962
744.999000	degraded_transcript	32726
744.999000	ecoli_genome	834
744.999000	ecoli_transcript	43462
744.999000	ecolipol	0
744.999000	ecolipol-2	0
744.999000	ecolipol-2-p	825
744.999000	ecolipol-p	8
744.999000	gene 0.3	1791
744.999000	gene 1.1	1546
744.999000	gene 1.2	2146
744.999000	gene 1.3	2885
744.999000	gene 1.4	1880
744.999000	gene 1.5	1842
744.999000	gene 1.6	2562
744.999000	gene 1.7	2162
744.999000	gene 1.8	1916
744.999000	gene 10A	15838
744.999000	gene 11	2270
744.999000	gene 12	1085
744.999000	gene 13	3402
744.999000	gene 14	2580
744.999000	gene 15	1486
744.999000	gene 16	534
744.999000	gene 17	2209
744.999000	gene 17.5	3203
744.999000	gene 18	2725
744.999000	gene 18.5	2815
744.999000	gene 18.7	1992
744.999000	gene 19	1664
744.999000	gene 19.2	2282
744.999000	gene 19.3	2383
744.999000	gene 19.5	2816
744.999000	gene 2.5	3563
744.999000	gene 2.8	2479
744.999000	gene 3	1853
744.999000	gene 3.8	3201
744.999000	gene 4.2	2669
744.999000	gene 4.3	3729
744.999000	gene 4.5	4357
744.999000	gene 4.7	4223
744.999000	gene 4A	623
744.999000	gene 5	2360
744.999000	gene 5.3	3866
744.999000	gene 5.5	3536
744.999000	gene 5.7	2879
744.999000	gene 5.9	2963
744.999000	gene 6	1726
744.999000	gene 6.3	3185
744.999000	gene 6.5	4483
744.999000	gene 6.7	3556
744.999000	gene 7	4022
744.999000	gene 7.3	4648
744.999000	gene 7.7	4629
744.999000	gene 8	2034
744.999000	gene 9	6757
744.999000	gp-2	1659
744.999000	lysozyme-3.5	1564
744.999000	protein_kinase-0.7	1376
744.999000	rbs	11393
744.999000	ribosome	5
744.999000	rnapol-1	48
744.999000	rnapol-3.5	1063
749.999000	E. coli B promoter	1
749.999000	E. coli C promoter	1
749.999000	E. coli promoter A1	1
749.999000	E. coli promoter A2	1
749.999000	E. coli promoter A3	1
749.999000	T7 promoter phi1.1A	1
749.999000	T7 promoter phi1.1B	0
749.999000	T7 promoter phi1.3	1
749.999000	T7 promoter phi1.5	0
749.999000	T7 promoter phi1.6	1
749.999000	T7 promoter phi10	1
749.999000	T7 promoter phi13	0
749.999000	T7 promoter phi17	1
749.999000	T7 promoter phi2.5	1
749.999000	T7 promoter phi3.8	1
749.999000	T7 promoter phi4.3	1
749.999000	T7 promoter phi4.7	0
749.999000	T7 promoter phi4c	0
749.999000	T7 promoter phi6.5	0
749.999000	T7 promoter phi9	1
749.999000	bound_ecolipol	0
749.999000	bound_ecolipol_p	961
749.999000	bound_ribosome	8822
749.999000	degraded_transcript	33148
749.999000	ecoli_genome	839
749.999000	ecoli_transcript	43383
749.999000	ecolipol	0
749.999000	ecolipol-2	0
749.999000	ecolipol-2-p	829
749.999000	ecolipol-p	9
749.999000	gene 0.3	1795
749.999000	gene 1.1	1573
749.999000	gene 1.2	2177
749.999000	gene 1.3	2943
749.999000	gene 1.4	1939
749.999000	gene 1.5	1893
749.999000	gene 1.6	2611
749.999000	gene 1.7	2221
749.999000	gene 1.8	1963
749.999000	gene 10A	16149
749.999000	gene 11	2316
749.999000	gene 12	1132
749.999000	gene 13	3471
749.999000	gene 14	2642
749.999000	gene 15	1549
749.999000	gene 16	575
749.999000	gene 17	2285
749.999000	gene 17.5	3282
749.999000	gene 18	2792
749.999000	gene 18.5	2882
749.999000	gene 18.7	2059
749.999000	gene 19	1741
749.999000	gene 19.2	2334
749.999000	gene 19.3	2453
749.999000	gene 19.5	2908
749.999000	gene 2.5	3647
749.999000	gene 2.8	2551
749.999000	gene 3	1902
749.999000	gene 3.8	3288
749.999000	gene 4.2	2744
749.999000	gene 4.3	3814
749.999000	gene 4.5	4456
749.999000	gene 4.7	4323
749.999000	gene 4A	653
749.999000	gene 5	2456
749.999000	gene 5.3	3958
749.999000	gene 5.5	3645
749.999000	gene 5.7	2963
749.999000	gene 5.9	3037
749.999000	gene 6	1791
749.999000	gene 6.3	3277
749.999000	gene 6.5	4600
749.999000	gene 6.7	3658
749.999000	gene 7	4138
749.999000	gene 7.3	4779
749.999000	gene 7.7	4761
749.999000	gene 8	2113
749.999000	gene 9	6927
749.999000	gp-2	1718
749.999000	lysozyme-3.5	1619
749.999000	protein_kinase-0.7	1387
749.999000	rbs	11716
749.999000	ribosome	11
749.999000	rnapol-1	52
749.999000	rnapol-3.5	1071
754.999004	E. coli B promoter	1
754.999004	E. coli C promoter	1
754.999004	E. coli promoter A1	1
754.999004	E. coli promoter A2	1
754.999004	E. coli promoter A3	1
754.999004	T7 promoter phi1.1A	1
754.999004	T7 promoter phi1.1B	1
754.999004	T7 promoter phi1.3	1
754.999004	T7 promoter phi1.5	1
754.999004	T7 promoter phi1.6	1
754.999004	T7 promoter phi10	0
754.999004	T7 promoter phi13	1
754.999004	T7 promoter phi17	1
754.999004	T7 promoter phi2.5	1
754.999004	T7 promoter phi3.8	1
754.999004	T7 promoter phi4.3	0
754.999004	T7 promoter phi4.7	1
754.999004	T7 promoter phi4c	0
754.999004	T7 promoter phi6.5	0
754.999004	T7 promoter phi9	0
754.999004	bound_ecolipol	0
754.999004	bound_ecolipol_p	935
754.999004	bound_ribosome	8600
754.999004	degraded_transcript	33570
754.999004	ecoli_genome	865
754.999004	ecoli_transcript	43375
754.999004	ecolipol	0
754.999004	ecolipol-2	0
754.999004	ecolipol-2-p	854
754.999004	ecolipol-p	10
754.999004	gene 0.3	1804
754.999004	gene 1.1	1601
754.999004	gene 1.2	2201
754.999004	gene 1.3	3009
754.999004	gene 1.4	1985
754.999004	gene 1.5	1934
754.999004	gene 1.6	2669
754.999004	gene 1.7	2266
754.999004	gene 1.8	2023
754.999004	gene 10A	16473
754.999004	gene 11	2374
754.999004	gene 12	1166
754.999004	gene 13	3542
754.999004	gene 14	2714
754.999004	gene 15	1605
754.999004	gene 16	622
754.999004	gene 17	2388
754.999004	gene 17.5	3364
754.999004	gene 18	2884
754.999004	gene 18.5	2968
754.999004	gene 18.7	2128
754.999004	gene 19	1816
754.999004	gene 19.2	2407
754.999004	gene 19.3	2520
754.999004	gene 19.5	2977
754.999004	gene 2.5	3734
754.999004	gene 2.8	2622
754.999004	gene 3	1963
754.999004	gene 3.8	3374
754.999004	gene 4.2	2806
754.999004	gene 4.3	3908
754.999004	gene 4.5	4560
754.999004	gene 4.7	4430
754.999004	gene 4A	679
754.999004	gene 5	2538
754.999004	gene 5.3	4061
754.999004	gene 5.5	3742
754.999004	gene 5.7	3042
754.999004	gene 5.9	3109
754.999004	gene 6	1858
754.999004	gene 6.3	3353
754.999004	gene 6.5	4738
754.999004	gene 6.7	3767
754.999004	gene 7	4239
754.999004	gene 7.3	4876
754.999004	gene 7.7	4878
754.999004	gene 8	2177
754.999004	gene 9	7112
754.999004	gp-2	1765
754.999004	lysozyme-3.5	1646
754.999004	protein_kinase-0.7	1400
754.999004	rbs	11953
754.999004	ribosome	4
754.999004	rnapol-1	41
754.999004	rnapol-3.5	1092
759.999001	E. coli B promoter	1
759.999001	E. coli C promoter	1
759.999001	E. coli promoter A1	1
759.999001	E. coli promoter A2	1
759.999001	E. coli promoter A3	1
759.999001	T7 promoter phi1.1A	1
759.999001	T7 promoter phi1.1B	1
759.999001	T7 promoter phi1.3	1
759.999001	T7 promoter phi1.5	1
759.999001	T7 promoter phi1.6	1
759.999001	T7 promoter phi10	0
759.999001	T7 promoter phi13	0
759.999001	T7 promoter phi17	1
759.999001	T7 promoter phi2.5	1
759.999001	T7 promoter phi3.8	0
759.999001	T7 promoter phi4.3	1
759.999001	T7 promoter phi4.7	0
759.999001	T7 promoter phi4c	1
759.999001	T7 promoter phi6.5	1
759.999001	T7 promoter phi9	1
759.999001	bound_ecolipol	0
759.999001	bound_ecolipol_p	930
759.999001	bound_ribosome	8351
759.999001	degraded_transcript	33979
759.999001	ecoli_genome	870
759.999001	ecoli_transcript	43406
759.999001	ecolipol	0
759.999001	ecolipol-2	0
759.999001	ecolipol-2-p	860
759.999001	ecolipol-p	9
759.999001	gene 0.3	1814
759.999001	gene 1.1	1646
759.999001	gene 1.2	2230
759.999001	gene 1.3	3066
759.999001	gene 1.4	2029
759.999001	gene 1.5	1974
759.999001	gene 1.6	2716
759.999001	gene 1.7	2335
759.999001	gene 1.8	2074
759.999001	gene 10A	16788
759.999001	gene 11	2425
759.999001	gene 12	1220
759.999001	gene 13	3626
759.999001	gene 14	2778
759.999001	gene 15	1664
759.999001	gene 16	663
759.999001	gene 17	2475
759.999001	gene 17.5	3452
759.999001	gene 18	2955
759.999001	gene 18.5	3056
759.999001	gene 18.7	2192
759.999001	gene 19	1887
759.999001	gene 19.2	2473
759.999001	gene 19.3	2579
759.999001	gene 19.5	3042
759.999001	gene 2.5	3826
759.999001	gene 2.8	2688
759.999001	gene 3	2017
759.999001	gene 3.8	3459
759.999001	gene 4.2	2877
759.999001	gene 4.3	4027
759.999001	gene 4.5	4665
759.999001	gene 4.7	4539
759.999001	gene 4A	708
759.999001	gene 5	2614
759.999001	gene 5.3	4158
759.999001	gene 5.5	3831
759.999001	gene 5.7	3121
759.999001	gene 5.9	3199
759.999001	gene 6	1922
759.999001	gene 6.3	3436
759.999001	gene 6.5	4862
759.999001	gene 6.7	3892
759.999001	gene 7	4340
759.999001	gene 7.3	4978
759.999001	gene 7.7	5015
759.999001	gene 8	2255
759.999001	gene 9	7275
759.999001	gp-2	1814
759.999001	lysozyme-3.5	1710
759.999001	protein_kinase-0.7	1409
759.999001	rbs	12321
759.999001	ribosome	3
759.999001	rnapol-1	42
759.999001	rnapol-3.5	1099
764.999001	E. coli B promoter	1
764.999001	E. coli C promoter	1
764.999001	E. coli promoter A1	1
764.999001	E. coli promoter A2	1
764.999001	E. coli promoter A3	1
764.999001	T7 promoter phi1.1A	1
764.999001	T7 promoter phi1.1B	1
764.999001	T7 promoter phi1.3	1
764.999001	T7 promoter phi1.5	1
764.999001	T7 promoter phi1.6	1
764.999001	T7 promoter phi10	0
764.999001	T7 promoter phi13	1
764.999001	T7 promoter phi17	0
764.999001	T7 promoter phi2.5	0
764.999001	T7 promoter phi3.8	1
764.999001	T7 promoter phi4.3	0
764.999001	T7 promoter phi4.7	1
764.999001	T7 promoter phi4c	1
764.999001	T7 promoter phi6.5	1
764.999001	T7 promoter phi9	0
764.999001	bound_ecolipol	0
764.999001	bound_ecolipol_p	930
764.999001	bound_ribosome	8169
764.999001	degraded_transcript	34397
764.999001	ecoli_genome	870
764.999001	ecoli_transcript	43354
764.999001	ecolipol	0
764.999001	ecolipol-2	0
764.999001	ecolipol-2-p	861
764.999001	ecolipol-p	8
764.999001	gene 0.3	1826
764.999001	gene 1.1	1687
764.999001	gene 1.2	2254
764.999001	gene 1.3	3132
764.999001	gene 1.4	2083
764.999001	gene 1.5	2024
764.999001	gene 1.6	2778
764.999001	gene 1.7	2397
764.999001	gene 1.8	2124
764.999001	gene 10A	17086
764.999001	gene 11	2488
764.999001	gene 12	1264
764.999001	gene 13	3705
764.999001	gene 14	2851
764.999001	gene 15	1715
764.999001	gene 16	706
764.999001	gene 17	2545
764.999001	gene 17.5	3531
764.999001	gene 18	3013
764.999001	gene 18.5	3152
764.999001	gene 18.7	2263
764.999001	gene 19	1949
764.999001	gene 19.2	2540
764.999001	gene 19.3	2646
764.999001	gene 19.5	3120
764.999001	gene 2.5	3899
764.999001	gene 2.8	2758
764.999001	gene 3	2078
764.999001	gene 3.8	3523
764.999001	gene 4.2	2954
764.999001	gene 4.3	4126
764.999001	gene 4.5	4766
764.999001	gene 4.7	4647
764.999001	gene 4A	741
764.999001	gene 5	2707
764.999001	gene 5.3	4246
764.999001	gene 5.5	3923
764.999001	gene 5.7	3195
764.999001	gene 5.9	3273
764.999001	gene 6	2002
764.999001	gene 6.3	3521
764.999001	gene 6.5	4980
764.999001	gene 6.7	3992
764.999001	gene 7	4454
764.999001	gene 7.3	5101
764.999001	gene 7.7	5141
764.999001	gene 8	2336
764.999001	gene 9	7454
764.999001	gp-2	1883
764.999001	lysozyme-3.5	1763
764.999001	protein_kinase-0.7	1420
764.999001	rbs	12760
764.999001	ribosome	4
764.999001	rnapol-1	28
764.999001	rnapol-3.5	1126
769.999000	E. coli B promoter	1
769.999000	E. coli C promoter	1
769.999000	E. coli promoter A1	1
769.999000	E. coli promoter A2	1
769.999000	E. coli promoter A3	1
769.999000	T7 promoter phi1.1A	1
769.999000	T7 promoter phi1.1B	1
769.999000	T7 promoter phi1.3	1
769.999000	T7 promoter phi1.5	1
769.999000	T7 promoter phi1.6	1
769.999000	T7 promoter phi10	0
769.999000	T7 promoter phi13	1
769.999000	T7 promoter phi17	1
769.999000	T7 promoter phi2.5	1
769.999000	T7 promoter phi3.8	1
769.999000	T7 promoter phi4.3	0
769.999000	T7 promoter phi4.7	0
769.999000	T7 promoter phi4c	1
769.999000	T7 promoter phi6.5	1
769.999000	T7 promoter phi9	1
769.999000	bound_ecolipol	0
769.999000	bound_ecolipol_p	927
769.999000	bound_ribosome	8092
769.999000	degraded_transcript	34846
769.999000	ecoli_genome	873
769.999000	ecoli_transcript	43169
769.999000	ecolipol	0
769.999000	ecolipol-2	0
769.999000	ecolipol-2-p	858
769.999000	ecolipol-p	14
769.999000	gene 0.3	1835
769.999000	gene 1.1	1726
769.999000	gene 1.2	2290
769.999000	gene 1.3	3194
769.999000	gene 1.4	2134
769.999000	gene 1.5	2067
769.999000	gene 1.6	2835
769.999000	gene 1.7	2466
769.999000	gene 1.8	2182
769.999000	gene 10A	17365
769.999000	gene 11	2535
769.999000	gene 12	1313
769.999000	gene 13	3792
769.999000	gene 14	2913
769.999000	gene 15	1771
769.999000	gene 16	750
769.999000	gene 17	2613
769.999000	gene 17.5	3620
769.999000	gene 18	3097
769.999000	gene 18.5	3215
769.999000	gene 18.7	2320
769.999000	gene 19	2023
769.999000	gene 19.2	2610
769.999000	gene 19.3	2721
769.999000	gene 19.5	3188
769.999000	gene 2.5	3985
769.999000	gene 2.8	2831
769.999000	gene 3	2138
769.999000	gene 3.8	3607
769.999000	gene 4.2	3026
769.999000	gene 4.3	4240
769.999000	gene 4.5	4878
769.999000	gene 4.7	4746
769.999000	gene 4A	782
769.999000	gene 5	2791
769.999000	gene 5.3	4339
769.999000	gene 5.5	4012
769.999000	gene 5.7	3286
769.999000	gene 5.9	3349
769.999000	gene 6	2078
769.999000	gene 6.3	3616
769.999000	gene 6.5	5100
769.999000	gene 6.7	4083
769.999000	gene 7	4554
769.999000	gene 7.3	5230
769.999000	gene 7.7	5257
769.999000	gene 8	2404
769.999000	gene 9	7637
769.999000	gp-2	1947
769.999000	lysozyme-3.5	1841
769.999000	protein_kinase-0.7	1429
769.999000	rbs	13067
769.999000	ribosome	2
769.999000	rnapol-1	40
769.999000	rnapol-3.5	1127
774.999002	E. coli B promoter	1
774.999002	E. coli C promoter	1
774.999002	E. coli promoter A1	1
774.999002	E. coli promoter A2	1
774.999002	E. coli promoter A3	1
774.999002	T7 promoter phi1.1A	1
774.999002	T7 promoter phi1.1B	1
774.999002	T7 promoter phi1.3	1
774.999002	T7 promoter phi1.5	1
774.999002	T7 promoter phi1.6	1
774.999002	T7 promoter phi10	0
774.999002	T7 promoter phi13	1
774.999002	T7 promoter phi17	0
774.999002	T7 promoter phi2.5	1
774.999002	T7 promoter phi3.8	1
774.999002	T7 promoter phi4.3	1
774.999002	T7 promoter phi4.7	0
774.999002	T7 promoter phi4c	1
774.999002	T7 promoter phi6.5	1
774.999002	T7 promoter phi9	0
774.999002	bound_ecolipol	0
774.999002	bound_ecolipol_p	921
774.999002	bound_ribosome	7856
774.999002	degraded_transcript	35277
774.999002	ecoli_genome	879
774.999002	ecoli_transcript	43157
774.999002	ecolipol	0
774.999002	ecolipol-2	0
774.999002	ecolipol-2-p	862
774.999002	ecolipol-p	16
774.999002	gene 0.3	1847
774.999002	gene 1.1	1758
774.999002	gene 1.2	2325
774.999002	gene 1.3	3252
774.999002	gene 1.4	2182
774.999002	gene 1.5	2110
774.999002	gene 1.6	2897
774.999002	gene 1.7	2533
774.999002	gene 1.8	2227
774.999002	gene 10A	17665
774.999002	gene 11	2578
774.999002	gene 12	1355
774.999002	gene 13	3862
774.999002	gene 14	2976
774.999002	gene 15	1836
774.999002	gene 16	797
774.999002	gene 17	2691
774.999002	gene 17.5	3690
774.999002	gene 18	3178
774.999002	gene 18.5	3292
774.999002	gene 18.7	2384
774.999002	gene 19	2088
774.999002	gene 19.2	2671
774.999002	gene 19.3	2784
774.999002	gene 19.5	3260
774.999002	gene 2.5	4070
774.999002	gene 2.8	2897
774.999002	gene 3	2195
774.999002	gene 3.8	3686
774.999002	gene 4.2	3087
774.999002	gene 4.3	4327
774.999002	gene 4.5	4986
774.999002	gene 4.7	4862
774.999002	gene 4A	813
774.999002	gene 5	2889
774.999002	gene 5.3	4454
774.999002	gene 5.5	4103
774.999002	gene 5.7	3353
774.999002	gene 5.9	3441
774.999002	gene 6	2155
774.999002	gene 6.3	3690
774.999002	gene 6.5	5229
774.999002	gene 6.7	4183
774.999002	gene 7	4652
774.999002	gene 7.3	5339
774.999002	gene 7.7	5381
774.999002	gene 8	2480
774.999002	gene 9	7833
774.999002	gp-2	2008
774.999002	lysozyme-3.5	1890
774.999002	protein_kinase-0.7	1437
774.999002	rbs	13404
774.999002	ribosome	4
774.999002	rnapol-1	31
774.999002	rnapol-3.5	1156
779.999000	E. coli B promoter	1
779.999000	E. coli C promoter	1
779.999000	E. coli promoter A1	1
779.999000	E. coli promoter A2	1
779.999000	E. coli promoter A3	1
779.999000	T7 promoter phi1.1A	1
779.999000	T7 promoter phi1.1B	1
779.999000	T7 promoter phi1.3	0
779.999000	T7 promoter phi1.5	1
779.999000	T7 promoter phi1.6	1
779.999000	T7 promoter phi10	0
779.999000	T7 promoter phi13	0
779.999000	T7 promoter phi17	0
779.999000	T7 promoter phi2.5	1
779.999000	T7 promoter phi3.8	1
779.999000	T7 promoter phi4.3	1
779.999000	T7 promoter phi4.7	0
779.999000	T7 promoter phi4c	0
779.999000	T7 promoter phi6.5	1
779.999000	T7 promoter phi9	0
779.999000	bound_ecolipol	0
779.999000	bound_ecolipol_p	908
779.999000	bound_ribosome	7704
779.999000	degraded_transcript	35680
779.999000	ecoli_genome	892
779.999000	ecoli_transcript	43088
779.999000	ecolipol	0
779.999000	ecolipol-2	0
779.999000	ecolipol-2-p	879
779.999000	ecolipol-p	12
779.999000	gene 0.3	1858
779.999000	gene 1.1	1788
779.999000	gene 1.2	2355
779.999000	gene 1.3	3318
779.999000	gene 1.4	2227
779.999000	gene 1.5	2159
779.999000	gene 1.6	2969
779.999000	gene 1.7	2600
779.999000	gene 1.8	2294
779.999000	gene 10A	17985
779.999000	gene 11	2620
779.999000	gene 12	1399
779.999000	gene 13	3939
779.999000	gene 14	3042
779.999000	gene 15	1896
779.999000	gene 16	852
779.999000	gene 17	2763
779.999000	gene 17.5	3767
779.999000	gene 18	3256
779.999000	gene 18.5	3387
779.999000	gene 18.7	2445
779.999000	gene 19	2161
779.999000	gene 19.2	2730
779.999000	gene 19.3	2855
779.999000	gene 19.5	3346
779.999000	gene 2.5	4164
779.999000	gene 2.8	2967
779.999000	gene 3	2266
779.999000	gene 3.8	3769
779.999000	gene 4.2	3167
779.999000	gene 4.3	4423
779.999000	gene 4.5	5083
779.999000	gene 4.7	4973
779.999000	gene 4A	848
779.999000	gene 5	2988
779.999000	gene 5.3	4541
779.999000	gene 5.5	4203
779.999000	gene 5.7	3434
779.999000	gene 5.9	3523
779.999000	gene 6	2216
779.999000	gene 6.3	3767
779.999000	gene 6.5	5338
779.999000	gene 6.7	4298
779.999000	gene 7	4751
779.999000	gene 7.3	5452
779.999000	gene 7.7	5520
779.999000	gene 8	2552
779.999000	gene 9	8025
779.999000	gp-2	2062
779.999000	lysozyme-3.5	1954
779.999000	protein_kinase-0.7	1446
779.999000	rbs	13621
779.999000	ribosome	6
779.999000	rnapol-1	41
779.999000	rnapol-3.5	1153
784.999000	E. coli B promoter	1
784.999000	E. coli C promoter	1
784.999000	E. coli promoter A1	1
784.999000	E. coli promoter A2	1
784.999000	E. coli promoter A3	1
784.999000	T7 promoter phi1.1A	1
784.999000	T7 promoter phi1.1B	1
784.999000	T7 promoter phi1.3	1
784.999000	T7 promoter phi1.5	1
784.999000	T7 promoter phi1.6	0
784.999000	T7 promoter phi10	0
784.999000	T7 promoter phi13	1
784.999000	T7 promoter phi17	0
784.999000	T7 promoter phi2.5	1
784.999000	T7 promoter phi3.8	1
784.999000	T7 promoter phi4.3	0
784.999000	T7 promoter phi4.7	0
784.999000	T7 promoter phi4c	1
784.999000	T7 promoter phi6.5	1
784.999000	T7 promoter phi9	1
784.999000	bound_ecolipol	0
784.999000	bound_ecolipol_p	870
784.999000	bound_ribosome	7518
784.999000	degraded_transcript	36096
784.999000	ecoli_genome	930
784.999000	ecoli_transcript	43058
784.999000	ecolipol	0
784.999000	ecolipol-2	0
784.999000	ecolipol-2-p	922
784.999000	ecolipol-p	7
784.999000	gene 0.3	1865
784.999000	gene 1.1	1824
784.999000	gene 1.2	2397
784.999000	gene 1.3	3364
784.999000	gene 1.4	2267
784.999000	gene 1.5	2210
784.999000	gene 1.6	3031
784.999000	gene 1.7	2655
784.999000	gene 1.8	2341
784.999000	gene 10A	18269
784.999000	gene 11	2685
784.999000	gene 12	1443
784.999000	gene 13	4025
784.999000	gene 14	3097
784.999000	gene 15	1952
784.999000	gene 16	906
784.999000	gene 17	2852
784.999000	gene 17.5	3850
784.999000	gene 18	3333
784.999000	gene 18.5	3471
784.999000	gene 18.7	2516
784.999000	gene 19	2236
784.999000	gene 19.2	2800
784.999000	gene 19.3	2920
784.999000	gene 19.5	3415
784.999000	gene 2.5	4234
784.999000	gene 2.8	3050
784.999000	gene 3	2332
784.999000	gene 3.8	3883
784.999000	gene 4.2	3254
784.999000	gene 4.3	4521
784.999000	gene 4.5	5191
784.999000	gene 4.7	5065
784.999000	gene 4A	896
784.999000	gene 5	3068
784.999000	gene 5.3	4643
784.999000	gene 5.5	4290
784.999000	gene 5.7	3519
784.999000	gene 5.9	3613
784.999000	gene 6	2288
784.999000	gene 6.3	3847
784.999000	gene 6.5	5457
784.999000	gene 6.7	4408
784.999000	gene 7	4853
784.999000	gene 7.3	5566
784.999000	gene 7.7	5643
784.999000	gene 8	2625
784.999000	gene 9	8208
784.999000	gp-2	2082
784.999000	lysozyme-3.5	2012
784.999000	protein_kinase-0.7	1452
784.999000	rbs	14006
784.999000	ribosome	6
784.999000	rnapol-1	27
784.999000	rnapol-3.5	1177
789.999002	E. coli B promoter	1
789.999002	E. coli C promoter	1
789.999002	E. coli promoter A1	1
789.999002	E. coli promoter A2	1
789.999002	E. coli promoter A3	1
789.999002	T7 promoter phi1.1A	1
789.999002	T7 promoter phi1.1B	1
789.999002	T7 promoter phi1.3	1
789.999002	T7 promoter phi1.5	0
789.999002	T7 promoter phi1.6	1
789.999002	T7 promoter phi10	0
789.999002	T7 promoter phi13	1
789.999002	T7 promoter phi17	0
789.999002	T7 promoter phi2.5	1
789.999002	T7 promoter phi3.8	0
789.999002	T7 promoter phi4.3	1
789.999002	T7 promoter phi4.7	1
789.999002	T7 promoter phi4c	1
789.999002	T7 promoter phi6.5	1
789.999002	T7 promoter phi9	0
789.999002	bound_ecolipol	0
789.999002	bound_ecolipol_p	870
789.999002	bound_ribosome	7353
789.999002	degraded_transcript	36486
789.999002	ecoli_genome	930
789.999002	ecoli_transcript	43018
789.999002	ecolipol	0
789.999002	ecolipol-2	0
789.999002	ecolipol-2-p	920
789.999002	ecolipol-p	9
789.999002	gene 0.3	1872
789.999002	gene 1.1	1874
789.999002	gene 1.2	2419
789.999002	gene 1.3	3424
789.999002	gene 1.4	2301
789.999002	gene 1.5	2259
789.999002	gene 1.6	3079
789.999002	gene 1.7	2731
789.999002	gene 1.8	2406
789.999002	gene 10A	18580
789.999002	gene 11	2732
789.999002	gene 12	1495
789.999002	gene 13	4121
789.999002	gene 14	3166
789.999002	gene 15	2030
789.999002	gene 16	950
789.999002	gene 17	2939
789.999002	gene 17.5	3929
789.999002	gene 18	3416
789.999002	gene 18.5	3550
789.999002	gene 18.7	2581
789.999002	gene 19	2305
789.999002	gene 19.2	2878
789.999002	gene 19.3	2990
789.999002	gene 19.5	3493
789.999002	gene 2.5	4331
789.999002	gene 2.8	3122
789.999002	gene 3	2395
789.999002	gene 3.8	3966
789.999002	gene 4.2	3325
789.999002	gene 4.3	4629
789.999002	gene 4.5	5297
789.999002	gene 4.7	5171
789.999002	gene 4A	934
789.999002	gene 5	3169
789.999002	gene 5.3	4746
789.999002	gene 5.5	4385
789.999002	gene 5.7	3592
789.999002	gene 5.9	3705
789.999002	gene 6	2365
789.999002	gene 6.3	3934
789.999002	gene 6.5	5587
789.999002	gene 6.7	4521
789.999002	gene 7	4995
789.999002	gene 7.3	5663
789.999002	gene 7.7	5766
789.999002	gene 8	2713
789.999002	gene 9	8399
789.999002	gp-2	2149
789.999002	lysozyme-3.5	2083
789.999002	protein_kinase-0.7	1463
789.999002	rbs	14311
789.999002	ribosome	8
789.999002	rnapol-1	39
789.999002	rnapol-3.5	1168
794.999001	E. coli B promoter	1
794.999001	E. coli C promoter	1
794.999001	E. coli promoter A1	1
794.999001	E. coli promoter A2	1
794.999001	E. coli promoter A3	1
794.999001	T7 promoter phi1.1A	1
794.999001	T7 promoter phi1.1B	1
794.999001	T7 promoter phi1.3	1
794.999001	T7 promoter phi1.5	1
794.999001	T7 promoter phi1.6	1
794.999001	T7 promoter phi10	0
794.999001	T7 promoter phi13	0
794.999001	T7 promoter phi17	0
794.999001	T7 promoter phi2.5	1
794.999001	T7 promoter phi3.8	1
794.999001	T7 promoter phi4.3	1
794.999001	T7 promoter phi4.7	1
794.999001	T7 promoter phi4c	0
794.999001	T7 promoter phi6.5	0
794.999001	T7 promoter phi9	1
794.999001	bound_ecolipol	0
794.999001	bound_ecolipol_p	870
794.999001	bound_ribosome	7133
794.999001	degraded_transcript	36883
794.999001	ecoli_genome	930
794.999001	ecoli_transcript	43017
794.999001	ecolipol	0
794.999001	ecolipol-2	0
794.999001	ecolipol-2-p	920
794.999001	ecolipol-p	9
794.999001	gene 0.3	1881
794.999001	gene 1.1	1914
794.999001	gene 1.2	2444
794.999001	gene 1.3	3474
794.999001	gene 1.4	2352
794.999001	gene 1.5	2315
794.999001	gene 1.6	3149
794.999001	gene 1.7	2805
794.999001	gene 1.8	2461
794.999001	gene 10A	18857
794.999001	gene 11	2788
794.999001	gene 12	1536
794.999001	gene 13	4199
794.999001	gene 14	3238
794.999001	gene 15	2093
794.999001	gene 16	1022
794.999001	gene 17	3017
794.999001	gene 17.5	4011
794.999001	gene 18	3499
794.999001	gene 18.5	3622
794.999001	gene 18.7	2640
794.999001	gene 19	2383
794.999001	gene 19.2	2942
794.999001	gene 19.3	3050
794.999001	gene 19.5	3575
794.999001	gene 2.5	4412
794.999001	gene 2.8	3198
794.999001	gene 3	2452
794.999001	gene 3.8	4049
794.999001	gene 4.2	3402
794.999001	gene 4.3	4722
794.999001	gene 4.5	5405
794.999001	gene 4.7	5280
794.999001	gene 4A	969
794.999001	gene 5	3252
794.999001	gene 5.3	4834
794.999001	gene 5.5	4502
794.999001	gene 5.7	3678
794.999001	gene 5.9	3796
794.999001	gene 6	2434
794.999001	gene 6.3	4007
794.999001	gene 6.5	5706
794.999001	gene 6.7	4618
794.999001	gene 7	5107
794.999001	gene 7.3	5779
794.999001	gene 7.7	5889
794.999001	gene 8	2796
794.999001	gene 9	8563
794.999001	gp-2	2216
794.999001	lysozyme-3.5	2134
794.999001	protein_kinase-0.7	1471
794.999001	rbs	14722
794.999001	ribosome	5
794.999001	rnapol-1	29
794.999001	rnapol-3.5	1191
799.999001	E. coli B promoter	1
799.999001	E. coli C promoter	1
799.999001	E. coli promoter A1	1
799.999001	E. coli promoter A2	1
799.999001	E. coli promoter A3	1
799.999001	T7 promoter phi1.1A	1
799.999001	T7 promoter phi1.1B	1
799.999001	T7 promoter phi1.3	1
799.999001	T7 promoter phi1.5	1
799.999001	T7 promoter phi1.6	1
799.999001	T7 promoter phi10	0
799.999001	T7 promoter phi13	1
799.999001	T7 promoter phi17	1
799.999001	T7 promoter phi2.5	1
799.999001	T7 promoter phi3.8	1
799.999001	T7 promoter phi4.3	0
799.999001	T7 promoter phi4.7	0
799.999001	T7 promoter phi4c	1
799.999001	T7 promoter phi6.5	1
799.999001	T7 promoter phi9	0
799.999001	bound_ecolipol	0
799.999001	bound_ecolipol_p	878
799.999001	bound_ribosome	7000
799.999001	degraded_transcript	37321
799.999001	ecoli_genome	922
799.999001	ecoli_transcript	42882
799.999001	ecolipol	0
799.999001	ecolipol-2	0
799.999001	ecolipol-2-p	911
799.999001	ecolipol-p	10
799.999001	gene 0.3	1889
799.999001	gene 1.1	1963
799.999001	gene 1.2	2474
799.999001	gene 1.3	3531
799.999001	gene 1.4	2403
799.999001	gene 1.5	2356
799.999001	gene 1.6	3202
799.999001	gene 1.7	2872
799.999001	gene 1.8	2519
799.999001	gene 10A	19169
799.999001	gene 11	2835
799.999001	gene 12	1587
799.999001	gene 13	4275
799.999001	gene 14	3300
799.999001	gene 15	2154
799.999001	gene 16	1068
799.999001	gene 17	3101
799.999001	gene 17.5	4097
799.999001	gene 18	3561
799.999001	gene 18.5	3697
799.999001	gene 18.7	2714
799.999001	gene 19	2465
799.999001	gene 19.2	3019
799.999001	gene 19.3	3122
799.999001	gene 19.5	3658
799.999001	gene 2.5	4497
799.999001	gene 2.8	3270
799.999001	gene 3	2505
799.999001	gene 3.8	4145
799.999001	gene 4.2	3485
799.999001	gene 4.3	4821
799.999001	gene 4.5	5525
799.999001	gene 4.7	5390
799.999001	gene 4A	1002
799.999001	gene 5	3354
799.999001	gene 5.3	4931
799.999001	gene 5.5	4610
799.999001	gene 5.7	3770
799.999001	gene 5.9	3876
799.999001	gene 6	2505
799.999001	gene 6.3	4090
799.999001	gene 6.5	5845
799.999001	gene 6.7	4720
799.999001	gene 7	5215
799.999001	gene 7.3	5871
799.999001	gene 7.7	6020
799.999001	gene 8	2895
799.999001	gene 9	8751
799.999001	gp-2	2294
799.999001	lysozyme-3.5	2214
799.999001	protein_kinase-0.7	1480
799.999001	rbs	15027
799.999001	ribosome	5
799.999001	rnapol-1	42
799.999001	rnapol-3.5	1194
804.999005	E. coli B promoter	1
804.999005	E. coli C promoter	1
804.999005	E. coli promoter A1	1
804.999005	E. coli promoter A2	1
804.999005	E. coli promoter A3	1
804.999005	T7 promoter phi1.1A	1
804.999005	T7 promoter phi1.1B	1
804.999005	T7 promoter phi1.3	1
804.999005	T7 promoter phi1.5	1
804.999005	T7 promoter phi1.6	1
804.999005	T7 promoter phi10	0
804.999005	T7 promoter phi13	0
804.999005	T7 promoter phi17	0
804.999005	T7 promoter phi2.5	1
804.999005	T7 promoter phi3.8	1
804.999005	T7 promoter phi4.3	1
804.999005	T7 promoter phi4.7	1
804.999005	T7 promoter phi4c	1
804.999005	T7 promoter phi6.5	0
804.999005	T7 promoter phi9	0
804.999005	bound_ecolipol	0
804.999005	bound_ecolipol_p	872
804.999005	bound_ribosome	6894
804.999005	degraded_transcript	37727
804.999005	ecoli_genome	928
804.999005	ecoli_transcript	42733
804.999005	ecolipol	0
804.999005	ecolipol-2	0
804.999005	ecolipol-2-p	921
804.999005	ecolipol-p	6
804.999005	gene 0.3	1895
804.999005	gene 1.1	1991
804.999005	gene 1.2	2498
804.999005	gene 1.3	3597
804.999005	gene 1.4	2455
804.999005	gene 1.5	2413
804.999005	gene 1.6	3266
804.999005	gene 1.7	2942
804.999005	gene 1.8	2575
804.999005	gene 10A	19500
804.999005	gene 11	2886
804.999005	gene 12	1641
804.999005	gene 13	4357
804.999005	gene 14	3372
804.999005	gene 15	2219
804.999005	gene 16	1129
804.999005	gene 17	3180
804.999005	gene 17.5	4187
804.999005	gene 18	3637
804.999005	gene 18.5	3783
804.999005	gene 18.7	2783
804.999005	gene 19	2539
804.999005	gene 19.2	3101
804.999005	gene 19.3	3196
804.999005	gene 19.5	3731
804.999005	gene 2.5	4589
804.999005	gene 2.8	3345
804.999005	gene 3	2567
804.999005	gene 3.8	4238
804.999005	gene 4.2	3572
804.999005	gene 4.3	4910
804.999005	gene 4.5	5637
804.999005	gene 4.7	5502
804.999005	gene 4A	1038
804.999005	gene 5	3449
804.999005	gene 5.3	5016
804.999005	gene 5.5	4700
804.999005	gene 5.7	3863
804.999005	gene 5.9	3963
804.999005	gene 6	2570
804.999005	gene 6.3	4176
804.999005	gene 6.5	5980
804.999005	gene 6.7	4832
804.999005	gene 7	5334
804.999005	gene 7.3	5993
804.999005	gene 7.7	6130
804.999005	gene 8	3000
804.999005	gene 9	8953
804.999005	gp-2	2357
804.999005	lysozyme-3.5	2261
804.999005	protein_kinase-0.7	1489
804.999005	rbs	15324
804.999005	ribosome	5
804.999005	rnapol-1	30
804.999005	rnapol-3.5	1218
809.999000	E. coli B promoter	1
809.999000	E. coli C promoter	1
809.999000	E. coli promoter A1	1
809.999000	E. coli promoter A2	1
809.999000	E. coli promoter A3	1
809.999000	T7 promoter phi1.1A	1
809.999000	T7 promoter phi1.1B	1
809.999000	T7 promoter phi1.3	1
809.999000	T7 promoter phi1.5	1
809.999000	T7 promoter phi1.6	0
809.999000	T7 promoter phi10	0
809.999000	T7 promoter phi13	1
809.999000	T7 promoter phi17	0
809.999000	T7 promoter phi2.5	0
809.999000	T7 promoter phi3.8	0
809.999000	T7 promoter phi4.3	0
809.999000	T7 promoter phi4.7	1
809.999000	T7 promoter phi4c	1
809.999000	T7 promoter phi6.5	1
809.999000	T7 promoter phi9	0
809.999000	bound_ecolipol	0
809.999000	bound_ecolipol_p	843
809.999000	bound_ribosome	6711
809.999000	degraded_transcript	38139
809.999000	ecoli_genome	957
809.999000	ecoli_transcript	42696
809.999000	ecolipol	0
809.999000	ecolipol-2	0
809.999000	ecolipol-2-p	951
809.999000	ecolipol-p	5
809.999000	gene 0.3	1900
809.999000	gene 1.1	2033
809.999000	gene 1.2	2527
809.999000	gene 1.3	3653
809.999000	gene 1.4	2494
809.999000	gene 1.5	2458
809.999000	gene 1.6	3324
809.999000	gene 1.7	3005
809.999000	gene 1.8	2640
809.999000	gene 10A	19812
809.999000	gene 11	2933
809.999000	gene 12	1684
809.999000	gene 13	4439
809.999000	gene 14	3447
809.999000	gene 15	2276
809.999000	gene 16	1195
809.999000	gene 17	3257
809.999000	gene 17.5	4284
809.999000	gene 18	3720
809.999000	gene 18.5	3855
809.999000	gene 18.7	2857
809.999000	gene 19	2603
809.999000	gene 19.2	3183
809.999000	gene 19.3	3276
809.999000	gene 19.5	3802
809.999000	gene 2.5	4670
809.999000	gene 2.8	3423
809.999000	gene 3	2621
809.999000	gene 3.8	4339
809.999000	gene 4.2	3650
809.999000	gene 4.3	5003
809.999000	gene 4.5	5738
809.999000	gene 4.7	5602
809.999000	gene 4A	1086
809.999000	gene 5	3538
809.999000	gene 5.3	5110
809.999000	gene 5.5	4800
809.999000	gene 5.7	3949
809.999000	gene 5.9	4048
809.999000	gene 6	2650
809.999000	gene 6.3	4267
809.999000	gene 6.5	6105
809.999000	gene 6.7	4942
809.999000	gene 7	5465
809.999000	gene 7.3	6107
809.999000	gene 7.7	6241
809.999000	gene 8	3091
809.999000	gene 9	9128
809.999000	gp-2	2388
809.999000	lysozyme-3.5	2333
809.999000	protein_kinase-0.7	1496
809.999000	rbs	15723
809.999000	ribosome	2
809.999000	rnapol-1	28
809.999000	rnapol-3.5	1228
814.999001	E. coli B promoter	1
814.999001	E. coli C promoter	1
814.999001	E. coli promoter A1	1
814.999001	E. coli promoter A2	1
814.999001	E. coli promoter A3	1
814.999001	T7 promoter phi1.1A	1
814.999001	T7 promoter phi1.1B	1
814.999001	T7 promoter phi1.3	1
814.999001	T7 promoter phi1.5	0
814.999001	T7 promoter phi1.6	1
814.999001	T7 promoter phi10	0
814.999001	T7 promoter phi13	1
814.999001	T7 promoter phi17	0
814.999001	T7 promoter phi2.5	1
814.999001	T7 promoter phi3.8	0
814.999001	T7 promoter phi4.3	1
814.999001	T7 promoter phi4.7	0
814.999001	T7 promoter phi4c	1
814.999001	T7 promoter phi6.5	1
814.999001	T7 promoter phi9	0
814.999001	bound_ecolipol	0
814.999001	bound_ecolipol_p	834
814.999001	bound_ribosome	6560
814.999001	degraded_transcript	38546
814.999001	ecoli_genome	966
814.999001	ecoli_transcript	42607
814.999001	ecolipol	0
814.999001	ecolipol-2	0
814.999001	ecolipol-2-p	957
814.999001	ecolipol-p	8
814.999001	gene 0.3	1906
814.999001	gene 1.1	2071
814.999001	gene 1.2	2546
814.999001	gene 1.3	3714
814.999001	gene 1.4	2551
814.999001	gene 1.5	2503
814.999001	gene 1.6	3389
814.999001	gene 1.7	3082
814.999001	gene 1.8	2703
814.999001	gene 10A	20130
814.999001	gene 11	2986
814.999001	gene 12	1734
814.999001	gene 13	4529
814.999001	gene 14	3513
814.999001	gene 15	2325
814.999001	gene 16	1254
814.999001	gene 17	3354
814.999001	gene 17.5	4369
814.999001	gene 18	3789
814.999001	gene 18.5	3937
814.999001	gene 18.7	2924
814.999001	gene 19	2682
814.999001	gene 19.2	3260
814.999001	gene 19.3	3341
814.999001	gene 19.5	3873
814.999001	gene 2.5	4766
814.999001	gene 2.8	3492
814.999001	gene 3	2670
814.999001	gene 3.8	4432
814.999001	gene 4.2	3731
814.999001	gene 4.3	5092
814.999001	gene 4.5	5854
814.999001	gene 4.7	5704
814.999001	gene 4A	1123
814.999001	gene 5	3648
814.999001	gene 5.3	5216
814.999001	gene 5.5	4898
814.999001	gene 5.7	4046
814.999001	gene 5.9	4131
814.999001	gene 6	2711
814.999001	gene 6.3	4354
814.999001	gene 6.5	6235
814.999001	gene 6.7	5072
814.999001	gene 7	5582
814.999001	gene 7.3	6244
814.999001	gene 7.7	6388
814.999001	gene 8	3185
814.999001	gene 9	9301
814.999001	gp-2	2440
814.999001	lysozyme-3.5	2416
814.999001	protein_kinase-0.7	1503
814.999001	rbs	15974
814.999001	ribosome	2
814.999001	rnapol-1	34
814.999001	rnapol-3.5	1233
819.999002	E. coli B promoter	1
819.999002	E. coli C promoter	1
819.999002	E. coli promoter A1	1
819.999002	E. coli promoter A2	1
819.999002	E. coli promoter A3	1
819.999002	T7 promoter phi1.1A	1
819.999002	T7 promoter phi1.1B	1
819.999002	T7 promoter phi1.3	1
819.999002	T7 promoter phi1.5	1
819.999002	T7 promoter phi1.6	1
819.999002	T7 promoter phi10	1
819.999002	T7 promoter phi13	1
819.999002	T7 promoter phi17	0
819.999002	T7 promoter phi2.5	1
819.999002	T7 promoter phi3.8	0
819.999002	T7 promoter phi4.3	1
819.999002	T7 promoter phi4.7	1
819.999002	T7 promoter phi4c	1
819.999002	T7 promoter phi6.5	1
819.999002	T7 promoter phi9	0
819.999002	bound_ecolipol	0
819.999002	bound_ecolipol_p	814
819.999002	bound_ribosome	6412
819.999002	degraded_transcript	38954
819.999002	ecoli_genome	986
819.999002	ecoli_transcript	42516
819.999002	ecolipol	0
819.999002	ecolipol-2	0
819.999002	ecolipol-2-p	978
819.999002	ecolipol-p	7
819.999002	gene 0.3	1916
819.999002	gene 1.1	2114
819.999002	gene 1.2	2574
819.999002	gene 1.3	3783
819.999002	gene 1.4	2602
819.999002	gene 1.5	2555
819.999002	gene 1.6	3448
819.999002	gene 1.7	3145
819.999002	gene 1.8	2774
819.999002	gene 10A	20446
819.999002	gene 11	3032
819.999002	gene 12	1787
819.999002	gene 13	4594
819.999002	gene 14	3587
819.999002	gene 15	2384
819.999002	gene 16	1320
819.999002	gene 17	3429
819.999002	gene 17.5	4454
819.999002	gene 18	3868
819.999002	gene 18.5	4017
819.999002	gene 18.7	2991
819.999002	gene 19	2757
819.999002	gene 19.2	3325
819.999002	gene 19.3	3417
819.999002	gene 19.5	3936
819.999002	gene 2.5	4876
819.999002	gene 2.8	3563
819.999002	gene 3	2743
819.999002	gene 3.8	4532
819.999002	gene 4.2	3808
819.999002	gene 4.3	5191
819.999002	gene 4.5	5963
819.999002	gene 4.7	5823
819.999002	gene 4A	1166
819.999002	gene 5	3736
819.999002	gene 5.3	5321
819.999002	gene 5.5	5013
819.999002	gene 5.7	4129
819.999002	gene 5.9	4226
819.999002	gene 6	2784
819.999002	gene 6.3	4447
819.999002	gene 6.5	6341
819.999002	gene 6.7	5185
819.999002	gene 7	5713
819.999002	gene 7.3	6366
819.999002	gene 7.7	6503
819.999002	gene 8	3281
819.999002	gene 9	9494
819.999002	gp-2	2483
819.999002	lysozyme-3.5	2481
819.999002	protein_kinase-0.7	1510
819.999002	rbs	16358
819.999002	ribosome	4
819.999002	rnapol-1	32
819.999002	rnapol-3.5	1242
824.999001	E. coli B promoter	1
824.999001	E. coli C promoter	1
824.999001	E. coli promoter A1	1
824.999001	E. coli promoter A2	1
824.999001	E. coli promoter A3	1
824.999001	T7 promoter phi1.1A	1
824.999001	T7 promoter phi1.1B	1
824.999001	T7 promoter phi1.3	1
824.999001	T7 promoter phi1.5	1
824.999001	T7 promoter phi1.6	1
824.999001	T7 promoter phi10	0
824.999001	T7 promoter phi13	1
824.999001	T7 promoter phi17	0
824.999001	T7 promoter phi2.5	1
824.999001	T7 promoter phi3.8	1
824.999001	T7 promoter phi4.3	1
824.999001	T7 promoter phi4.7	1
824.999001	T7 promoter phi4c	1
824.999001	T7 promoter phi6.5	1
824.999001	T7 promoter phi9	1
824.999001	bound_ecolipol	0
824.999001	bound_ecolipol_p	811
824.999001	bound_ribosome	6224
824.999001	degraded_transcript	39385
824.999001	ecoli_genome	989
824.999001	ecoli_transcript	42439
824.999001	ecolipol	0
824.999001	ecolipol-2	0
824.999001	ecolipol-2-p	978
824.999001	ecolipol-p	10
824.999001	gene 0.3	1922
824.999001	gene 1.1	2145
824.999001	gene 1.2	2609
824.999001	gene 1.3	3846
824.999001	gene 1.4	2650
824.999001	gene 1.5	2603
824.999001	gene 1.6	3511
824.999001	gene 1.7	3202
824.999001	gene 1.8	2833
824.999001	gene 10A	20764
824.999001	gene 11	3081
824.999001	gene 12	1833
824.999001	gene 13	4668
824.999001	gene 14	3656
824.999001	gene 15	2444
824.999001	gene 16	1373
824.999001	gene 17	3507
824.999001	gene 17.5	4540
824.999001	gene 18	3953
824.999001	gene 18.5	4106
824.999001	gene 18.7	3059
824.999001	gene 19	2834
824.999001	gene 19.2	3396
824.999001	gene 19.3	3491
824.999001	gene 19.5	4014
824.999001	gene 2.5	4965
824.999001	gene 2.8	3629
824.999001	gene 3	2806
824.999001	gene 3.8	4622
824.999001	gene 4.2	3875
824.999001	gene 4.3	5297
824.999001	gene 4.5	6081
824.999001	gene 4.7	5948
824.999001	gene 4A	1204
824.999001	gene 5	3837
824.999001	gene 5.3	5406
824.999001	gene 5.5	5115
824.999001	gene 5.7	4230
824.999001	gene 5.9	4308
824.999001	gene 6	2868
824.999001	gene 6.3	4548
824.999001	gene 6.5	6480
824.999001	gene 6.7	5294
824.999001	gene 7	5843
824.999001	gene 7.3	6524
824.999001	gene 7.7	6628
824.999001	gene 8	3379
824.999001	gene 9	9664
824.999001	gp-2	2540
824.999001	lysozyme-3.5	2563
824.999001	protein_kinase-0.7	1521
824.999001	rbs	16636
824.999001	ribosome	5
824.999001	rnapol-1	31
824.999001	rnapol-3.5	1256
829.999003	E. coli B promoter	1
829.999003	E. coli C promoter	1
829.999003	E. coli promoter A1	1
829.999003	E. coli promoter A2	1
829.999003	E. coli promoter A3	1
829.999003	T7 promoter phi1.1A	1
829.999003	T7 promoter phi1.1B	1
829.999003	T7 promoter phi1.3	1
829.999003	T7 promoter phi1.5	1
829.999003	T7 promoter phi1.6	1
829.999003	T7 promoter phi10	1
829.999003	T7 promoter phi13	1
829.999003	T7 promoter phi17	1
829.999003	T7 promoter phi2.5	1
829.999003	T7 promoter phi3.8	0
829.999003	T7 promoter phi4.3	1
829.999003	T7 promoter phi4.7	1
829.999003	T7 promoter phi4c	1
829.999003	T7 promoter phi6.5	1
829.999003	T7 promoter phi9	0
829.999003	bound_ecolipol	0
829.999003	bound_ecolipol_p	789
829.999003	bound_ribosome	6087
829.999003	degraded_transcript	39793
829.999003	ecoli_genome	1011
829.999003	ecoli_transcript	42344
829.999003	ecolipol	0
829.999003	ecolipol-2	0
829.999003	ecolipol-2-p	999
829.999003	ecolipol-p	11
829.999003	gene 0.3	1928
829.999003	gene 1.1	2190
829.999003	gene 1.2	2637
829.999003	gene 1.3	3894
829.999003	gene 1.4	2698
829.999003	gene 1.5	2650
829.999003	gene 1.6	3576
829.999003	gene 1.7	3268
829.999003	gene 1.8	2910
829.999003	gene 10A	21048
829.999003	gene 11	3138
829.999003	gene 12	1880
829.999003	gene 13	4739
829.999003	gene 14	3714
829.999003	gene 15	2510
829.999003	gene 16	1425
829.999003	gene 17	3586
829.999003	gene 17.5	4629
829.999003	gene 18	4026
829.999003	gene 18.5	4187
829.999003	gene 18.7	3119
829.999003	gene 19	2924
829.999003	gene 19.2	3466
829.999003	gene 19.3	3568
829.999003	gene 19.5	4090
829.999003	gene 2.5	5065
829.999003	gene 2.8	3696
829.999003	gene 3	2878
829.999003	gene 3.8	4722
829.999003	gene 4.2	3967
829.999003	gene 4.3	5402
829.999003	gene 4.5	6189
829.999003	gene 4.7	6066
829.999003	gene 4A	1248
829.999003	gene 5	3938
829.999003	gene 5.3	5510
829.999003	gene 5.5	5214
829.999003	gene 5.7	4326
829.999003	gene 5.9	4400
829.999003	gene 6	2961
829.999003	gene 6.3	4634
829.999003	gene 6.5	6606
829.999003	gene 6.7	5416
829.999003	gene 7	5968
829.999003	gene 7.3	6647
829.999003	gene 7.7	6756
829.999003	gene 8	3459
829.999003	gene 9	9852
829.999003	gp-2	2585
829.999003	lysozyme-3.5	2623
829.999003	protein_kinase-0.7	1527
829.999003	rbs	17027
829.999003	ribosome	3
829.999003	rnapol-1	30
829.999003	rnapol-3.5	1249
834.999000	E. coli B promoter	1
834.999000	E. coli C promoter	1
834.999000	E. coli promoter A1	1
834.999000	E. coli promoter A2	1
834.999000	E. coli promoter A3	1
834.999000	T7 promoter phi1.1A	1
834.999000	T7 promoter phi1.1B	0
834.999000	T7 promoter phi1.3	1
834.999000	T7 promoter phi1.5	0
834.999000	T7 promoter phi1.6	0
834.999000	T7 promoter phi10	0
834.999000	T7 promoter phi13	0
834.999000	T7 promoter phi17	1
834.999000	T7 promoter phi2.5	1
834.999000	T7 promoter phi3.8	1
834.999000	T7 promoter phi4.3	1
834.999000	T7 promoter phi4.7	1
834.999000	T7 promoter phi4c	1
834.999000	T7 promoter phi6.5	0
834.999000	T7 promoter phi9	1
834.999000	bound_ecolipol	0
834.999000	bound_ecolipol_p	826
834.999000	bound_ribosome	6021
834.999000	degraded_transcript	40163
834.999000	ecoli_genome	974
834.999000	ecoli_transcript	42186
834.999000	ecolipol	0
834.999000	ecolipol-2	0
834.999000	ecolipol-2-p	969
834.999000	ecolipol-p	4
834.999000	gene 0.3	1934
834.999000	gene 1.1	2222
834.999000	gene 1.2	2662
834.999000	gene 1.3	3955
834.999000	gene 1.4	2749
834.999000	gene 1.5	2697
834.999000	gene 1.6	3634
834.999000	gene 1.7	3335
834.999000	gene 1.8	2967
834.999000	gene 10A	21358
834.999000	gene 11	3180
834.999000	gene 12	1916
834.999000	gene 13	4815
834.999000	gene 14	3785
834.999000	gene 15	2584
834.999000	gene 16	1475
834.999000	gene 17	3662
834.999000	gene 17.5	4715
834.999000	gene 18	4101
834.999000	gene 18.5	4276
834.999000	gene 18.7	3182
834.999000	gene 19	2999
834.999000	gene 19.2	3543
834.999000	gene 19.3	3656
834.999000	gene 19.5	4165
834.999000	gene 2.5	5151
834.999000	gene 2.8	3780
834.999000	gene 3	2937
834.999000	gene 3.8	4819
834.999000	gene 4.2	4046
834.999000	gene 4.3	5494
834.999000	gene 4.5	6315
834.999000	gene 4.7	6160
834.999000	gene 4A	1301
834.999000	gene 5	4043
834.999000	gene 5.3	5605
834.999000	gene 5.5	5328
834.999000	gene 5.7	4418
834.999000	gene 5.9	4495
834.999000	gene 6	3029
834.999000	gene 6.3	4747
834.999000	gene 6.5	6748
834.999000	gene 6.7	5533
834.999000	gene 7	6082
834.999000	gene 7.3	6787
834.999000	gene 7.7	6883
834.999000	gene 8	3542
834.999000	gene 9	10044
834.999000	gp-2	2696
834.999000	lysozyme-3.5	2699
834.999000	protein_kinase-0.7	1535
834.999000	rbs	17345
834.999000	ribosome	1
834.999000	rnapol-1	30
834.999000	rnapol-3.5	1253
839.999000	E. coli B promoter	1
839.999000	E. coli C promoter	1
839.999000	E. coli promoter A1	1
839.999000	E. coli promoter A2	1
839.999000	E. coli promoter A3	1
839.999000	T7 promoter phi1.1A	1
839.999000	T7 promoter phi1.1B	1
839.999000	T7 promoter phi1.3	1
839.999000	T7 promoter phi1.5	1
839.999000	T7 promoter phi1.6	0
839.999000	T7 promoter phi10	0
839.999000	T7 promoter phi13	0
839.999000	T7 promoter phi17	0
839.999000	T7 promoter phi2.5	0
839.999000	T7 promoter phi3.8	1
839.999000	T7 promoter phi4.3	0
839.999000	T7 promoter phi4.7	0
839.999000	T7 promoter phi4c	1
839.999000	T7 promoter phi6.5	1
839.999000	T7 promoter phi9	0
839.999000	bound_ecolipol	0
839.999000	bound_ecolipol_p	838
839.999000	bound_ribosome	5919
839.999000	degraded_transcript	40567
839.999000	ecoli_genome	962
839.999000	ecoli_transcript	42026
839.999000	ecolipol	0
839.999000	ecolipol-2	0
839.999000	ecolipol-2-p	957
839.999000	ecolipol-p	4
839.999000	gene 0.3	1937
839.999000	gene 1.1	2257
839.999000	gene 1.2	2693
839.999000	gene 1.3	4005
839.999000	gene 1.4	2796
839.999000	gene 1.5	2741
839.999000	gene 1.6	3694
839.999000	gene 1.7	3410
839.999000	gene 1.8	3040
839.999000	gene 10A	21682
839.999000	gene 11	3231
839.999000	gene 12	1963
839.999000	gene 13	4885
839.999000	gene 14	3864
839.999000	gene 15	2654
839.999000	gene 16	1528
839.999000	gene 17	3744
839.999000	gene 17.5	4798
839.999000	gene 18	4172
839.999000	gene 18.5	4364
839.999000	gene 18.7	3248
839.999000	gene 19	3065
839.999000	gene 19.2	3626
839.999000	gene 19.3	3724
839.999000	gene 19.5	4242
839.999000	gene 2.5	5227
839.999000	gene 2.8	3866
839.999000	gene 3	3009
839.999000	gene 3.8	4916
839.999000	gene 4.2	4127
839.999000	gene 4.3	5595
839.999000	gene 4.5	6420
839.999000	gene 4.7	6275
839.999000	gene 4A	1361
839.999000	gene 5	4138
839.999000	gene 5.3	5713
839.999000	gene 5.5	5431
839.999000	gene 5.7	4517
839.999000	gene 5.9	4596
839.999000	gene 6	3107
839.999000	gene 6.3	4826
839.999000	gene 6.5	6889
839.999000	gene 6.7	5648
839.999000	gene 7	6185
839.999000	gene 7.3	6924
839.999000	gene 7.7	7019
839.999000	gene 8	3637
839.999000	gene 9	10241
839.999000	gp-2	2778
839.999000	lysozyme-3.5	2757
839.999000	protein_kinase-0.7	1543
839.999000	rbs	17725
839.999000	ribosome	8
839.999000	rnapol-1	24
839.999000	rnapol-3.5	1277
844.999002	E. coli B promoter	1
844.999002	E. coli C promoter	1
844.999002	E. coli promoter A1	1
844.999002	E. coli promoter A2	1
844.999002	E. coli promoter A3	1
844.999002	T7 promoter phi1.1A	1
844.999002	T7 promoter phi1.1B	1
844.999002	T7 promoter phi1.3	0
844.999002	T7 promoter phi1.5	1
844.999002	T7 promoter phi1.6	1
844.999002	T7 promoter phi10	0
844.999002	T7 promoter phi13	1
844.999002	T7 promoter phi17	1
844.999002	T7 promoter phi2.5	0
844.999002	T7 promoter phi3.8	1
844.999002	T7 promoter phi4.3	1
844.999002	T7 promoter phi4.7	0
844.999002	T7 promoter phi4c	1
844.999002	T7 promoter phi6.5	1
844.999002	T7 promoter phi9	0
844.999002	bound_ecolipol	0
844.999002	bound_ecolipol_p	808
844.999002	bound_ribosome	5823
844.999002	degraded_transcript	41009
844.999002	ecoli_genome	992
844.999002	ecoli_transcript	41848
844.999002	ecolipol	0
844.999002	ecolipol-2	0
844.999002	ecolipol-2-p	982
844.999002	ecolipol-p	9
844.999002	gene 0.3	1945
844.999002	gene 1.1	2295
844.999002	gene 1.2	2723
844.999002	gene 1.3	4064
844.999002	gene 1.4	2854
844.999002	gene 1.5	2793
844.999002	gene 1.6	3769
844.999002	gene 1.7	3483
844.999002	gene 1.8	3097
844.999002	gene 10A	22007
844.999002	gene 11	3280
844.999002	gene 12	2002
844.999002	gene 13	4969
844.999002	gene 14	3934
844.999002	gene 15	2722
844.999002	gene 16	1574
844.999002	gene 17	3822
844.999002	gene 17.5	4881
844.999002	gene 18	4248
844.999002	gene 18.5	4458
844.999002	gene 18.7	3313
844.999002	gene 19	3149
844.999002	gene 19.2	3695
844.999002	gene 19.3	3785
844.999002	gene 19.5	4295
844.999002	gene 2.5	5318
844.999002	gene 2.8	3945
844.999002	gene 3	3079
844.999002	gene 3.8	5022
844.999002	gene 4.2	4213
844.999002	gene 4.3	5716
844.999002	gene 4.5	6527
844.999002	gene 4.7	6388
844.999002	gene 4A	1414
844.999002	gene 5	4242
844.999002	gene 5.3	5809
844.999002	gene 5.5	5552
844.999002	gene 5.7	4601
844.999002	gene 5.9	4687
844.999002	gene 6	3199
844.999002	gene 6.3	4930
844.999002	gene 6.5	7038
844.999002	gene 6.7	5767
844.999002	gene 7	6310
844.999002	gene 7.3	7063
844.999002	gene 7.7	7167
844.999002	gene 8	3721
844.999002	gene 9	10426
844.999002	gp-2	2821
844.999002	lysozyme-3.5	2837
844.999002	protein_kinase-0.7	1551
844.999002	rbs	18106
844.999002	ribosome	4
844.999002	rnapol-1	30
844.999002	rnapol-3.5	1283
849.999005	E. coli B promoter	1
849.999005	E. coli C promoter	1
849.999005	E. coli promoter A1	1
849.999005	E. coli promoter A2	1
849.999005	E. coli promoter A3	1
849.999005	T7 promoter phi1.1A	1
849.999005	T7 promoter phi1.1B	1
849.999005	T7 promoter phi1.3	1
849.999005	T7 promoter phi1.5	1
849.999005	T7 promoter phi1.6	1
849.999005	T7 promoter phi10	0
849.999005	T7 promoter phi13	1
849.999005	T7 promoter phi17	0
849.999005	T7 promoter phi2.5	1
849.999005	T7 promoter phi3.8	0
849.999005	T7 promoter phi4.3	0
849.999005	T7 promoter phi4.7	0
849.999005	T7 promoter phi4c	1
849.999005	T7 promoter phi6.5	0
849.999005	T7 promoter phi9	0
849.999005	bound_ecolipol	0
849.999005	bound_ecolipol_p	780
849.999005	bound_ribosome	5684
849.999005	degraded_transcript	41415
849.999005	ecoli_genome	1020
849.999005	ecoli_transcript	41772
849.999005	ecolipol	0
849.999005	ecolipol-2	0
849.999005	ecolipol-2-p	1012
849.999005	ecolipol-p	7
849.999005	gene 0.3	1953
849.999005	gene 1.1	2342
849.999005	gene 1.2	2751
849.999005	gene 1.3	4117
849.999005	gene 1.4	2907
849.999005	gene 1.5	2851
849.999005	gene 1.6	3841
849.999005	gene 1.7	3544
849.999005	gene 1.8	3165
849.999005	gene 10A	22315
849.999005	gene 11	3326
849.999005	gene 12	2057
849.999005	gene 13	5043
849.999005	gene 14	4003
849.999005	gene 15	2791
849.999005	gene 16	1636
849.999005	gene 17	3897
849.999005	gene 17.5	4965
849.999005	gene 18	4336
849.999005	gene 18.5	4540
849.999005	gene 18.7	3401
849.999005	gene 19	3216
849.999005	gene 19.2	3773
849.999005	gene 19.3	3862
849.999005	gene 19.5	4378
849.999005	gene 2.5	5412
849.999005	gene 2.8	4021
849.999005	gene 3	3153
849.999005	gene 3.8	5140
849.999005	gene 4.2	4282
849.999005	gene 4.3	5813
849.999005	gene 4.5	6636
849.999005	gene 4.7	6494
849.999005	gene 4A	1461
849.999005	gene 5	4333
849.999005	gene 5.3	5914
849.999005	gene 5.5	5653
849.999005	gene 5.7	4711
849.999005	gene 5.9	4773
849.999005	gene 6	3286
849.999005	gene 6.3	5021
849.999005	gene 6.5	7163
849.999005	gene 6.7	5885
849.999005	gene 7	6434
849.999005	gene 7.3	7198
849.999005	gene 7.7	7299
849.999005	gene 8	3827
849.999005	gene 9	10623
849.999005	gp-2	2859
849.999005	lysozyme-3.5	2923
849.999005	protein_kinase-0.7	1559
849.999005	rbs	18478
849.999005	ribosome	1
849.999005	rnapol-1	41
849.999005	rnapol-3.5	1283
854.999002	E. coli B promoter	1
854.999002	E. coli C promoter	1
854.999002	E. coli promoter A1	1
854.999002	E. coli promoter A2	1
854.999002	E. coli promoter A3	1
854.999002	T7 promoter phi1.1A	1
854.999002	T7 promoter phi1.1B	1
854.999002	T7 promoter phi1.3	1
854.999002	T7 promoter phi1.5	1
854.999002	T7 promoter phi1.6	1
854.999002	T7 promoter phi10	0
854.999002	T7 promoter phi13	0
854.999002	T7 promoter phi17	0
854.999002	T7 promoter phi2.5	1
854.999002	T7 promoter phi3.8	0
854.999002	T7 promoter phi4.3	1
854.999002	T7 promoter phi4.7	0
854.999002	T7 promoter phi4c	0
854.999002	T7 promoter phi6.5	0
854.999002	T7 promoter phi9	0
854.999002	bound_ecolipol	0
854.999002	bound_ecolipol_p	787
854.999002	bound_ribosome	5532
854.999002	degraded_transcript	41841
854.999002	ecoli_genome	1013
854.999002	ecoli_transcript	41647
854.999002	ecolipol	0
854.999002	ecolipol-2	0
854.999002	ecolipol-2-p	1007
854.999002	ecolipol-p	5
854.999002	gene 0.3	1961
854.999002	gene 1.1	2381
854.999002	gene 1.2	2786
854.999002	gene 1.3	4172
854.999002	gene 1.4	2960
854.999002	gene 1.5	2899
854.999002	gene 1.6	3892
854.999002	gene 1.7	3615
854.999002	gene 1.8	3223
854.999002	gene 10A	22615
854.999002	gene 11	3366
854.999002	gene 12	2098
854.999002	gene 13	5132
854.999002	gene 14	4076
854.999002	gene 15	2856
854.999002	gene 16	1691
854.999002	gene 17	3990
854.999002	gene 17.5	5039
854.999002	gene 18	4421
854.999002	gene 18.5	4617
854.999002	gene 18.7	3463
854.999002	gene 19	3288
854.999002	gene 19.2	3854
854.999002	gene 19.3	3942
854.999002	gene 19.5	4457
854.999002	gene 2.5	5503
854.999002	gene 2.8	4088
854.999002	gene 3	3217
854.999002	gene 3.8	5239
854.999002	gene 4.2	4360
854.999002	gene 4.3	5921
854.999002	gene 4.5	6747
854.999002	gene 4.7	6590
854.999002	gene 4A	1517
854.999002	gene 5	4434
854.999002	gene 5.3	6028
854.999002	gene 5.5	5747
854.999002	gene 5.7	4812
854.999002	gene 5.9	4862
854.999002	gene 6	3372
854.999002	gene 6.3	5110
854.999002	gene 6.5	7303
854.999002	gene 6.7	5990
854.999002	gene 7	6554
854.999002	gene 7.3	7340
854.999002	gene 7.7	7434
854.999002	gene 8	3930
854.999002	gene 9	10828
854.999002	gp-2	2936
854.999002	lysozyme-3.5	2969
854.999002	protein_kinase-0.7	1567
854.999002	rbs	18867
854.999002	ribosome	4
854.999002	rnapol-1	26
854.999002	rnapol-3.5	1312
859.999001	E. coli B promoter	1
859.999001	E. coli C promoter	1
859.999001	E. coli promoter A1	1
859.999001	E. coli promoter A2	1
859.999001	E. coli promoter A3	1
859.999001	T7 promoter phi1.1A	1
859.999001	T7 promoter phi1.1B	1
859.999001	T7 promoter phi1.3	1
859.999001	T7 promoter phi1.5	1
859.999001	T7 promoter phi1.6	1
859.999001	T7 promoter phi10	0
859.999001	T7 promoter phi13	1
859.999001	T7 promoter phi17	1
859.999001	T7 promoter phi2.5	1
859.999001	T7 promoter phi3.8	1
859.999001	T7 promoter phi4.3	0
859.999001	T7 promoter phi4.7	0
859.999001	T7 promoter phi4c	1
859.999001	T7 promoter phi6.5	0
859.999001	T7 promoter phi9	1
859.999001	bound_ecolipol	0
859.999001	bound_ecolipol_p	779
859.999001	bound_ribosome	5471
859.999001	degraded_transcript	42246
859.999001	ecoli_genome	1021
859.999001	ecoli_transcript	41462
859.999001	ecolipol	0
859.999001	ecolipol-2	0
859.999001	ecolipol-2-p	1015
859.999001	ecolipol-p	5
859.999001	gene 0.3	1965
859.999001	gene 1.1	2427
859.999001	gene 1.2	2816
859.999001	gene 1.3	4236
859.999001	gene 1.4	3009
859.999001	gene 1.5	2956
859.999001	gene 1.6	3948
859.999001	gene 1.7	3678
859.999001	gene 1.8	3292
859.999001	gene 10A	22925
859.999001	gene 11	3397
859.999001	gene 12	2150
859.999001	gene 13	5207
859.999001	gene 14	4156
859.999001	gene 15	2928
859.999001	gene 16	1754
859.999001	gene 17	4087
859.999001	gene 17.5	5128
859.999001	gene 18	4508
859.999001	gene 18.5	4716
859.999001	gene 18.7	3529
859.999001	gene 19	3363
859.999001	gene 19.2	3926
859.999001	gene 19.3	4007
859.999001	gene 19.5	4530
859.999001	gene 2.5	5591
859.999001	gene 2.8	4165
859.999001	gene 3	3282
859.999001	gene 3.8	5332
859.999001	gene 4.2	4431
859.999001	gene 4.3	6032
859.999001	gene 4.5	6868
859.999001	gene 4.7	6723
859.999001	gene 4A	1562
859.999001	gene 5	4539
859.999001	gene 5.3	6133
859.999001	gene 5.5	5860
859.999001	gene 5.7	4928
859.999001	gene 5.9	4956
859.999001	gene 6	3451
859.999001	gene 6.3	5204
859.999001	gene 6.5	7440
859.999001	gene 6.7	6122
859.999001	gene 7	6687
859.999001	gene 7.3	7484
859.999001	gene 7.7	7566
859.999001	gene 8	4035
859.999001	gene 9	11039
859.999001	gp-2	2988
859.999001	lysozyme-3.5	3040
859.999001	protein_kinase-0.7	1574
859.999001	rbs	19153
859.999001	ribosome	3
859.999001	rnapol-1	29
859.999001	rnapol-3.5	1315
864.999003	E. coli B promoter	1
864.999003	E. coli C promoter	1
864.999003	E. coli promoter A1	1
864.999003	E. coli promoter A2	1
864.999003	E. coli promoter A3	1
864.999003	T7 promoter phi1.1A	1
864.999003	T7 promoter phi1.1B	1
864.999003	T7 promoter phi1.3	1
864.999003	T7 promoter phi1.5	1
864.999003	T7 promoter phi1.6	1
864.999003	T7 promoter phi10	0
864.999003	T7 promoter phi13	0
864.999003	T7 promoter phi17	0
864.999003	T7 promoter phi2.5	1
864.999003	T7 promoter phi3.8	0
864.999003	T7 promoter phi4.3	0
864.999003	T7 promoter phi4.7	1
864.999003	T7 promoter phi4c	1
864.999003	T7 promoter phi6.5	1
864.999003	T7 promoter phi9	0
864.999003	bound_ecolipol	0
864.999003	bound_ecolipol_p	788
864.999003	bound_ribosome	5319
864.999003	degraded_transcript	42624
864.999003	ecoli_genome	1012
864.999003	ecoli_transcript	41396
864.999003	ecolipol	0
864.999003	ecolipol-2	0
864.999003	ecolipol-2-p	1004
864.999003	ecolipol-p	7
864.999003	gene 0.3	1972
864.999003	gene 1.1	2465
864.999003	gene 1.2	2841
864.999003	gene 1.3	4296
864.999003	gene 1.4	3051
864.999003	gene 1.5	3007
864.999003	gene 1.6	4028
864.999003	gene 1.7	3736
864.999003	gene 1.8	3352
864.999003	gene 10A	23249
864.999003	gene 11	3452
864.999003	gene 12	2194
864.999003	gene 13	5294
864.999003	gene 14	4228
864.999003	gene 15	2977
864.999003	gene 16	1804
864.999003	gene 17	4185
864.999003	gene 17.5	5219
864.999003	gene 18	4595
864.999003	gene 18.5	4789
864.999003	gene 18.7	3613
864.999003	gene 19	3436
864.999003	gene 19.2	3987
864.999003	gene 19.3	4073
864.999003	gene 19.5	4608
864.999003	gene 2.5	5670
864.999003	gene 2.8	4248
864.999003	gene 3	3343
864.999003	gene 3.8	5431
864.999003	gene 4.2	4515
864.999003	gene 4.3	6134
864.999003	gene 4.5	6993
864.999003	gene 4.7	6844
864.999003	gene 4A	1626
864.999003	gene 5	4659
864.999003	gene 5.3	6241
864.999003	gene 5.5	5958
864.999003	gene 5.7	5013
864.999003	gene 5.9	5055
864.999003	gene 6	3538
864.999003	gene 6.3	5290
864.999003	gene 6.5	7591
864.999003	gene 6.7	6226
864.999003	gene 7	6810
864.999003	gene 7.3	7605
864.999003	gene 7.7	7692
864.999003	gene 8	4127
864.999003	gene 9	11216
864.999003	gp-2	3059
864.999003	lysozyme-3.5	3084
864.999003	protein_kinase-0.7	1584
864.999003	rbs	19465
864.999003	ribosome	4
864.999003	rnapol-1	21
864.999003	rnapol-3.5	1331
869.999002	E. coli B promoter	1
869.999002	E. coli C promoter	1
869.999002	E. coli promoter A1	1
869.999002	E. coli promoter A2	1
869.999002	E. coli promoter A3	1
869.999002	T7 promoter phi1.1A	1
869.999002	T7 promoter phi1.1B	1
869.999002	T7 promoter phi1.3	1
869.999002	T7 promoter phi1.5	1
869.999002	T7 promoter phi1.6	1
869.999002	T7 promoter phi10	0
869.999002	T7 promoter phi13	0
869.999002	T7 promoter phi17	0
869.999002	T7 promoter phi2.5	1
869.999002	T7 promoter phi3.8	1
869.999002	T7 promoter phi4.3	1
869.999002	T7 promoter phi4.7	1
869.999002	T7 promoter phi4c	1
869.999002	T7 promoter phi6.5	0
869.999002	T7 promoter phi9	0
869.999002	bound_ecolipol	0
869.999002	bound_ecolipol_p	777
869.999002	bound_ribosome	5158
869.999002	degraded_transcript	43022
869.999002	ecoli_genome	1023
869.999002	ecoli_transcript	41330
869.999002	ecolipol	0
869.999002	ecolipol-2	0
869.999002	ecolipol-2-p	1017
869.999002	ecolipol-p	6
869.999002	gene 0.3	1982
869.999002	gene 1.1	2500
869.999002	gene 1.2	2871
869.999002	gene 1.3	4355
869.999002	gene 1.4	3095
869.999002	gene 1.5	3055
869.999002	gene 1.6	4088
869.999002	gene 1.7	3795
869.999002	gene 1.8	3417
869.999002	gene 10A	23562
869.999002	gene 11	3500
869.999002	gene 12	2241
869.999002	gene 13	5379
869.999002	gene 14	4312
869.999002	gene 15	3062
869.999002	gene 16	1875
869.999002	gene 17	4260
869.999002	gene 17.5	5295
869.999002	gene 18	4678
869.999002	gene 18.5	4870
869.999002	gene 18.7	3680
869.999002	gene 19	3504
869.999002	gene 19.2	4066
869.999002	gene 19.3	4144
869.999002	gene 19.5	4694
869.999002	gene 2.5	5767
869.999002	gene 2.8	4326
869.999002	gene 3	3409
869.999002	gene 3.8	5532
869.999002	gene 4.2	4595
869.999002	gene 4.3	6249
869.999002	gene 4.5	7114
869.999002	gene 4.7	6964
869.999002	gene 4A	1688
869.999002	gene 5	4754
869.999002	gene 5.3	6346
869.999002	gene 5.5	6063
869.999002	gene 5.7	5109
869.999002	gene 5.9	5161
869.999002	gene 6	3630
869.999002	gene 6.3	5378
869.999002	gene 6.5	7725
869.999002	gene 6.7	6340
869.999002	gene 7	6936
869.999002	gene 7.3	7742
869.999002	gene 7.7	7833
869.999002	gene 8	4226
869.999002	gene 9	11408
869.999002	gp-2	3118
869.999002	lysozyme-3.5	3152
869.999002	protein_kinase-0.7	1592
869.999002	rbs	19716
869.999002	ribosome	3
869.999002	rnapol-1	27
869.999002	rnapol-3.5	1322
874.999001	E. coli B promoter	1
874.999001	E. coli C promoter	1
874.999001	E. coli promoter A1	1
874.999001	E. coli promoter A2	1
874.999001	E. coli promoter A3	1
874.999001	T7 promoter phi1.1A	1
874.999001	T7 promoter phi1.1B	1
874.999001	T7 promoter phi1.3	1
874.999001	T7 promoter phi1.5	1
874.999001	T7 promoter phi1.6	1
874.999001	T7 promoter phi10	0
874.999001	T7 promoter phi13	1
874.999001	T7 promoter phi17	0
874.999001	T7 promoter phi2.5	1
874.999001	T7 promoter phi3.8	1
874.999001	T7 promoter phi4.3	1
874.999001	T7 promoter phi4.7	0
874.999001	T7 promoter phi4c	1
874.999001	T7 promoter phi6.5	1
874.999001	T7 promoter phi9	0
874.999001	bound_ecolipol	0
874.999001	bound_ecolipol_p	773
874.999001	bound_ribosome	5088
874.999001	degraded_transcript	43458
874.999001	ecoli_genome	1027
874.999001	ecoli_transcript	41117
874.999001	ecolipol	0
874.999001	ecolipol-2	0
874.999001	ecolipol-2-p	1024
874.999001	ecolipol-p	3
874.999001	gene 0.3	1989
874.999001	gene 1.1	2550
874.999001	gene 1.2	2903
874.999001	gene 1.3	4414
874.999001	gene 1.4	3137
874.999001	gene 1.5	3108
874.999001	gene 1.6	4139
874.999001	gene 1.7	3863
874.999001	gene 1.8	3467
874.999001	gene 10A	23834
874.999001	gene 11	3550
874.999001	gene 12	2279
874.999001	gene 13	5455
874.999001	gene 14	4389
874.999001	gene 15	3128
874.999001	gene 16	1946
874.999001	gene 17	4347
874.999001	gene 17.5	5382
874.999001	gene 18	4764
874.999001	gene 18.5	4950
874.999001	gene 18.7	3758
874.999001	gene 19	3599
874.999001	gene 19.2	4143
874.999001	gene 19.3	4213
874.999001	gene 19.5	4780
874.999001	gene 2.5	5847
874.999001	gene 2.8	4430
874.999001	gene 3	3493
874.999001	gene 3.8	5641
874.999001	gene 4.2	4679
874.999001	gene 4.3	6363
874.999001	gene 4.5	7236
874.999001	gene 4.7	7071
874.999001	gene 4A	1739
874.999001	gene 5	4874
874.999001	gene 5.3	6441
874.999001	gene 5.5	6187
874.999001	gene 5.7	5215
874.999001	gene 5.9	5261
874.999001	gene 6	3698
874.999001	gene 6.3	5471
874.999001	gene 6.5	7867
874.999001	gene 6.7	6455
874.999001	gene 7	7053
874.999001	gene 7.3	7863
874.999001	gene 7.7	8003
874.999001	gene 8	4318
874.999001	gene 9	11596
874.999001	gp-2	3173
874.999001	lysozyme-3.5	3230
874.999001	protein_kinase-0.7	1598
874.999001	rbs	20311
874.999001	ribosome	1
874.999001	rnapol-1	32
874.999001	rnapol-3.5	1326
879.999001	E. coli B promoter	1
879.999001	E. coli C promoter	1
879.999001	E. coli promoter A1	1
879.999001	E. coli promoter A2	1
879.999001	E. coli promoter A3	1
879.999001	T7 promoter phi1.1A	1
879.999001	T7 promoter phi1.1B	1
879.999001	T7 promoter phi1.3	0
879.999001	T7 promoter phi1.5	1
879.999001	T7 promoter phi1.6	1
879.999001	T7 promoter phi10	0
879.999001	T7 promoter phi13	1
879.999001	T7 promoter phi17	1
879.999001	T7 promoter phi2.5	0
879.999001	T7 promoter phi3.8	1
879.999001	T7 promoter phi4.3	1
879.999001	T7 promoter phi4.7	1
879.999001	T7 promoter phi4c	1
879.999001	T7 promoter phi6.5	0
879.999001	T7 promoter phi9	0
879.999001	bound_ecolipol	0
879.999001	bound_ecolipol_p	776
879.999001	bound_ribosome	5065
879.999001	degraded_transcript	43832
879.999001	ecoli_genome	1024
879.999001	ecoli_transcript	40897
879.999001	ecolipol	0
879.999001	ecolipol-2	0
879.999001	ecolipol-2-p	1020
879.999001	ecolipol-p	4
879.999001	gene 0.3	1997
879.999001	gene 1.1	2598
879.999001	gene 1.2	2934
879.999001	gene 1.3	4472
879.999001	gene 1.4	3179
879.999001	gene 1.5	3147
879.999001	gene 1.6	4197
879.999001	gene 1.7	3909
879.999001	gene 1.8	3541
879.999001	gene 10A	24156
879.999001	gene 11	3599
879.999001	gene 12	2325
879.999001	gene 13	5545
879.999001	gene 14	4445
879.999001	gene 15	3207
879.999001	gene 16	2025
879.999001	gene 17	4425
879.999001	gene 17.5	5472
879.999001	gene 18	4849
879.999001	gene 18.5	5027
879.999001	gene 18.7	3845
879.999001	gene 19	3686
879.999001	gene 19.2	4219
879.999001	gene 19.3	4297
879.999001	gene 19.5	4867
879.999001	gene 2.5	5943
879.999001	gene 2.8	4503
879.999001	gene 3	3575
879.999001	gene 3.8	5739
879.999001	gene 4.2	4771
879.999001	gene 4.3	6488
879.999001	gene 4.5	7360
879.999001	gene 4.7	7178
879.999001	gene 4A	1800
879.999001	gene 5	4976
879.999001	gene 5.3	6554
879.999001	gene 5.5	6301
879.999001	gene 5.7	5308
879.999001	gene 5.9	5366
879.999001	gene 6	3777
879.999001	gene 6.3	5566
879.999001	gene 6.5	7991
879.999001	gene 6.7	6583
879.999001	gene 7	7189
879.999001	gene 7.3	8007
879.999001	gene 7.7	8136
879.999001	gene 8	4433
879.999001	gene 9	11796
879.999001	gp-2	3236
879.999001	lysozyme-3.5	3319
879.999001	protein_kinase-0.7	1606
879.999001	rbs	20616
879.999001	ribosome	2
879.999001	rnapol-1	32
879.999001	rnapol-3.5	1325
884.999000	E. coli B promoter	1
884.999000	E. coli C promoter	1
884.999000	E. coli promoter A1	1
884.999000	E. coli promoter A2	1
884.999000	E. coli promoter A3	1
884.999000	T7 promoter phi1.1A	1
884.999000	T7 promoter phi1.1B	1
884.999000	T7 promoter phi1.3	1
884.999000	T7 promoter phi1.5	1
884.999000	T7 promoter phi1.6	0
884.999000	T7 promoter phi10	0
884.999000	T7 promoter phi13	0
884.999000	T7 promoter phi17	0
884.999000	T7 promoter phi2.5	1
884.999000	T7 promoter phi3.8	1
884.999000	T7 promoter phi4.3	0
884.999000	T7 promoter phi4.7	1
884.999000	T7 promoter phi4c	1
884.999000	T7 promoter phi6.5	1
884.999000	T7 promoter phi9	0
884.999000	bound_ecolipol	0
884.999000	bound_ecolipol_p	756
884.999000	bound_ribosome	5015
884.999000	degraded_transcript	44195
884.999000	ecoli_genome	1044
884.999000	ecoli_transcript	40733
884.999000	ecolipol	0
884.999000	ecolipol-2	0
884.999000	ecolipol-2-p	1036
884.999000	ecolipol-p	8
884.999000	gene 0.3	2002
884.999000	gene 1.1	2635
884.999000	gene 1.2	2966
884.999000	gene 1.3	4528
884.999000	gene 1.4	3231
884.999000	gene 1.5	3198
884.999000	gene 1.6	4259
884.999000	gene 1.7	3981
884.999000	gene 1.8	3605
884.999000	gene 10A	24467
884.999000	gene 11	3639
884.999000	gene 12	2379
884.999000	gene 13	5620
884.999000	gene 14	4527
884.999000	gene 15	3290
884.999000	gene 16	2088
884.999000	gene 17	4505
884.999000	gene 17.5	5557
884.999000	gene 18	4934
884.999000	gene 18.5	5103
884.999000	gene 18.7	3920
884.999000	gene 19	3769
884.999000	gene 19.2	4290
884.999000	gene 19.3	4371
884.999000	gene 19.5	4952
884.999000	gene 2.5	6018
884.999000	gene 2.8	4576
884.999000	gene 3	3652
884.999000	gene 3.8	5829
884.999000	gene 4.2	4851
884.999000	gene 4.3	6605
884.999000	gene 4.5	7474
884.999000	gene 4.7	7289
884.999000	gene 4A	1859
884.999000	gene 5	5098
884.999000	gene 5.3	6659
884.999000	gene 5.5	6402
884.999000	gene 5.7	5393
884.999000	gene 5.9	5452
884.999000	gene 6	3852
884.999000	gene 6.3	5670
884.999000	gene 6.5	8131
884.999000	gene 6.7	6696
884.999000	gene 7	7352
884.999000	gene 7.3	8159
884.999000	gene 7.7	8269
884.999000	gene 8	4538
884.999000	gene 9	11979
884.999000	gp-2	3288
884.999000	lysozyme-3.5	3378
884.999000	protein_kinase-0.7	1609
884.999000	rbs	21028
884.999000	ribosome	2
884.999000	rnapol-1	23
884.999000	rnapol-3.5	1342
889.999007	E. coli B promoter	1
889.999007	E. coli C promoter	1
889.999007	E. coli promoter A1	1
889.999007	E. coli promoter A2	1
889.999007	E. coli promoter A3	1
889.999007	T7 promoter phi1.1A	1
889.999007	T7 promoter phi1.1B	1
889.999007	T7 promoter phi1.3	1
889.999007	T7 promoter phi1.5	1
889.999007	T7 promoter phi1.6	1
889.999007	T7 promoter phi10	0
889.999007	T7 promoter phi13	0
889.999007	T7 promoter phi17	0
889.999007	T7 promoter phi2.5	1
889.999007	T7 promoter phi3.8	0
889.999007	T7 promoter phi4.3	1
889.999007	T7 promoter phi4.7	1
889.999007	T7 promoter phi4c	1
889.999007	T7 promoter phi6.5	1
889.999007	T7 promoter phi9	0
889.999007	bound_ecolipol	0
889.999007	bound_ecolipol_p	740
889.999007	bound_ribosome	4889
889.999007	degraded_transcript	44588
889.999007	ecoli_genome	1060
889.999007	ecoli_transcript	40630
889.999007	ecolipol	0
889.999007	ecolipol-2	0
889.999007	ecolipol-2-p	1054
889.999007	ecolipol-p	6
889.999007	gene 0.3	2007
889.999007	gene 1.1	2676
889.999007	gene 1.2	2997
889.999007	gene 1.3	4597
889.999007	gene 1.4	3268
889.999007	gene 1.5	3254
889.999007	gene 1.6	4321
889.999007	gene 1.7	4050
889.999007	gene 1.8	3680
889.999007	gene 10A	24782
889.999007	gene 11	3673
889.999007	gene 12	2423
889.999007	gene 13	5693
889.999007	gene 14	4599
889.999007	gene 15	3355
889.999007	gene 16	2163
889.999007	gene 17	4596
889.999007	gene 17.5	5633
889.999007	gene 18	5028
889.999007	gene 18.5	5188
889.999007	gene 18.7	3985
889.999007	gene 19	3843
889.999007	gene 19.2	4383
889.999007	gene 19.3	4447
889.999007	gene 19.5	5028
889.999007	gene 2.5	6115
889.999007	gene 2.8	4657
889.999007	gene 3	3718
889.999007	gene 3.8	5927
889.999007	gene 4.2	4928
889.999007	gene 4.3	6721
889.999007	gene 4.5	7590
889.999007	gene 4.7	7416
889.999007	gene 4A	1903
889.999007	gene 5	5214
889.999007	gene 5.3	6772
889.999007	gene 5.5	6513
889.999007	gene 5.7	5502
889.999007	gene 5.9	5547
889.999007	gene 6	3947
889.999007	gene 6.3	5778
889.999007	gene 6.5	8263
889.999007	gene 6.7	6810
889.999007	gene 7	7488
889.999007	gene 7.3	8294
889.999007	gene 7.7	8401
889.999007	gene 8	4644
889.999007	gene 9	12195
889.999007	gp-2	3345
889.999007	lysozyme-3.5	3437
889.999007	protein_kinase-0.7	1620
889.999007	rbs	21331
889.999007	ribosome	4
889.999007	rnapol-1	22
889.999007	rnapol-3.5	1369
894.999001	E. coli B promoter	1
894.999001	E. coli C promoter	1
894.999001	E. coli promoter A1	1
894.999001	E. coli promoter A2	1
894.999001	E. coli promoter A3	1
894.999001	T7 promoter phi1.1A	1
894.999001	T7 promoter phi1.1B	1
894.999001	T7 promoter phi1.3	1
894.999001	T7 promoter phi1.5	1
894.999001	T7 promoter phi1.6	1
894.999001	T7 promoter phi10	0
894.999001	T7 promoter phi13	0
894.999001	T7 promoter phi17	1
894.999001	T7 promoter phi2.5	1
894.999001	T7 promoter phi3.8	0
894.999001	T7 promoter phi4.3	0
894.999001	T7 promoter phi4.7	1
894.999001	T7 promoter phi4c	0
894.999001	T7 promoter phi6.5	0
894.999001	T7 promoter phi9	0
894.999001	bound_ecolipol	0
894.999001	bound_ecolipol_p	736
894.999001	bound_ribosome	4833
894.999001	degraded_transcript	45014
894.999001	ecoli_genome	1064
894.999001	ecoli_transcript	40407
894.999001	ecolipol	0
894.999001	ecolipol-2	0
894.999001	ecolipol-2-p	1062
894.999001	ecolipol-p	2
894.999001	gene 0.3	2014
894.999001	gene 1.1	2719
894.999001	gene 1.2	3022
894.999001	gene 1.3	4652
894.999001	gene 1.4	3325
894.999001	gene 1.5	3297
894.999001	gene 1.6	4395
894.999001	gene 1.7	4117
894.999001	gene 1.8	3757
894.999001	gene 10A	25091
894.999001	gene 11	3721
894.999001	gene 12	2481
894.999001	gene 13	5776
894.999001	gene 14	4665
894.999001	gene 15	3438
894.999001	gene 16	2241
894.999001	gene 17	4682
894.999001	gene 17.5	5722
894.999001	gene 18	5122
894.999001	gene 18.5	5275
894.999001	gene 18.7	4057
894.999001	gene 19	3918
894.999001	gene 19.2	4459
894.999001	gene 19.3	4510
894.999001	gene 19.5	5109
894.999001	gene 2.5	6203
894.999001	gene 2.8	4741
894.999001	gene 3	3782
894.999001	gene 3.8	6035
894.999001	gene 4.2	5022
894.999001	gene 4.3	6838
894.999001	gene 4.5	7728
894.999001	gene 4.7	7537
894.999001	gene 4A	1966
894.999001	gene 5	5335
894.999001	gene 5.3	6878
894.999001	gene 5.5	6629
894.999001	gene 5.7	5592
894.999001	gene 5.9	5660
894.999001	gene 6	4036
894.999001	gene 6.3	5879
894.999001	gene 6.5	8404
894.999001	gene 6.7	6929
894.999001	gene 7	7617
894.999001	gene 7.3	8409
894.999001	gene 7.7	8523
894.999001	gene 8	4765
894.999001	gene 9	12403
894.999001	gp-2	3408
894.999001	lysozyme-3.5	3496
894.999001	protein_kinase-0.7	1623
894.999001	rbs	21753
894.999001	ribosome	4
894.999001	rnapol-1	14
894.999001	rnapol-3.5	1382
899.999000	E. coli B promoter	1
899.999000	E. coli C promoter	1
899.999000	E. coli promoter A1	1
899.999000	E. coli promoter A2	1
899.999000	E. coli promoter A3	1
899.999000	T7 promoter phi1.1A	1
899.999000	T7 promoter phi1.1B	0
899.999000	T7 promoter phi1.3	1
899.999000	T7 promoter phi1.5	1
899.999000	T7 promoter phi1.6	1
899.999000	T7 promoter phi10	0
899.999000	T7 promoter phi13	0
899.999000	T7 promoter phi17	0
899.999000	T7 promoter phi2.5	0
899.999000	T7 promoter phi3.8	1
899.999000	T7 promoter phi4.3	0
899.999000	T7 promoter phi4.7	0
899.999000	T7 promoter phi4c	0
899.999000	T7 promoter phi6.5	1
899.999000	T7 promoter phi9	0
899.999000	bound_ecolipol	0
899.999000	bound_ecolipol_p	749
899.999000	bound_ribosome	4749
899.999000	degraded_transcript	45407
899.999000	ecoli_genome	1051
899.999000	ecoli_transcript	40246
899.999000	ecolipol	0
899.999000	ecolipol-2	0
899.999000	ecolipol-2-p	1049
899.999000	ecolipol-p	2
899.999000	gene 0.3	2020
899.999000	gene 1.1	2766
899.999000	gene 1.2	3054
899.999000	gene 1.3	4703
899.999000	gene 1.4	3387
899.999000	gene 1.5	3350
899.999000	gene 1.6	4454
899.999000	gene 1.7	4188
899.999000	gene 1.8	3815
899.999000	gene 10A	25394
899.999000	gene 11	3775
899.999000	gene 12	2537
899.999000	gene 13	5838
899.999000	gene 14	4748
899.999000	gene 15	3527
899.999000	gene 16	2310
899.999000	gene 17	4765
899.999000	gene 17.5	5820
899.999000	gene 18	5205
899.999000	gene 18.5	5356
899.999000	gene 18.7	4133
899.999000	gene 19	3989
899.999000	gene 19.2	4529
899.999000	gene 19.3	4580
899.999000	gene 19.5	5200
899.999000	gene 2.5	6301
899.999000	gene 2.8	4824
899.999000	gene 3	3867
899.999000	gene 3.8	6133
899.999000	gene 4.2	5116
899.999000	gene 4.3	6941
899.999000	gene 4.5	7836
899.999000	gene 4.7	7667
899.999000	gene 4A	2031
899.999000	gene 5	5456
899.999000	gene 5.3	6993
899.999000	gene 5.5	6734
899.999000	gene 5.7	5691
899.999000	gene 5.9	5760
899.999000	gene 6	4128
899.999000	gene 6.3	5983
899.999000	gene 6.5	8548
899.999000	gene 6.7	7063
899.999000	gene 7	7741
899.999000	gene 7.3	8544
899.999000	gene 7.7	8659
899.999000	gene 8	4874
899.999000	gene 9	12595
899.999000	gp-2	3494
899.999000	lysozyme-3.5	3567
899.999000	protein_kinase-0.7	1631
899.999000	rbs	22142
899.999000	ribosome	1
899.999000	rnapol-1	28
899.999000	rnapol-3.5	1378
904.999002	E. coli B promoter	1
904.999002	E. coli C promoter	1
904.999002	E. coli promoter A1	1
904.999002	E. coli promoter A2	1
904.999002	E. coli promoter A3	1
904.999002	T7 promoter phi1.1A	1
904.999002	T7 promoter phi1.1B	1
904.999002	T7 promoter phi1.3	1
904.999002	T7 promoter phi1.5	1
904.999002	T7 promoter phi1.6	1
904.999002	T7 promoter phi10	0
904.999002	T7 promoter phi13	1
904.999002	T7 promoter phi17	0
904.999002	T7 promoter phi2.5	1
904.999002	T7 promoter phi3.8	0
904.999002	T7 promoter phi4.3	1
904.999002	T7 promoter phi4.7	1
904.999002	T7 promoter phi4c	1
904.999002	T7 promoter phi6.5	1
904.999002	T7 promoter phi9	1
904.999002	bound_ecolipol	0
904.999002	bound_ecolipol_p	753
904.999002	bound_ribosome	4608
904.999002	degraded_transcript	45797
904.999002	ecoli_genome	1047
904.999002	ecoli_transcript	40141
904.999002	ecolipol	0
904.999002	ecolipol-2	0
904.999002	ecolipol-2-p	1041
904.999002	ecolipol-p	6
904.999002	gene 0.3	2026
904.999002	gene 1.1	2814
904.999002	gene 1.2	3082
904.999002	gene 1.3	4771
904.999002	gene 1.4	3438
904.999002	gene 1.5	3399
904.999002	gene 1.6	4519
904.999002	gene 1.7	4249
904.999002	gene 1.8	3893
904.999002	gene 10A	25700
904.999002	gene 11	3817
904.999002	gene 12	2576
904.999002	gene 13	5910
904.999002	gene 14	4812
904.999002	gene 15	3596
904.999002	gene 16	2387
904.999002	gene 17	4843
904.999002	gene 17.5	5913
904.999002	gene 18	5284
904.999002	gene 18.5	5445
904.999002	gene 18.7	4210
904.999002	gene 19	4062
904.999002	gene 19.2	4603
904.999002	gene 19.3	4661
904.999002	gene 19.5	5288
904.999002	gene 2.5	6406
904.999002	gene 2.8	4909
904.999002	gene 3	3930
904.999002	gene 3.8	6217
904.999002	gene 4.2	5202
904.999002	gene 4.3	7062
904.999002	gene 4.5	7944
904.999002	gene 4.7	7784
904.999002	gene 4A	2089
904.999002	gene 5	5566
904.999002	gene 5.3	7110
904.999002	gene 5.5	6843
904.999002	gene 5.7	5807
904.999002	gene 5.9	5859
904.999002	gene 6	4214
904.999002	gene 6.3	6069
904.999002	gene 6.5	8686
904.999002	gene 6.7	7204
904.999002	gene 7	7837
904.999002	gene 7.3	8685
904.999002	gene 7.7	8787
904.999002	gene 8	4977
904.999002	gene 9	12799
904.999002	gp-2	3576
904.999002	lysozyme-3.5	3624
904.999002	protein_kinase-0.7	1634
904.999002	rbs	22566
904.999002	ribosome	3
904.999002	rnapol-1	14
904.999002	rnapol-3.5	1401
909.999000	E. coli B promoter	1
909.999000	E. coli C promoter	1
909.999000	E. coli promoter A1	1
909.999000	E. coli promoter A2	1
909.999000	E. coli promoter A3	1
909.999000	T7 promoter phi1.1A	1
909.999000	T7 promoter phi1.1B	1
909.999000	T7 promoter phi1.3	0
909.999000	T7 promoter phi1.5	1
909.999000	T7 promoter phi1.6	0
909.999000	T7 promoter phi10	0
909.999000	T7 promoter phi13	1
909.999000	T7 promoter phi17	1
909.999000	T7 promoter phi2.5	1
909.999000	T7 promoter phi3.8	1
909.999000	T7 promoter phi4.3	1
909.999000	T7 promoter phi4.7	1
909.999000	T7 promoter phi4c	0
909.999000	T7 promoter phi6.5	1
909.999000	T7 promoter phi9	0
909.999000	bound_ecolipol	0
909.999000	bound_ecolipol_p	764
909.999000	bound_ribosome	4535
909.999000	degraded_transcript	46157
909.999000	ecoli_genome	1036
909.999000	ecoli_transcript	39984
909.999000	ecolipol	0
909.999000	ecolipol-2	0
909.999000	ecolipol-2-p	1033
909.999000	ecolipol-p	3
909.999000	gene 0.3	2031
909.999000	gene 1.1	2862
909.999000	gene 1.2	3110
909.999000	gene 1.3	4831
909.999000	gene 1.4	3487
909.999000	gene 1.5	3451
909.999000	gene 1.6	4583
909.999000	gene 1.7	4306
909.999000	gene 1.8	3961
909.999000	gene 10A	26003
909.999000	gene 11	3856
909.999000	gene 12	2612
909.999000	gene 13	5997
909.999000	gene 14	4890
909.999000	gene 15	3674
909.999000	gene 16	2457
909.999000	gene 17	4930
909.999000	gene 17.5	6007
909.999000	gene 18	5374
909.999000	gene 18.5	5541
909.999000	gene 18.7	4299
909.999000	gene 19	4143
909.999000	gene 19.2	4669
909.999000	gene 19.3	4728
909.999000	gene 19.5	5376
909.999000	gene 2.5	6489
909.999000	gene 2.8	5000
909.999000	gene 3	4003
909.999000	gene 3.8	6299
909.999000	gene 4.2	5280
909.999000	gene 4.3	7164
909.999000	gene 4.5	8056
909.999000	gene 4.7	7893
909.999000	gene 4A	2144
909.999000	gene 5	5672
909.999000	gene 5.3	7219
909.999000	gene 5.5	6969
909.999000	gene 5.7	5905
909.999000	gene 5.9	5972
909.999000	gene 6	4291
909.999000	gene 6.3	6172
909.999000	gene 6.5	8818
909.999000	gene 6.7	7348
909.999000	gene 7	7970
909.999000	gene 7.3	8812
909.999000	gene 7.7	8914
909.999000	gene 8	5075
909.999000	gene 9	12960
909.999000	gp-2	3651
909.999000	lysozyme-3.5	3710
909.999000	protein_kinase-0.7	1638
909.999000	rbs	23083
909.999000	ribosome	0
909.999000	rnapol-1	22
909.999000	rnapol-3.5	1395
914.999005	E. coli B promoter	1
914.999005	E. coli C promoter	1
914.999005	E. coli promoter A1	1
914.999005	E. coli promoter A2	1
914.999005	E. coli promoter A3	1
914.999005	T7 promoter phi1.1A	1
914.999005	T7 promoter phi1.1B	1
914.999005	T7 promoter phi1.3	1
914.999005	T7 promoter phi1.5	1
914.999005	T7 promoter phi1.6	1
914.999005	T7 promoter phi10	0
914.999005	T7 promoter phi13	0
914.999005	T7 promoter phi17	1
914.999005	T7 promoter phi2.5	1
914.999005	T7 promoter phi3.8	1
914.999005	T7 promoter phi4.3	1
914.999005	T7 promoter phi4.7	0
914.999005	T7 promoter phi4c	1
914.999005	T7 promoter phi6.5	1
914.999005	T7 promoter phi9	0
914.999005	bound_ecolipol	0
914.999005	bound_ecolipol_p	730
914.999005	bound_ribosome	4435
914.999005	degraded_transcript	46512
914.999005	ecoli_genome	1070
914.999005	ecoli_transcript	39895
914.999005	ecolipol	0
914.999005	ecolipol-2	0
914.999005	ecolipol-2-p	1063
914.999005	ecolipol-p	7
914.999005	gene 0.3	2043
914.999005	gene 1.1	2908
914.999005	gene 1.2	3148
914.999005	gene 1.3	4885
914.999005	gene 1.4	3530
914.999005	gene 1.5	3498
914.999005	gene 1.6	4647
914.999005	gene 1.7	4375
914.999005	gene 1.8	4036
914.999005	gene 10A	26308
914.999005	gene 11	3906
914.999005	gene 12	2657
914.999005	gene 13	6064
914.999005	gene 14	4967
914.999005	gene 15	3744
914.999005	gene 16	2522
914.999005	gene 17	5022
914.999005	gene 17.5	6108
914.999005	gene 18	5452
914.999005	gene 18.5	5618
914.999005	gene 18.7	4372
914.999005	gene 19	4226
914.999005	gene 19.2	4757
914.999005	gene 19.3	4809
914.999005	gene 19.5	5463
914.999005	gene 2.5	6588
914.999005	gene 2.8	5081
914.999005	gene 3	4076
914.999005	gene 3.8	6391
914.999005	gene 4.2	5361
914.999005	gene 4.3	7275
914.999005	gene 4.5	8188
914.999005	gene 4.7	8013
914.999005	gene 4A	2213
914.999005	gene 5	5778
914.999005	gene 5.3	7333
914.999005	gene 5.5	7081
914.999005	gene 5.7	6003
914.999005	gene 5.9	6077
914.999005	gene 6	4363
914.999005	gene 6.3	6280
914.999005	gene 6.5	8957
914.999005	gene 6.7	7462
914.999005	gene 7	8110
914.999005	gene 7.3	8951
914.999005	gene 7.7	9062
914.999005	gene 8	5180
914.999005	gene 9	13194
914.999005	gp-2	3686
914.999005	lysozyme-3.5	3789
914.999005	protein_kinase-0.7	1642
914.999005	rbs	23334
914.999005	ribosome	2
914.999005	rnapol-1	30
914.999005	rnapol-3.5	1392
919.999001	E. coli B promoter	1
919.999001	E. coli C promoter	1
919.999001	E. coli promoter A1	1
919.999001	E. coli promoter A2	1
919.999001	E. coli promoter A3	1
919.999001	T7 promoter phi1.1A	1
919.999001	T7 promoter phi1.1B	1
919.999001	T7 promoter phi1.3	1
919.999001	T7 promoter phi1.5	1
919.999001	T7 promoter phi1.6	1
919.999001	T7 promoter phi10	0
919.999001	T7 promoter phi13	0
919.999001	T7 promoter phi17	1
919.999001	T7 promoter phi2.5	1
919.999001	T7 promoter phi3.8	1
919.999001	T7 promoter phi4.3	1
919.999001	T7 promoter phi4.7	1
919.999001	T7 promoter phi4c	0
919.999001	T7 promoter phi6.5	0
919.999001	T7 promoter phi9	0
919.999001	bound_ecolipol	0
919.999001	bound_ecolipol_p	738
919.999001	bound_ribosome	4362
919.999001	degraded_transcript	46876
919.999001	ecoli_genome	1062
919.999001	ecoli_transcript	39746
919.999001	ecolipol	0
919.999001	ecolipol-2	0
919.999001	ecolipol-2-p	1056
919.999001	ecolipol-p	6
919.999001	gene 0.3	2048
919.999001	gene 1.1	2954
919.999001	gene 1.2	3176
919.999001	gene 1.3	4952
919.999001	gene 1.4	3584
919.999001	gene 1.5	3549
919.999001	gene 1.6	4718
919.999001	gene 1.7	4452
919.999001	gene 1.8	4104
919.999001	gene 10A	26605
919.999001	gene 11	3944
919.999001	gene 12	2704
919.999001	gene 13	6144
919.999001	gene 14	5042
919.999001	gene 15	3809
919.999001	gene 16	2600
919.999001	gene 17	5125
919.999001	gene 17.5	6203
919.999001	gene 18	5536
919.999001	gene 18.5	5718
919.999001	gene 18.7	4440
919.999001	gene 19	4302
919.999001	gene 19.2	4822
919.999001	gene 19.3	4886
919.999001	gene 19.5	5538
919.999001	gene 2.5	6689
919.999001	gene 2.8	5153
919.999001	gene 3	4149
919.999001	gene 3.8	6472
919.999001	gene 4.2	5448
919.999001	gene 4.3	7371
919.999001	gene 4.5	8314
919.999001	gene 4.7	8153
919.999001	gene 4A	2263
919.999001	gene 5	5891
919.999001	gene 5.3	7446
919.999001	gene 5.5	7202
919.999001	gene 5.7	6096
919.999001	gene 5.9	6165
919.999001	gene 6	4439
919.999001	gene 6.3	6384
919.999001	gene 6.5	9103
919.999001	gene 6.7	7582
919.999001	gene 7	8248
919.999001	gene 7.3	9102
919.999001	gene 7.7	9212
919.999001	gene 8	5278
919.999001	gene 9	13390
919.999001	gp-2	3770
919.999001	lysozyme-3.5	3845
919.999001	protein_kinase-0.7	1646
919.999001	rbs	23757
919.999001	ribosome	1
919.999001	rnapol-1	22
919.999001	rnapol-3.5	1414
924.999001	E. coli B promoter	1
924.999001	E. coli C promoter	1
924.999001	E. coli promoter A1	1
924.999001	E. coli promoter A2	1
924.999001	E. coli promoter A3	1
924.999001	T7 promoter phi1.1A	1
924.999001	T7 promoter phi1.1B	1
924.999001	T7 promoter phi1.3	1
924.999001	T7 promoter phi1.5	1
924.999001	T7 promoter phi1.6	0
924.999001	T7 promoter phi10	0
924.999001	T7 promoter phi13	1
924.999001	T7 promoter phi17	1
924.999001	T7 promoter phi2.5	1
924.999001	T7 promoter phi3.8	1
924.999001	T7 promoter phi4.3	1
924.999001	T7 promoter phi4.7	0
924.999001	T7 promoter phi4c	1
924.999001	T7 promoter phi6.5	0
924.999001	T7 promoter phi9	0
924.999001	bound_ecolipol	0
924.999001	bound_ecolipol_p	699
924.999001	bound_ribosome	4265
924.999001	degraded_transcript	47244
924.999001	ecoli_genome	1101
924.999001	ecoli_transcript	39637
924.999001	ecolipol	0
924.999001	ecolipol-2	0
924.999001	ecolipol-2-p	1096
924.999001	ecolipol-p	5
924.999001	gene 0.3	2052
924.999001	gene 1.1	2994
924.999001	gene 1.2	3203
924.999001	gene 1.3	5008
924.999001	gene 1.4	3640
924.999001	gene 1.5	3601
924.999001	gene 1.6	4800
924.999001	gene 1.7	4533
924.999001	gene 1.8	4169
924.999001	gene 10A	26893
924.999001	gene 11	3989
924.999001	gene 12	2738
924.999001	gene 13	6233
924.999001	gene 14	5105
924.999001	gene 15	3871
924.999001	gene 16	2655
924.999001	gene 17	5227
924.999001	gene 17.5	6286
924.999001	gene 18	5617
924.999001	gene 18.5	5809
924.999001	gene 18.7	4512
924.999001	gene 19	4385
924.999001	gene 19.2	4906
924.999001	gene 19.3	4936
924.999001	gene 19.5	5626
924.999001	gene 2.5	6809
924.999001	gene 2.8	5235
924.999001	gene 3	4221
924.999001	gene 3.8	6574
924.999001	gene 4.2	5530
924.999001	gene 4.3	7476
924.999001	gene 4.5	8451
924.999001	gene 4.7	8272
924.999001	gene 4A	2323
924.999001	gene 5	5998
924.999001	gene 5.3	7577
924.999001	gene 5.5	7315
924.999001	gene 5.7	6222
924.999001	gene 5.9	6272
924.999001	gene 6	4521
924.999001	gene 6.3	6488
924.999001	gene 6.5	9234
924.999001	gene 6.7	7684
924.999001	gene 7	8395
924.999001	gene 7.3	9235
924.999001	gene 7.7	9362
924.999001	gene 8	5388
924.999001	gene 9	13575
924.999001	gp-2	3797
924.999001	lysozyme-3.5	3917
924.999001	protein_kinase-0.7	1652
924.999001	rbs	24222
924.999001	ribosome	1
924.999001	rnapol-1	23
924.999001	rnapol-3.5	1422
929.999004	E. coli B promoter	1
929.999004	E. coli C promoter	1
929.999004	E. coli promoter A1	1
929.999004	E. coli promoter A2	1
929.999004	E. coli promoter A3	1
929.999004	T7 promoter phi1.1A	1
929.999004	T7 promoter phi1.1B	1
929.999004	T7 promoter phi1.3	1
929.999004	T7 promoter phi1.5	0
929.999004	T7 promoter phi1.6	1
929.999004	T7 promoter phi10	0
929.999004	T7 promoter phi13	1
929.999004	T7 promoter phi17	1
929.999004	T7 promoter phi2.5	1
929.999004	T7 promoter phi3.8	0
929.999004	T7 promoter phi4.3	0
929.999004	T7 promoter phi4.7	1
929.999004	T7 promoter phi4c	1
929.999004	T7 promoter phi6.5	1
929.999004	T7 promoter phi9	0
929.999004	bound_ecolipol	0
929.999004	bound_ecolipol_p	684
929.999004	bound_ribosome	4162
929.999004	degraded_transcript	47599
929.999004	ecoli_genome	1116
929.999004	ecoli_transcript	39514
929.999004	ecolipol	0
929.999004	ecolipol-2	0
929.999004	ecolipol-2-p	1112
929.999004	ecolipol-p	4
929.999004	gene 0.3	2056
929.999004	gene 1.1	3047
929.999004	gene 1.2	3242
929.999004	gene 1.3	5070
929.999004	gene 1.4	3684
929.999004	gene 1.5	3645
929.999004	gene 1.6	4869
929.999004	gene 1.7	4601
929.999004	gene 1.8	4249
929.999004	gene 10A	27150
929.999004	gene 11	4037
929.999004	gene 12	2786
929.999004	gene 13	6314
929.999004	gene 14	5187
929.999004	gene 15	3944
929.999004	gene 16	2726
929.999004	gene 17	5332
929.999004	gene 17.5	6363
929.999004	gene 18	5695
929.999004	gene 18.5	5893
929.999004	gene 18.7	4595
929.999004	gene 19	4459
929.999004	gene 19.2	4987
929.999004	gene 19.3	5011
929.999004	gene 19.5	5729
929.999004	gene 2.5	6900
929.999004	gene 2.8	5322
929.999004	gene 3	4305
929.999004	gene 3.8	6665
929.999004	gene 4.2	5618
929.999004	gene 4.3	7583
929.999004	gene 4.5	8579
929.999004	gene 4.7	8391
929.999004	gene 4A	2394
929.999004	gene 5	6111
929.999004	gene 5.3	7697
929.999004	gene 5.5	7413
929.999004	gene 5.7	6319
929.999004	gene 5.9	6371
929.999004	gene 6	4613
929.999004	gene 6.3	6588
929.999004	gene 6.5	9376
929.999004	gene 6.7	7800
929.999004	gene 7	8525
929.999004	gene 7.3	9371
929.999004	gene 7.7	9492
929.999004	gene 8	5479
929.999004	gene 9	13771
929.999004	gp-2	3852
929.999004	lysozyme-3.5	3987
929.999004	protein_kinase-0.7	1658
929.999004	rbs	24551
929.999004	ribosome	4
929.999004	rnapol-1	15
929.999004	rnapol-3.5	1443
934.999000	E. coli B promoter	1
934.999000	E. coli C promoter	1
934.999000	E. coli promoter A1	1
934.999000	E. coli promoter A2	1
934.999000	E. coli promoter A3	1
934.999000	T7 promoter phi1.1A	1
934.999000	T7 promoter phi1.1B	1
934.999000	T7 promoter phi1.3	1
934.999000	T7 promoter phi1.5	1
934.999000	T7 promoter phi1.6	1
934.999000	T7 promoter phi10	1
934.999000	T7 promoter phi13	0
934.999000	T7 promoter phi17	1
934.999000	T7 promoter phi2.5	0
934.999000	T7 promoter phi3.8	1
934.999000	T7 promoter phi4.3	1
934.999000	T7 promoter phi4.7	1
934.999000	T7 promoter phi4c	0
934.999000	T7 promoter phi6.5	0
934.999000	T7 promoter phi9	1
934.999000	bound_ecolipol	0
934.999000	bound_ecolipol_p	689
934.999000	bound_ribosome	4050
934.999000	degraded_transcript	47992
934.999000	ecoli_genome	1111
934.999000	ecoli_transcript	39364
934.999000	ecolipol	0
934.999000	ecolipol-2	0
934.999000	ecolipol-2-p	1099
934.999000	ecolipol-p	12
934.999000	gene 0.3	2057
934.999000	gene 1.1	3080
934.999000	gene 1.2	3265
934.999000	gene 1.3	5140
934.999000	gene 1.4	3737
934.999000	gene 1.5	3706
934.999000	gene 1.6	4935
934.999000	gene 1.7	4674
934.999000	gene 1.8	4323
934.999000	gene 10A	27466
934.999000	gene 11	4092
934.999000	gene 12	2816
934.999000	gene 13	6388
934.999000	gene 14	5251
934.999000	gene 15	4007
934.999000	gene 16	2802
934.999000	gene 17	5420
934.999000	gene 17.5	6461
934.999000	gene 18	5785
934.999000	gene 18.5	5976
934.999000	gene 18.7	4670
934.999000	gene 19	4533
934.999000	gene 19.2	5056
934.999000	gene 19.3	5079
934.999000	gene 19.5	5797
934.999000	gene 2.5	6995
934.999000	gene 2.8	5410
934.999000	gene 3	4372
934.999000	gene 3.8	6755
934.999000	gene 4.2	5719
934.999000	gene 4.3	7687
934.999000	gene 4.5	8690
934.999000	gene 4.7	8511
934.999000	gene 4A	2457
934.999000	gene 5	6227
934.999000	gene 5.3	7811
934.999000	gene 5.5	7526
934.999000	gene 5.7	6424
934.999000	gene 5.9	6480
934.999000	gene 6	4698
934.999000	gene 6.3	6693
934.999000	gene 6.5	9523
934.999000	gene 6.7	7922
934.999000	gene 7	8648
934.999000	gene 7.3	9518
934.999000	gene 7.7	9619
934.999000	gene 8	5578
934.999000	gene 9	13987
934.999000	gp-2	3949
934.999000	lysozyme-3.5	4070
934.999000	protein_kinase-0.7	1664
934.999000	rbs	24833
934.999000	ribosome	3
934.999000	rnapol-1	20
934.999000	rnapol-3.5	1439
939.999002	E. coli B promoter	1
939.999002	E. coli C promoter	1
939.999002	E. coli promoter A1	1
939.999002	E. coli promoter A2	1
939.999002	E. coli promoter A3	1
939.999002	T7 promoter phi1.1A	1
939.999002	T7 promoter phi1.1B	1
939.999002	T7 promoter phi1.3	1
939.999002	T7 promoter phi1.5	1
939.999002	T7 promoter phi1.6	1
939.999002	T7 promoter phi10	0
939.999002	T7 promoter phi13	0
939.999002	T7 promoter phi17	0
939.999002	T7 promoter phi2.5	0
939.999002	T7 promoter phi3.8	1
939.999002	T7 promoter phi4.3	0
939.999002	T7 promoter phi4.7	1
939.999002	T7 promoter phi4c	1
939.999002	T7 promoter phi6.5	1
939.999002	T7 promoter phi9	0
939.999002	bound_ecolipol	0
939.999002	bound_ecolipol_p	702
939.999002	bound_ribosome	3961
939.999002	degraded_transcript	48344
939.999002	ecoli_genome	1098
939.999002	ecoli_transcript	39225
939.999002	ecolipol	0
939.999002	ecolipol-2	0
939.999002	ecolipol-2-p	1096
939.999002	ecolipol-p	2
939.999002	gene 0.3	2061
939.999002	gene 1.1	3112
939.999002	gene 1.2	3300
939.999002	gene 1.3	5210
939.999002	gene 1.4	3789
939.999002	gene 1.5	3768
939.999002	gene 1.6	5012
939.999002	gene 1.7	4774
939.999002	gene 1.8	4394
939.999002	gene 10A	27754
939.999002	gene 11	4139
939.999002	gene 12	2853
939.999002	gene 13	6470
939.999002	gene 14	5338
939.999002	gene 15	4085
939.999002	gene 16	2858
939.999002	gene 17	5514
939.999002	gene 17.5	6548
939.999002	gene 18	5877
939.999002	gene 18.5	6051
939.999002	gene 18.7	4744
939.999002	gene 19	4626
939.999002	gene 19.2	5135
939.999002	gene 19.3	5149
939.999002	gene 19.5	5878
939.999002	gene 2.5	7081
939.999002	gene 2.8	5492
939.999002	gene 3	4437
939.999002	gene 3.8	6857
939.999002	gene 4.2	5792
939.999002	gene 4.3	7807
939.999002	gene 4.5	8821
939.999002	gene 4.7	8650
939.999002	gene 4A	2540
939.999002	gene 5	6348
939.999002	gene 5.3	7937
939.999002	gene 5.5	7651
939.999002	gene 5.7	6536
939.999002	gene 5.9	6583
939.999002	gene 6	4781
939.999002	gene 6.3	6808
939.999002	gene 6.5	9662
939.999002	gene 6.7	8043
939.999002	gene 7	8775
939.999002	gene 7.3	9660
939.999002	gene 7.7	9769
939.999002	gene 8	5699
939.999002	gene 9	14217
939.999002	gp-2	4008
939.999002	lysozyme-3.5	4154
939.999002	protein_kinase-0.7	1668
939.999002	rbs	25326
939.999002	ribosome	1
939.999002	rnapol-1	27
939.999002	rnapol-3.5	1437
944.999000	E. coli B promoter	1
944.999000	E. coli C promoter	1
944.999000	E. coli promoter A1	1
944.999000	E. coli promoter A2	1
944.999000	E. coli promoter A3	1
944.999000	T7 promoter phi1.1A	1
944.999000	T7 promoter phi1.1B	1
944.999000	T7 promoter phi1.3	1
944.999000	T7 promoter phi1.5	1
944.999000	T7 promoter phi1.6	1
944.999000	T7 promoter phi10	0
944.999000	T7 promoter phi13	1
944.999000	T7 promoter phi17	0
944.999000	T7 promoter phi2.5	1
944.999000	T7 promoter phi3.8	0
944.999000	T7 promoter phi4.3	1
944.999000	T7 promoter phi4.7	1
944.999000	T7 promoter phi4c	1
944.999000	T7 promoter phi6.5	0
944.999000	T7 promoter phi9	0
944.999000	bound_ecolipol	0
944.999000	bound_ecolipol_p	699
944.999000	bound_ribosome	3954
944.999000	degraded_transcript	48714
944.999000	ecoli_genome	1101
944.999000	ecoli_transcript	38991
944.999000	ecolipol	0
944.999000	ecolipol-2	0
944.999000	ecolipol-2-p	1091
944.999000	ecolipol-p	10
944.999000	gene 0.3	2065
944.999000	gene 1.1	3155
944.999000	gene 1.2	3331
944.999000	gene 1.3	5272
944.999000	gene 1.4	3854
944.999000	gene 1.5	3817
944.999000	gene 1.6	5079
944.999000	gene 1.7	4855
944.999000	gene 1.8	4472
944.999000	gene 10A	28048
944.999000	gene 11	4171
944.999000	gene 12	2903
944.999000	gene 13	6564
944.999000	gene 14	5402
944.999000	gene 15	4166
944.999000	gene 16	2932
944.999000	gene 17	5596
944.999000	gene 17.5	6620
944.999000	gene 18	5970
944.999000	gene 18.5	6142
944.999000	gene 18.7	4822
944.999000	gene 19	4706
944.999000	gene 19.2	5205
944.999000	gene 19.3	5225
944.999000	gene 19.5	5942
944.999000	gene 2.5	7144
944.999000	gene 2.8	5565
944.999000	gene 3	4505
944.999000	gene 3.8	6968
944.999000	gene 4.2	5884
944.999000	gene 4.3	7914
944.999000	gene 4.5	8952
944.999000	gene 4.7	8758
944.999000	gene 4A	2608
944.999000	gene 5	6464
944.999000	gene 5.3	8059
944.999000	gene 5.5	7773
944.999000	gene 5.7	6649
944.999000	gene 5.9	6696
944.999000	gene 6	4860
944.999000	gene 6.3	6918
944.999000	gene 6.5	9794
944.999000	gene 6.7	8179
944.999000	gene 7	8919
944.999000	gene 7.3	9812
944.999000	gene 7.7	9888
944.999000	gene 8	5801
944.999000	gene 9	14426
944.999000	gp-2	4091
944.999000	lysozyme-3.5	4242
944.999000	protein_kinase-0.7	1673
944.999000	rbs	25699
944.999000	ribosome	1
944.999000	rnapol-1	22
944.999000	rnapol-3.5	1444
949.999001	E. coli B promoter	1
949.999001	E. coli C promoter	1
949.999001	E. coli promoter A1	1
949.999001	E. coli promoter A2	1
949.999001	E. coli promoter A3	1
949.999001	T7 promoter phi1.1A	1
949.999001	T7 promoter phi1.1B	0
949.999001	T7 promoter phi1.3	1
949.999001	T7 promoter phi1.5	1
949.999001	T7 promoter phi1.6	1
949.999001	T7 promoter phi10	0
949.999001	T7 promoter phi13	1
949.999001	T7 promoter phi17	1
949.999001	T7 promoter phi2.5	1
949.999001	T7 promoter phi3.8	1
949.999001	T7 promoter phi4.3	1
949.999001	T7 promoter phi4.7	1
949.999001	T7 promoter phi4c	1
949.999001	T7 promoter phi6.5	1
949.999001	T7 promoter phi9	0
949.999001	bound_ecolipol	0
949.999001	bound_ecolipol_p	685
949.999001	bound_ribosome	3821
949.999001	degraded_transcript	49097
949.999001	ecoli_genome	1115
949.999001	ecoli_transcript	38885
949.999001	ecolipol	0
949.999001	ecolipol-2	0
949.999001	ecolipol-2-p	1110
949.999001	ecolipol-p	5
949.999001	gene 0.3	2067
949.999001	gene 1.1	3198
949.999001	gene 1.2	3357
949.999001	gene 1.3	5327
949.999001	gene 1.4	3908
949.999001	gene 1.5	3878
949.999001	gene 1.6	5148
949.999001	gene 1.7	4942
949.999001	gene 1.8	4546
949.999001	gene 10A	28342
949.999001	gene 11	4209
949.999001	gene 12	2942
949.999001	gene 13	6637
949.999001	gene 14	5475
949.999001	gene 15	4240
949.999001	gene 16	2999
949.999001	gene 17	5679
949.999001	gene 17.5	6700
949.999001	gene 18	6046
949.999001	gene 18.5	6215
949.999001	gene 18.7	4881
949.999001	gene 19	4802
949.999001	gene 19.2	5272
949.999001	gene 19.3	5303
949.999001	gene 19.5	6019
949.999001	gene 2.5	7243
949.999001	gene 2.8	5654
949.999001	gene 3	4580
949.999001	gene 3.8	7054
949.999001	gene 4.2	5966
949.999001	gene 4.3	8012
949.999001	gene 4.5	9079
949.999001	gene 4.7	8886
949.999001	gene 4A	2665
949.999001	gene 5	6583
949.999001	gene 5.3	8186
949.999001	gene 5.5	7906
949.999001	gene 5.7	6756
949.999001	gene 5.9	6799
949.999001	gene 6	4941
949.999001	gene 6.3	7019
949.999001	gene 6.5	9928
949.999001	gene 6.7	8312
949.999001	gene 7	9064
949.999001	gene 7.3	9937
949.999001	gene 7.7	10023
949.999001	gene 8	5925
949.999001	gene 9	14618
949.999001	gp-2	4147
949.999001	lysozyme-3.5	4329
949.999001	protein_kinase-0.7	1677
949.999001	rbs	26086
949.999001	ribosome	5
949.999001	rnapol-1	19
949.999001	rnapol-3.5	1460
954.999001	E. coli B promoter	1
954.999001	E. coli C promoter	1
954.999001	E. coli promoter A1	1
954.999001	E. coli promoter A2	1
954.999001	E. coli promoter A3	1
954.999001	T7 promoter phi1.1A	1
954.999001	T7 promoter phi1.1B	1
954.999001	T7 promoter phi1.3	1
954.999001	T7 promoter phi1.5	1
954.999001	T7 promoter phi1.6	1
954.999001	T7 promoter phi10	0
954.999001	T7 promoter phi13	1
954.999001	T7 promoter phi17	0
954.999001	T7 promoter phi2.5	1
954.999001	T7 promoter phi3.8	1
954.999001	T7 promoter phi4.3	1
954.999001	T7 promoter phi4.7	1
954.999001	T7 promoter phi4c	1
954.999001	T7 promoter phi6.5	1
954.999001	T7 promoter phi9	0
954.999001	bound_ecolipol	0
954.999001	bound_ecolipol_p	680
954.999001	bound_ribosome	3775
954.999001	degraded_transcript	49466
954.999001	ecoli_genome	1120
954.999001	ecoli_transcript	38699
954.999001	ecolipol	0
954.999001	ecolipol-2	0
954.999001	ecolipol-2-p	1113
954.999001	ecolipol-p	7
954.999001	gene 0.3	2074
954.999001	gene 1.1	3246
954.999001	gene 1.2	3394
954.999001	gene 1.3	5390
954.999001	gene 1.4	3966
954.999001	gene 1.5	3936
954.999001	gene 1.6	5218
954.999001	gene 1.7	5026
954.999001	gene 1.8	4609
954.999001	gene 10A	28641
954.999001	gene 11	4243
954.999001	gene 12	2986
954.999001	gene 13	6720
954.999001	gene 14	5550
954.999001	gene 15	4303
954.999001	gene 16	3076
954.999001	gene 17	5782
954.999001	gene 17.5	6776
954.999001	gene 18	6124
954.999001	gene 18.5	6300
954.999001	gene 18.7	4965
954.999001	gene 19	4889
954.999001	gene 19.2	5344
954.999001	gene 19.3	5379
954.999001	gene 19.5	6089
954.999001	gene 2.5	7338
954.999001	gene 2.8	5738
954.999001	gene 3	4645
954.999001	gene 3.8	7155
954.999001	gene 4.2	6041
954.999001	gene 4.3	8116
954.999001	gene 4.5	9201
954.999001	gene 4.7	8996
954.999001	gene 4A	2729
954.999001	gene 5	6692
954.999001	gene 5.3	8297
954.999001	gene 5.5	8020
954.999001	gene 5.7	6852
954.999001	gene 5.9	6891
954.999001	gene 6	5019
954.999001	gene 6.3	7121
954.999001	gene 6.5	10093
954.999001	gene 6.7	8457
954.999001	gene 7	9189
954.999001	gene 7.3	10094
954.999001	gene 7.7	10174
954.999001	gene 8	6049
954.999001	gene 9	14822
954.999001	gp-2	4227
954.999001	lysozyme-3.5	4417
954.999001	protein_kinase-0.7	1681
954.999001	rbs	26523
954.999001	ribosome	5
954.999001	rnapol-1	23
954.999001	rnapol-3.5	1460
959.999001	E. coli B promoter	1
959.999001	E. coli C promoter	1
959.999001	E. coli promoter A1	1
959.999001	E. coli promoter A2	1
959.999001	E. coli promoter A3	1
959.999001	T7 promoter phi1.1A	1
959.999001	T7 promoter phi1.1B	1
959.999001	T7 promoter phi1.3	1
959.999001	T7 promoter phi1.5	1
959.999001	T7 promoter phi1.6	0
959.999001	T7 promoter phi10	0
959.999001	T7 promoter phi13	1
959.999001	T7 promoter phi17	0
959.999001	T7 promoter phi2.5	1
959.999001	T7 promoter phi3.8	0
959.999001	T7 promoter phi4.3	0
959.999001	T7 promoter phi4.7	0
959.999001	T7 promoter phi4c	1
959.999001	T7 promoter phi6.5	0
959.999001	T7 promoter phi9	0
959.999001	bound_ecolipol	0
959.999001	bound_ecolipol_p	663
959.999001	bound_ribosome	3736
959.999001	degraded_transcript	49846
959.999001	ecoli_genome	1137
959.999001	ecoli_transcript	38498
959.999001	ecolipol	0
959.999001	ecolipol-2	0
959.999001	ecolipol-2-p	1129
959.999001	ecolipol-p	8
959.999001	gene 0.3	2077
959.999001	gene 1.1	3289
959.999001	gene 1.2	3423
959.999001	gene 1.3	5448
959.999001	gene 1.4	4032
959.999001	gene 1.5	4002
959.999001	gene 1.6	5286
959.999001	gene 1.7	5101
959.999001	gene 1.8	4676
959.999001	gene 10A	28930
959.999001	gene 11	4283
959.999001	gene 12	3039
959.999001	gene 13	6808
959.999001	gene 14	5621
959.999001	gene 15	4371
959.999001	gene 16	3139
959.999001	gene 17	5857
959.999001	gene 17.5	6866
959.999001	gene 18	6210
959.999001	gene 18.5	6377
959.999001	gene 18.7	5045
959.999001	gene 19	4966
959.999001	gene 19.2	5405
959.999001	gene 19.3	5452
959.999001	gene 19.5	6165
959.999001	gene 2.5	7435
959.999001	gene 2.8	5813
959.999001	gene 3	4726
959.999001	gene 3.8	7253
959.999001	gene 4.2	6135
959.999001	gene 4.3	8217
959.999001	gene 4.5	9311
959.999001	gene 4.7	9114
959.999001	gene 4A	2797
959.999001	gene 5	6800
959.999001	gene 5.3	8419
959.999001	gene 5.5	8151
959.999001	gene 5.7	6964
959.999001	gene 5.9	6988
959.999001	gene 6	5119
959.999001	gene 6.3	7236
959.999001	gene 6.5	10242
959.999001	gene 6.7	8600
959.999001	gene 7	9328
959.999001	gene 7.3	10247
959.999001	gene 7.7	10326
959.999001	gene 8	6171
959.999001	gene 9	15010
959.999001	gp-2	4290
959.999001	lysozyme-3.5	4485
959.999001	protein_kinase-0.7	1687
959.999001	rbs	26853
959.999001	ribosome	1
959.999001	rnapol-1	19
959.999001	rnapol-3.5	1466
964.999000	E. coli B promoter	1
964.999000	E. coli C promoter	1
964.999000	E. coli promoter A1	1
964.999000	E. coli promoter A2	1
964.999000	E. coli promoter A3	1
964.999000	T7 promoter phi1.1A	1
964.999000	T7 promoter phi1.1B	1
964.999000	T7 promoter phi1.3	1
964.999000	T7 promoter phi1.5	1
964.999000	T7 promoter phi1.6	1
964.999000	T7 promoter phi10	0
964.999000	T7 promoter phi13	0
964.999000	T7 promoter phi17	0
964.999000	T7 promoter phi2.5	1
964.999000	T7 promoter phi3.8	1
964.999000	T7 promoter phi4.3	0
964.999000	T7 promoter phi4.7	1
964.999000	T7 promoter phi4c	1
964.999000	T7 promoter phi6.5	1
964.999000	T7 promoter phi9	0
964.999000	bound_ecolipol	0
964.999000	bound_ecolipol_p	636
964.999000	bound_ribosome	3731
964.999000	degraded_transcript	50232
964.999000	ecoli_genome	1164
964.999000	ecoli_transcript	38263
964.999000	ecolipol	0
964.999000	ecolipol-2	0
964.999000	ecolipol-2-p	1159
964.999000	ecolipol-p	5
964.999000	gene 0.3	2081
964.999000	gene 1.1	3326
964.999000	gene 1.2	3452
964.999000	gene 1.3	5509
964.999000	gene 1.4	4079
964.999000	gene 1.5	4059
964.999000	gene 1.6	5353
964.999000	gene 1.7	5178
964.999000	gene 1.8	4740
964.999000	gene 10A	29245
964.999000	gene 11	4319
964.999000	gene 12	3079
964.999000	gene 13	6885
964.999000	gene 14	5685
964.999000	gene 15	4441
964.999000	gene 16	3222
964.999000	gene 17	5975
964.999000	gene 17.5	6963
964.999000	gene 18	6294
964.999000	gene 18.5	6466
964.999000	gene 18.7	5136
964.999000	gene 19	5047
964.999000	gene 19.2	5474
964.999000	gene 19.3	5541
964.999000	gene 19.5	6236
964.999000	gene 2.5	7539
964.999000	gene 2.8	5898
964.999000	gene 3	4817
964.999000	gene 3.8	7357
964.999000	gene 4.2	6233
964.999000	gene 4.3	8338
964.999000	gene 4.5	9413
964.999000	gene 4.7	9229
964.999000	gene 4A	2860
964.999000	gene 5	6905
964.999000	gene 5.3	8533
964.999000	gene 5.5	8279
964.999000	gene 5.7	7076
964.999000	gene 5.9	7101
964.999000	gene 6	5201
964.999000	gene 6.3	7352
964.999000	gene 6.5	10387
964.999000	gene 6.7	8745
964.999000	gene 7	9463
964.999000	gene 7.3	10391
964.999000	gene 7.7	10493
964.999000	gene 8	6307
964.999000	gene 9	15190
964.999000	gp-2	4343
964.999000	lysozyme-3.5	4564
964.999000	protein_kinase-0.7	1691
964.999000	rbs	27227
964.999000	ribosome	2
964.999000	rnapol-1	22
964.999000	rnapol-3.5	1472
969.999004	E. coli B promoter	1
969.999004	E. coli C promoter	1
969.999004	E. coli promoter A1	1
969.999004	E. coli promoter A2	1
969.999004	E. coli promoter A3	1
969.999004	T7 promoter phi1.1A	1
969.999004	T7 promoter phi1.1B	1
969.999004	T7 promoter phi1.3	0
969.999004	T7 promoter phi1.5	1
969.999004	T7 promoter phi1.6	1
969.999004	T7 promoter phi10	1
969.999004	T7 promoter phi13	0
969.999004	T7 promoter phi17	0
969.999004	T7 promoter phi2.5	1
969.999004	T7 promoter phi3.8	1
969.999004	T7 promoter phi4.3	0
969.999004	T7 promoter phi4.7	0
969.999004	T7 promoter phi4c	0
969.999004	T7 promoter phi6.5	0
969.999004	T7 promoter phi9	0
969.999004	bound_ecolipol	0
969.999004	bound_ecolipol_p	649
969.999004	bound_ribosome	3652
969.999004	degraded_transcript	50583
969.999004	ecoli_genome	1151
969.999004	ecoli_transcript	38110
969.999004	ecolipol	0
969.999004	ecolipol-2	0
969.999004	ecolipol-2-p	1147
969.999004	ecolipol-p	4
969.999004	gene 0.3	2086
969.999004	gene 1.1	3366
969.999004	gene 1.2	3491
969.999004	gene 1.3	5577
969.999004	gene 1.4	4125
969.999004	gene 1.5	4127
969.999004	gene 1.6	5427
969.999004	gene 1.7	5258
969.999004	gene 1.8	4807
969.999004	gene 10A	29537
969.999004	gene 11	4369
969.999004	gene 12	3130
969.999004	gene 13	6971
969.999004	gene 14	5756
969.999004	gene 15	4519
969.999004	gene 16	3297
969.999004	gene 17	6067
969.999004	gene 17.5	7052
969.999004	gene 18	6385
969.999004	gene 18.5	6552
969.999004	gene 18.7	5201
969.999004	gene 19	5139
969.999004	gene 19.2	5538
969.999004	gene 19.3	5614
969.999004	gene 19.5	6315
969.999004	gene 2.5	7645
969.999004	gene 2.8	5987
969.999004	gene 3	4894
969.999004	gene 3.8	7455
969.999004	gene 4.2	6302
969.999004	gene 4.3	8461
969.999004	gene 4.5	9554
969.999004	gene 4.7	9355
969.999004	gene 4A	2936
969.999004	gene 5	7034
969.999004	gene 5.3	8647
969.999004	gene 5.5	8410
969.999004	gene 5.7	7180
969.999004	gene 5.9	7198
969.999004	gene 6	5284
969.999004	gene 6.3	7464
969.999004	gene 6.5	10524
969.999004	gene 6.7	8879
969.999004	gene 7	9607
969.999004	gene 7.3	10537
969.999004	gene 7.7	10617
969.999004	gene 8	6435
969.999004	gene 9	15401
969.999004	gp-2	4420
969.999004	lysozyme-3.5	4641
969.999004	protein_kinase-0.7	1696
969.999004	rbs	27623
969.999004	ribosome	1
969.999004	rnapol-1	18
969.999004	rnapol-3.5	1479
974.999002	E. coli B promoter	1
974.999002	E. coli C promoter	1
974.999002	E. coli promoter A1	1
974.999002	E. coli promoter A2	1
974.999002	E. coli promoter A3	1
974.999002	T7 promoter phi1.1A	1
974.999002	T7 promoter phi1.1B	1
974.999002	T7 promoter phi1.3	1
974.999002	T7 promoter phi1.5	1
974.999002	T7 promoter phi1.6	1
974.999002	T7 promoter phi10	0
974.999002	T7 promoter phi13	1
974.999002	T7 promoter phi17	0
974.999002	T7 promoter phi2.5	1
974.999002	T7 promoter phi3.8	1
974.999002	T7 promoter phi4.3	1
974.999002	T7 promoter phi4.7	1
974.999002	T7 promoter phi4c	1
974.999002	T7 promoter phi6.5	1
974.999002	T7 promoter phi9	0
974.999002	bound_ecolipol	0
974.999002	bound_ecolipol_p	663
974.999002	bound_ribosome	3589
974.999002	degraded_transcript	50952
974.999002	ecoli_genome	1137
974.999002	ecoli_transcript	37917
974.999002	ecolipol	0
974.999002	ecolipol-2	0
974.999002	ecolipol-2-p	1134
974.999002	ecolipol-p	3
974.999002	gene 0.3	2090
974.999002	gene 1.1	3408
974.999002	gene 1.2	3528
974.999002	gene 1.3	5640
974.999002	gene 1.4	4179
974.999002	gene 1.5	4180
974.999002	gene 1.6	5504
974.999002	gene 1.7	5338
974.999002	gene 1.8	4883
974.999002	gene 10A	29833
974.999002	gene 11	4408
974.999002	gene 12	3169
974.999002	gene 13	7042
974.999002	gene 14	5837
974.999002	gene 15	4582
974.999002	gene 16	3360
974.999002	gene 17	6138
974.999002	gene 17.5	7140
974.999002	gene 18	6462
974.999002	gene 18.5	6634
974.999002	gene 18.7	5268
974.999002	gene 19	5235
974.999002	gene 19.2	5623
974.999002	gene 19.3	5688
974.999002	gene 19.5	6397
974.999002	gene 2.5	7744
974.999002	gene 2.8	6069
974.999002	gene 3	4983
974.999002	gene 3.8	7567
974.999002	gene 4.2	6387
974.999002	gene 4.3	8566
974.999002	gene 4.5	9658
974.999002	gene 4.7	9473
974.999002	gene 4A	2988
974.999002	gene 5	7147
974.999002	gene 5.3	8748
974.999002	gene 5.5	8518
974.999002	gene 5.7	7294
974.999002	gene 5.9	7307
974.999002	gene 6	5389
974.999002	gene 6.3	7580
974.999002	gene 6.5	10664
974.999002	gene 6.7	8995
974.999002	gene 7	9731
974.999002	gene 7.3	10689
974.999002	gene 7.7	10778
974.999002	gene 8	6562
974.999002	gene 9	15601
974.999002	gp-2	4505
974.999002	lysozyme-3.5	4705
974.999002	protein_kinase-0.7	1700
974.999002	rbs	28052
974.999002	ribosome	3
974.999002	rnapol-1	17
974.999002	rnapol-3.5	1488
979.999005	E. coli B promoter	1
979.999005	E. coli C promoter	1
979.999005	E. coli promoter A1	1
979.999005	E. coli promoter A2	1
979.999005	E. coli promoter A3	1
979.999005	T7 promoter phi1.1A	1
979.999005	T7 promoter phi1.1B	1
979.999005	T7 promoter phi1.3	1
979.999005	T7 promoter phi1.5	0
979.999005	T7 promoter phi1.6	1
979.999005	T7 promoter phi10	0
979.999005	T7 promoter phi13	1
979.999005	T7 promoter phi17	0
979.999005	T7 promoter phi2.5	0
979.999005	T7 promoter phi3.8	1
979.999005	T7 promoter phi4.3	0
979.999005	T7 promoter phi4.7	1
979.999005	T7 promoter phi4c	0
979.999005	T7 promoter phi6.5	0
979.999005	T7 promoter phi9	0
979.999005	bound_ecolipol	0
979.999005	bound_ecolipol_p	653
979.999005	bound_ribosome	3527
979.999005	degraded_transcript	51332
979.999005	ecoli_genome	1147
979.999005	ecoli_transcript	37729
979.999005	ecolipol	0
979.999005	ecolipol-2	0
979.999005	ecolipol-2-p	1142
979.999005	ecolipol-p	5
979.999005	gene 0.3	2093
979.999005	gene 1.1	3451
979.999005	gene 1.2	3547
979.999005	gene 1.3	5700
979.999005	gene 1.4	4236
979.999005	gene 1.5	4234
979.999005	gene 1.6	5583
979.999005	gene 1.7	5418
979.999005	gene 1.8	4951
979.999005	gene 10A	30134
979.999005	gene 11	4450
979.999005	gene 12	3212
979.999005	gene 13	7123
979.999005	gene 14	5895
979.999005	gene 15	4667
979.999005	gene 16	3430
979.999005	gene 17	6236
979.999005	gene 17.5	7233
979.999005	gene 18	6564
979.999005	gene 18.5	6723
979.999005	gene 18.7	5339
979.999005	gene 19	5316
979.999005	gene 19.2	5693
979.999005	gene 19.3	5767
979.999005	gene 19.5	6479
979.999005	gene 2.5	7836
979.999005	gene 2.8	6176
979.999005	gene 3	5062
979.999005	gene 3.8	7687
979.999005	gene 4.2	6491
979.999005	gene 4.3	8675
979.999005	gene 4.5	9765
979.999005	gene 4.7	9589
979.999005	gene 4A	3050
979.999005	gene 5	7267
979.999005	gene 5.3	8867
979.999005	gene 5.5	8638
979.999005	gene 5.7	7412
979.999005	gene 5.9	7408
979.999005	gene 6	5477
979.999005	gene 6.3	7682
979.999005	gene 6.5	10813
979.999005	gene 6.7	9124
979.999005	gene 7	9872
979.999005	gene 7.3	10835
979.999005	gene 7.7	10909
979.999005	gene 8	6689
979.999005	gene 9	15809
979.999005	gp-2	4570
979.999005	lysozyme-3.5	4787
979.999005	protein_kinase-0.7	1707
979.999005	rbs	28355
979.999005	ribosome	0
979.999005	rnapol-1	21
979.999005	rnapol-3.5	1490
984.999000	E. coli B promoter	1
984.999000	E. coli C promoter	1
984.999000	E. coli promoter A1	1
984.999000	E. coli promoter A2	1
984.999000	E. coli promoter A3	1
984.999000	T7 promoter phi1.1A	1
984.999000	T7 promoter phi1.1B	1
984.999000	T7 promoter phi1.3	1
984.999000	T7 promoter phi1.5	1
984.999000	T7 promoter phi1.6	1
984.999000	T7 promoter phi10	0
984.999000	T7 promoter phi13	1
984.999000	T7 promoter phi17	1
984.999000	T7 promoter phi2.5	0
984.999000	T7 promoter phi3.8	1
984.999000	T7 promoter phi4.3	0
984.999000	T7 promoter phi4.7	1
984.999000	T7 promoter phi4c	1
984.999000	T7 promoter phi6.5	0
984.999000	T7 promoter phi9	1
984.999000	bound_ecolipol	0
984.999000	bound_ecolipol_p	653
984.999000	bound_ribosome	3486
984.999000	degraded_transcript	51698
984.999000	ecoli_genome	1147
984.999000	ecoli_transcript	37522
984.999000	ecolipol	0
984.999000	ecolipol-2	0
984.999000	ecolipol-2-p	1141
984.999000	ecolipol-p	6
984.999000	gene 0.3	2100
984.999000	gene 1.1	3498
984.999000	gene 1.2	3583
984.999000	gene 1.3	5753
984.999000	gene 1.4	4307
984.999000	gene 1.5	4293
984.999000	gene 1.6	5653
984.999000	gene 1.7	5509
984.999000	gene 1.8	5018
984.999000	gene 10A	30441
984.999000	gene 11	4494
984.999000	gene 12	3266
984.999000	gene 13	7187
984.999000	gene 14	5962
984.999000	gene 15	4739
984.999000	gene 16	3500
984.999000	gene 17	6331
984.999000	gene 17.5	7311
984.999000	gene 18	6656
984.999000	gene 18.5	6828
984.999000	gene 18.7	5426
984.999000	gene 19	5421
984.999000	gene 19.2	5746
984.999000	gene 19.3	5837
984.999000	gene 19.5	6583
984.999000	gene 2.5	7937
984.999000	gene 2.8	6274
984.999000	gene 3	5144
984.999000	gene 3.8	7793
984.999000	gene 4.2	6587
984.999000	gene 4.3	8791
984.999000	gene 4.5	9900
984.999000	gene 4.7	9709
984.999000	gene 4A	3137
984.999000	gene 5	7376
984.999000	gene 5.3	8991
984.999000	gene 5.5	8765
984.999000	gene 5.7	7521
984.999000	gene 5.9	7507
984.999000	gene 6	5573
984.999000	gene 6.3	7790
984.999000	gene 6.5	10948
984.999000	gene 6.7	9257
984.999000	gene 7	10011
984.999000	gene 7.3	10995
984.999000	gene 7.7	11078
984.999000	gene 8	6782
984.999000	gene 9	16008
984.999000	gp-2	4659
984.999000	lysozyme-3.5	4863
984.999000	protein_kinase-0.7	1714
984.999000	rbs	28782
984.999000	ribosome	2
984.999000	rnapol-1	23
984.999000	rnapol-3.5	1498
989.999000	E. coli B promoter	1
989.999000	E. coli C promoter	1
989.999000	E. coli promoter A1	1
989.999000	E. coli promoter A2	1
989.999000	E. coli promoter A3	1
989.999000	T7 promoter phi1.1A	1
989.999000	T7 promoter phi1.1B	1
989.999000	T7 promoter phi1.3	1
989.999000	T7 promoter phi1.5	1
989.999000	T7 promoter phi1.6	1
989.999000	T7 promoter phi10	0
989.999000	T7 promoter phi13	1
989.999000	T7 promoter phi17	0
989.999000	T7 promoter phi2.5	1
989.999000	T7 promoter phi3.8	1
989.999000	T7 promoter phi4.3	0
989.999000	T7 promoter phi4.7	0
989.999000	T7 promoter phi4c	1
989.999000	T7 promoter phi6.5	1
989.999000	T7 promoter phi9	0
989.999000	bound_ecolipol	0
989.999000	bound_ecolipol_p	630
989.999000	bound_ribosome	3433
989.999000	degraded_transcript	52065
989.999000	ecoli_genome	1170
989.999000	ecoli_transcript	37341
989.999000	ecolipol	0
989.999000	ecolipol-2	0
989.999000	ecolipol-2-p	1168
989.999000	ecolipol-p	2
989.999000	gene 0.3	2105
989.999000	gene 1.1	3541
989.999000	gene 1.2	3623
989.999000	gene 1.3	5817
989.999000	gene 1.4	4370
989.999000	gene 1.5	4345
989.999000	gene 1.6	5713
989.999000	gene 1.7	5571
989.999000	gene 1.8	5083
989.999000	gene 10A	30726
989.999000	gene 11	4546
989.999000	gene 12	3304
989.999000	gene 13	7263
989.999000	gene 14	6034
989.999000	gene 15	4821
989.999000	gene 16	3560
989.999000	gene 17	6405
989.999000	gene 17.5	7410
989.999000	gene 18	6754
989.999000	gene 18.5	6909
989.999000	gene 18.7	5498
989.999000	gene 19	5500
989.999000	gene 19.2	5806
989.999000	gene 19.3	5925
989.999000	gene 19.5	6673
989.999000	gene 2.5	8026
989.999000	gene 2.8	6348
989.999000	gene 3	5227
989.999000	gene 3.8	7896
989.999000	gene 4.2	6674
989.999000	gene 4.3	8899
989.999000	gene 4.5	10020
989.999000	gene 4.7	9831
989.999000	gene 4A	3211
989.999000	gene 5	7504
989.999000	gene 5.3	9109
989.999000	gene 5.5	8875
989.999000	gene 5.7	7636
989.999000	gene 5.9	7614
989.999000	gene 6	5683
989.999000	gene 6.3	7902
989.999000	gene 6.5	11100
989.999000	gene 6.7	9393
989.999000	gene 7	10143
989.999000	gene 7.3	11148
989.999000	gene 7.7	11245
989.999000	gene 8	6902
989.999000	gene 9	16196
989.999000	gp-2	4706
989.999000	lysozyme-3.5	4961
989.999000	protein_kinase-0.7	1718
989.999000	rbs	29224
989.999000	ribosome	1
989.999000	rnapol-1	22
989.999000	rnapol-3.5	1502
994.999001	E. coli B promoter	1
994.999001	E. coli C promoter	1
994.999001	E. coli promoter A1	1
994.999001	E. coli promoter A2	1
994.999001	E. coli promoter A3	1
994.999001	T7 promoter phi1.1A	1
994.999001	T7 promoter phi1.1B	1
994.999001	T7 promoter phi1.3	1
994.999001	T7 promoter phi1.5	1
994.999001	T7 promoter phi1.6	1
994.999001	T7 promoter phi10	0
994.999001	T7 promoter phi13	0
994.999001	T7 promoter phi17	1
994.999001	T7 promoter phi2.5	1
994.999001	T7 promoter phi3.8	0
994.999001	T7 promoter phi4.3	1
994.999001	T7 promoter phi4.7	1
994.999001	T7 promoter phi4c	1
994.999001	T7 promoter phi6.5	0
994.999001	T7 promoter phi9	1
994.999001	bound_ecolipol	0
994.999001	bound_ecolipol_p	610
994.999001	bound_ribosome	3315
994.999001	degraded_transcript	52415
994.999001	ecoli_genome	1190
994.999001	ecoli_transcript	37241
994.999001	ecolipol	0
994.999001	ecolipol-2	0
994.999001	ecolipol-2-p	1179
994.999001	ecolipol-p	11
994.999001	gene 0.3	2108
994.999001	gene 1.1	3573
994.999001	gene 1.2	3659
994.999001	gene 1.3	5882
994.999001	gene 1.4	4424
994.999001	gene 1.5	4400
994.999001	gene 1.6	5780
994.999001	gene 1.7	5657
994.999001	gene 1.8	5157
994.999001	gene 10A	30991
994.999001	gene 11	4598
994.999001	gene 12	3351
994.999001	gene 13	7342
994.999001	gene 14	6105
994.999001	gene 15	4907
994.999001	gene 16	3625
994.999001	gene 17	6494
994.999001	gene 17.5	7494
994.999001	gene 18	6836
994.999001	gene 18.5	6982
994.999001	gene 18.7	5598
994.999001	gene 19	5596
994.999001	gene 19.2	5876
994.999001	gene 19.3	6014
994.999001	gene 19.5	6733
994.999001	gene 2.5	8118
994.999001	gene 2.8	6440
994.999001	gene 3	5305
994.999001	gene 3.8	7983
994.999001	gene 4.2	6763
994.999001	gene 4.3	9013
994.999001	gene 4.5	10136
994.999001	gene 4.7	9962
994.999001	gene 4A	3280
994.999001	gene 5	7637
994.999001	gene 5.3	9227
994.999001	gene 5.5	8982
994.999001	gene 5.7	7750
994.999001	gene 5.9	7714
994.999001	gene 6	5794
994.999001	gene 6.3	8009
994.999001	gene 6.5	11243
994.999001	gene 6.7	9522
994.999001	gene 7	10280
994.999001	gene 7.3	11287
994.999001	gene 7.7	11418
994.999001	gene 8	7012
994.999001	gene 9	16396
994.999001	gp-2	4760
994.999001	lysozyme-3.5	5044
994.999001	protein_kinase-0.7	1724
994.999001	rbs	29582
994.999001	ribosome	2
994.999001	rnapol-1	21
994.999001	rnapol-3.5	1503
999.999001	E. coli B promoter	1
999.999001	E. coli C promoter	1
999.999001	E. coli promoter A1	1
999.999001	E. coli promoter A2	1
999.999001	E. coli promoter A3	1
999.999001	T7 promoter phi1.1A	1
999.999001	T7 promoter phi1.1B	1
999.999001	T7 promoter phi1.3	1
999.999001	T7 promoter phi1.5	1
999.999001	T7 promoter phi1.6	1
999.999001	T7 promoter phi10	0
999.999001	T7 promoter phi13	0
999.999001	T7 promoter phi17	0
999.999001	T7 promoter phi2.5	1
999.999001	T7 promoter phi3.8	1
999.999001	T7 promoter phi4.3	0
999.999001	T7 promoter phi4.7	1
999.999001	T7 promoter phi4c	1
999.999001	T7 promoter phi6.5	1
999.999001	T7 promoter phi9	0
999.999001	bound_ecolipol	0
999.999001	bound_ecolipol_p	625
999.999001	bound_ribosome	3235
999.999001	degraded_transcript	52780
999.999001	ecoli_genome	1175
999.999001	ecoli_transcript	37053
999.999001	ecolipol	0
999.999001	ecolipol-2	0
999.999001	ecolipol-2-p	1169
999.999001	ecolipol-p	6
999.999001	gene 0.3	2111
999.999001	gene 1.1	3620
999.999001	gene 1.2	3687
999.999001	gene 1.3	5935
999.999001	gene 1.4	4483
999.999001	gene 1.5	4448
999.999001	gene 1.6	5850
999.999001	gene 1.7	5727
999.999001	gene 1.8	5230
999.999001	gene 10A	31278
999.999001	gene 11	4639
999.999001	gene 12	3396
999.999001	gene 13	7418
999.999001	gene 14	6168
999.999001	gene 15	4990
999.999001	gene 16	3694
999.999001	gene 17	6596
999.999001	gene 17.5	7581
999.999001	gene 18	6938
999.999001	gene 18.5	7060
999.999001	gene 18.7	5674
999.999001	gene 19	5685
999.999001	gene 19.2	5954
999.999001	gene 19.3	6098
999.999001	gene 19.5	6821
999.999001	gene 2.5	8218
999.999001	gene 2.8	6514
999.999001	gene 3	5372
999.999001	gene 3.8	8079
999.999001	gene 4.2	6856
999.999001	gene 4.3	9130
999.999001	gene 4.5	10259
999.999001	gene 4.7	10090
999.999001	gene 4A	3353
999.999001	gene 5	7758
999.999001	gene 5.3	9338
999.999001	gene 5.5	9102
999.999001	gene 5.7	7881
999.999001	gene 5.9	7821
999.999001	gene 6	5901
999.999001	gene 6.3	8115
999.999001	gene 6.5	11410
999.999001	gene 6.7	9647
999.999001	gene 7	10418
999.999001	gene 7.3	11465
999.999001	gene 7.7	11571
999.999001	gene 8	7146
999.999001	gene 9	16578
999.999001	gp-2	4831
999.999001	lysozyme-3.5	5137
999.999001	protein_kinase-0.7	1730
999.999001	rbs	30114
999.999001	ribosome	3
999.999001	rnapol-1	16
999.999001	rnapol-3.5	1517
1004.999000	E. coli B promoter	1
1004.999000	E. coli C promoter	1
1004.999000	E. coli promoter A1	1
1004.999000	E. coli promoter A2	1
1004.999000	E. coli promoter A3	1
1004.999000	T7 promoter phi1.1A	1
1004.999000	T7 promoter phi1.1B	1
1004.999000	T7 promoter phi1.3	0
1004.999000	T7 promoter phi1.5	1
1004.999000	T7 promoter phi1.6	1
1004.999000	T7 promoter phi10	0
1004.999000	T7 promoter phi13	1
1004.999000	T7 promoter phi17	1
1004.999000	T7 promoter phi2.5	0
1004.999000	T7 promoter phi3.8	1
1004.999000	T7 promoter phi4.3	0
1004.999000	T7 promoter phi4.7	1
1004.999000	T7 promoter phi4c	0
1004.999000	T7 promoter phi6.5	1
1004.999000	T7 promoter phi9	1
1004.999000	bound_ecolipol	0
1004.999000	bound_ecolipol_p	643
1004.999000	bound_ribosome	3182
1004.999000	degraded_transcript	53140
1004.999000	ecoli_genome	1157
1004.999000	ecoli_transcript	36866
1004.999000	ecolipol	0
1004.999000	ecolipol-2	0
1004.999000	ecolipol-2-p	1156
1004.999000	ecolipol-p	1
1004.999000	gene 0.3	2114
1004.999000	gene 1.1	3677
1004.999000	gene 1.2	3715
1004.999000	gene 1.3	5989
1004.999000	gene 1.4	4548
1004.999000	gene 1.5	4515
1004.999000	gene 1.6	5915
1004.999000	gene 1.7	5788
1004.999000	gene 1.8	5321
1004.999000	gene 10A	31570
1004.999000	gene 11	4688
1004.999000	gene 12	3447
1004.999000	gene 13	7485
1004.999000	gene 14	6247
1004.999000	gene 15	5065
1004.999000	gene 16	3765
1004.999000	gene 17	6698
1004.999000	gene 17.5	7675
1004.999000	gene 18	7024
1004.999000	gene 18.5	7139
1004.999000	gene 18.7	5766
1004.999000	gene 19	5773
1004.999000	gene 19.2	6032
1004.999000	gene 19.3	6169
1004.999000	gene 19.5	6915
1004.999000	gene 2.5	8319
1004.999000	gene 2.8	6617
1004.999000	gene 3	5451
1004.999000	gene 3.8	8176
1004.999000	gene 4.2	6966
1004.999000	gene 4.3	9219
1004.999000	gene 4.5	10376
1004.999000	gene 4.7	10213
1004.999000	gene 4A	3434
1004.999000	gene 5	7884
1004.999000	gene 5.3	9451
1004.999000	gene 5.5	9206
1004.999000	gene 5.7	7980
1004.999000	gene 5.9	7925
1004.999000	gene 6	5988
1004.999000	gene 6.3	8245
1004.999000	gene 6.5	11551
1004.999000	gene 6.7	9784
1004.999000	gene 7	10540
1004.999000	gene 7.3	11601
1004.999000	gene 7.7	11703
1004.999000	gene 8	7276
1004.999000	gene 9	16777
1004.999000	gp-2	4907
1004.999000	lysozyme-3.5	5194
1004.999000	protein_kinase-0.7	1737
1004.999000	rbs	30481
1004.999000	ribosome	2
1004.999000	rnapol-1	12
1004.999000	rnapol-3.5	1524
1009.999001	E. coli B promoter	1
1009.999001	E. coli C promoter	1
1009.999001	E. coli promoter A1	1
1009.999001	E. coli promoter A2	1
1009.999001	E. coli promoter A3	1
1009.999001	T7 promoter phi1.1A	1
1009.999001	T7 promoter phi1.1B	1
1009.999001	T7 promoter phi1.3	1
1009.999001	T7 promoter phi1.5	1
1009.999001	T7 promoter phi1.6	0
1009.999001	T7 promoter phi10	0
1009.999001	T7 promoter phi13	1
1009.999001	T7 promoter phi17	1
1009.999001	T7 promoter phi2.5	1
1009.999001	T7 promoter phi3.8	1
1009.999001	T7 promoter phi4.3	0
1009.999001	T7 promoter phi4.7	1
1009.999001	T7 promoter phi4c	1
1009.999001	T7 promoter phi6.5	1
1009.999001	T7 promoter phi9	0
1009.999001	bound_ecolipol	0
1009.999001	bound_ecolipol_p	639
1009.999001	bound_ribosome	3153
1009.999001	degraded_transcript	53505
1009.999001	ecoli_genome	1161
1009.999001	ecoli_transcript	36666
1009.999001	ecolipol	0
1009.999001	ecolipol-2	0
1009.999001	ecolipol-2-p	1158
1009.999001	ecolipol-p	3
1009.999001	gene 0.3	2116
1009.999001	gene 1.1	3718
1009.999001	gene 1.2	3732
1009.999001	gene 1.3	6048
1009.999001	gene 1.4	4607
1009.999001	gene 1.5	4566
1009.999001	gene 1.6	5990
1009.999001	gene 1.7	5862
1009.999001	gene 1.8	5400
1009.999001	gene 10A	31861
1009.999001	gene 11	4727
1009.999001	gene 12	3498
1009.999001	gene 13	7577
1009.999001	gene 14	6307
1009.999001	gene 15	5140
1009.999001	gene 16	3847
1009.999001	gene 17	6777
1009.999001	gene 17.5	7753
1009.999001	gene 18	7124
1009.999001	gene 18.5	7213
1009.999001	gene 18.7	5834
1009.999001	gene 19	5850
1009.999001	gene 19.2	6112
1009.999001	gene 19.3	6247
1009.999001	gene 19.5	6996
1009.999001	gene 2.5	8416
1009.999001	gene 2.8	6714
1009.999001	gene 3	5532
1009.999001	gene 3.8	8278
1009.999001	gene 4.2	7070
1009.999001	gene 4.3	9330
1009.999001	gene 4.5	10490
1009.999001	gene 4.7	10345
1009.999001	gene 4A	3509
1009.999001	gene 5	7992
1009.999001	gene 5.3	9584
1009.999001	gene 5.5	9334
1009.999001	gene 5.7	8088
1009.999001	gene 5.9	8043
1009.999001	gene 6	6085
1009.999001	gene 6.3	8368
1009.999001	gene 6.5	11700
1009.999001	gene 6.7	9903
1009.999001	gene 7	10694
1009.999001	gene 7.3	11739
1009.999001	gene 7.7	11850
1009.999001	gene 8	7394
1009.999001	gene 9	16987
1009.999001	gp-2	4989
1009.999001	lysozyme-3.5	5288
1009.999001	protein_kinase-0.7	1742
1009.999001	rbs	30937
1009.999001	ribosome	7
1009.999001	rnapol-1	19
1009.999001	rnapol-3.5	1517
1014.999001	E. coli B promoter	1
1014.999001	E. coli C promoter	1
1014.999001	E. coli promoter A1	1
1014.999001	E. coli promoter A2	1
1014.999001	E. coli promoter A3	1
1014.999001	T7 promoter phi1.1A	1
1014.999001	T7 promoter phi1.1B	1
1014.999001	T7 promoter phi1.3	1
1014.999001	T7 promoter phi1.5	1
1014.999001	T7 promoter phi1.6	1
1014.999001	T7 promoter phi10	0
1014.999001	T7 promoter phi13	0
1014.999001	T7 promoter phi17	0
1014.999001	T7 promoter phi2.5	1
1014.999001	T7 promoter phi3.8	1
1014.999001	T7 promoter phi4.3	1
1014.999001	T7 promoter phi4.7	1
1014.999001	T7 promoter phi4c	1
1014.999001	T7 promoter phi6.5	1
1014.999001	T7 promoter phi9	1
1014.999001	bound_ecolipol	0
1014.999001	bound_ecolipol_p	644
1014.999001	bound_ribosome	3099
1014.999001	degraded_transcript	53883
1014.999001	ecoli_genome	1156
1014.999001	ecoli_transcript	36466
1014.999001	ecolipol	0
1014.999001	ecolipol-2	0
1014.999001	ecolipol-2-p	1151
1014.999001	ecolipol-p	5
1014.999001	gene 0.3	2117
1014.999001	gene 1.1	3762
1014.999001	gene 1.2	3753
1014.999001	gene 1.3	6120
1014.999001	gene 1.4	4671
1014.999001	gene 1.5	4630
1014.999001	gene 1.6	6060
1014.999001	gene 1.7	5926
1014.999001	gene 1.8	5483
1014.999001	gene 10A	32147
1014.999001	gene 11	4765
1014.999001	gene 12	3544
1014.999001	gene 13	7660
1014.999001	gene 14	6395
1014.999001	gene 15	5202
1014.999001	gene 16	3928
1014.999001	gene 17	6891
1014.999001	gene 17.5	7852
1014.999001	gene 18	7230
1014.999001	gene 18.5	7307
1014.999001	gene 18.7	5904
1014.999001	gene 19	5931
1014.999001	gene 19.2	6201
1014.999001	gene 19.3	6332
1014.999001	gene 19.5	7077
1014.999001	gene 2.5	8523
1014.999001	gene 2.8	6813
1014.999001	gene 3	5629
1014.999001	gene 3.8	8367
1014.999001	gene 4.2	7160
1014.999001	gene 4.3	9433
1014.999001	gene 4.5	10612
1014.999001	gene 4.7	10466
1014.999001	gene 4A	3595
1014.999001	gene 5	8110
1014.999001	gene 5.3	9721
1014.999001	gene 5.5	9447
1014.999001	gene 5.7	8190
1014.999001	gene 5.9	8153
1014.999001	gene 6	6188
1014.999001	gene 6.3	8469
1014.999001	gene 6.5	11859
1014.999001	gene 6.7	10028
1014.999001	gene 7	10836
1014.999001	gene 7.3	11888
1014.999001	gene 7.7	11978
1014.999001	gene 8	7509
1014.999001	gene 9	17191
1014.999001	gp-2	5074
1014.999001	lysozyme-3.5	5367
1014.999001	protein_kinase-0.7	1749
1014.999001	rbs	31326
1014.999001	ribosome	1
1014.999001	rnapol-1	18
1014.999001	rnapol-3.5	1515
1019.999002	E. coli B promoter	1
1019.999002	E. coli C promoter	1
1019.999002	E. coli promoter A1	1
1019.999002	E. coli promoter A2	1
1019.999002	E. coli promoter A3	1
1019.999002	T7 promoter phi1.1A	1
1019.999002	T7 promoter phi1.1B	1
1019.999002	T7 promoter phi1.3	1
1019.999002	T7 promoter phi1.5	0
1019.999002	T7 promoter phi1.6	0
1019.999002	T7 promoter phi10	0
1019.999002	T7 promoter phi13	0
1019.999002	T7 promoter phi17	1
1019.999002	T7 promoter phi2.5	1
1019.999002	T7 promoter phi3.8	1
1019.999002	T7 promoter phi4.3	0
1019.999002	T7 promoter phi4.7	0
1019.999002	T7 promoter phi4c	0
1019.999002	T7 promoter phi6.5	0
1019.999002	T7 promoter phi9	0
1019.999002	bound_ecolipol	0
1019.999002	bound_ecolipol_p	646
1019.999002	bound_ribosome	3061
1019.999002	degraded_transcript	54218
1019.999002	ecoli_genome	1154
1019.999002	ecoli_transcript	36275
1019.999002	ecolipol	0
1019.999002	ecolipol-2	0
1019.999002	ecolipol-2-p	1151
1019.999002	ecolipol-p	3
1019.999002	gene 0.3	2123
1019.999002	gene 1.1	3812
1019.999002	gene 1.2	3780
1019.999002	gene 1.3	6196
1019.999002	gene 1.4	4730
1019.999002	gene 1.5	4684
1019.999002	gene 1.6	6123
1019.999002	gene 1.7	6002
1019.999002	gene 1.8	5542
1019.999002	gene 10A	32451
1019.999002	gene 11	4806
1019.999002	gene 12	3586
1019.999002	gene 13	7736
1019.999002	gene 14	6472
1019.999002	gene 15	5263
1019.999002	gene 16	3986
1019.999002	gene 17	6983
1019.999002	gene 17.5	7925
1019.999002	gene 18	7303
1019.999002	gene 18.5	7409
1019.999002	gene 18.7	5970
1019.999002	gene 19	6024
1019.999002	gene 19.2	6281
1019.999002	gene 19.3	6395
1019.999002	gene 19.5	7152
1019.999002	gene 2.5	8634
1019.999002	gene 2.8	6895
1019.999002	gene 3	5720
1019.999002	gene 3.8	8461
1019.999002	gene 4.2	7259
1019.999002	gene 4.3	9544
1019.999002	gene 4.5	10751
1019.999002	gene 4.7	10586
1019.999002	gene 4A	3677
1019.999002	gene 5	8211
1019.999002	gene 5.3	9829
1019.999002	gene 5.5	9558
1019.999002	gene 5.7	8301
1019.999002	gene 5.9	8257
1019.999002	gene 6	6301
1019.999002	gene 6.3	8570
1019.999002	gene 6.5	11988
1019.999002	gene 6.7	10170
1019.999002	gene 7	10990
1019.999002	gene 7.3	12038
1019.999002	gene 7.7	12124
1019.999002	gene 8	7638
1019.999002	gene 9	17386
1019.999002	gp-2	5161
1019.999002	lysozyme-3.5	5445
1019.999002	protein_kinase-0.7	1753
1019.999002	rbs	31770
1019.999002	ribosome	2
1019.999002	rnapol-1	27
1019.999002	rnapol-3.5	1508
1024.999000	E. coli B promoter	1
1024.999000	E. coli C promoter	1
1024.999000	E. coli promoter A1	1
1024.999000	E. coli promoter A2	1
1024.999000	E. coli promoter A3	1
1024.999000	T7 promoter phi1.1A	0
1024.999000	T7 promoter phi1.1B	1
1024.999000	T7 promoter phi1.3	1
1024.999000	T7 promoter phi1.5	1
1024.999000	T7 promoter phi1.6	1
1024.999000	T7 promoter phi10	0
1024.999000	T7 promoter phi13	1
1024.999000	T7 promoter phi17	0
1024.999000	T7 promoter phi2.5	1
1024.999000	T7 promoter phi3.8	1
1024.999000	T7 promoter phi4.3	1
1024.999000	T7 promoter phi4.7	1
1024.999000	T7 promoter phi4c	1
1024.999000	T7 promoter phi6.5	1
1024.999000	T7 promoter phi9	0
1024.999000	bound_ecolipol	0
1024.999000	bound_ecolipol_p	626
1024.999000	bound_ribosome	3004
1024.999000	degraded_transcript	54568
1024.999000	ecoli_genome	1174
1024.999000	ecoli_transcript	36119
1024.999000	ecolipol	0
1024.999000	ecolipol-2	0
1024.999000	ecolipol-2-p	1171
1024.999000	ecolipol-p	3
1024.999000	gene 0.3	2127
1024.999000	gene 1.1	3857
1024.999000	gene 1.2	3814
1024.999000	gene 1.3	6263
1024.999000	gene 1.4	4786
1024.999000	gene 1.5	4741
1024.999000	gene 1.6	6201
1024.999000	gene 1.7	6067
1024.999000	gene 1.8	5620
1024.999000	gene 10A	32740
1024.999000	gene 11	4856
1024.999000	gene 12	3632
1024.999000	gene 13	7830
1024.999000	gene 14	6544
1024.999000	gene 15	5347
1024.999000	gene 16	4062
1024.999000	gene 17	7067
1024.999000	gene 17.5	8011
1024.999000	gene 18	7392
1024.999000	gene 18.5	7491
1024.999000	gene 18.7	6047
1024.999000	gene 19	6116
1024.999000	gene 19.2	6365
1024.999000	gene 19.3	6481
1024.999000	gene 19.5	7239
1024.999000	gene 2.5	8734
1024.999000	gene 2.8	6984
1024.999000	gene 3	5805
1024.999000	gene 3.8	8560
1024.999000	gene 4.2	7351
1024.999000	gene 4.3	9665
1024.999000	gene 4.5	10885
1024.999000	gene 4.7	10715
1024.999000	gene 4A	3759
1024.999000	gene 5	8330
1024.999000	gene 5.3	9938
1024.999000	gene 5.5	9685
1024.999000	gene 5.7	8419
1024.999000	gene 5.9	8368
1024.999000	gene 6	6400
1024.999000	gene 6.3	8684
1024.999000	gene 6.5	12141
1024.999000	gene 6.7	10301
1024.999000	gene 7	11132
1024.999000	gene 7.3	12174
1024.999000	gene 7.7	12274
1024.999000	gene 8	7767
1024.999000	gene 9	17588
1024.999000	gp-2	5210
1024.999000	lysozyme-3.5	5519
1024.999000	protein_kinase-0.7	1756
1024.999000	rbs	32175
1024.999000	ribosome	5
1024.999000	rnapol-1	25
1024.999000	rnapol-3.5	1510
1029.999006	E. coli B promoter	1
1029.999006	E. coli C promoter	1
1029.999006	E. coli promoter A1	1
1029.999006	E. coli promoter A2	1
1029.999006	E. coli promoter A3	1
1029.999006	T7 promoter phi1.1A	1
1029.999006	T7 promoter phi1.1B	1
1029.999006	T7 promoter phi1.3	1
1029.999006	T7 promoter phi1.5	0
1029.999006	T7 promoter phi1.6	1
1029.999006	T7 promoter phi10	0
1029.999006	T7 promoter phi13	0
1029.999006	T7 promoter phi17	0
1029.999006	T7 promoter phi2.5	1
1029.999006	T7 promoter phi3.8	1
1029.999006	T7 promoter phi4.3	1
1029.999006	T7 promoter phi4.7	0
1029.999006	T7 promoter phi4c	0
1029.999006	T7 promoter phi6.5	1
1029.999006	T7 promoter phi9	1
1029.999006	bound_ecolipol	0
1029.999006	bound_ecolipol_p	627
1029.999006	bound_ribosome	2909
1029.999006	degraded_transcript	54906
1029.999006	ecoli_genome	1173
1029.999006	ecoli_transcript	35985
1029.999006	ecolipol	0
1029.999006	ecolipol-2	0
1029.999006	ecolipol-2-p	1172
1029.999006	ecolipol-p	1
1029.999006	gene 0.3	2131
1029.999006	gene 1.1	3900
1029.999006	gene 1.2	3853
1029.999006	gene 1.3	6327
1029.999006	gene 1.4	4849
1029.999006	gene 1.5	4792
1029.999006	gene 1.6	6286
1029.999006	gene 1.7	6156
1029.999006	gene 1.8	5704
1029.999006	gene 10A	33036
1029.999006	gene 11	4901
1029.999006	gene 12	3677
1029.999006	gene 13	7912
1029.999006	gene 14	6620
1029.999006	gene 15	5420
1029.999006	gene 16	4127
1029.999006	gene 17	7157
1029.999006	gene 17.5	8097
1029.999006	gene 18	7480
1029.999006	gene 18.5	7589
1029.999006	gene 18.7	6121
1029.999006	gene 19	6190
1029.999006	gene 19.2	6441
1029.999006	gene 19.3	6549
1029.999006	gene 19.5	7310
1029.999006	gene 2.5	8831
1029.999006	gene 2.8	7075
1029.999006	gene 3	5882
1029.999006	gene 3.8	8644
1029.999006	gene 4.2	7435
1029.999006	gene 4.3	9776
1029.999006	gene 4.5	10994
1029.999006	gene 4.7	10832
1029.999006	gene 4A	3844
1029.999006	gene 5	8456
1029.999006	gene 5.3	10066
1029.999006	gene 5.5	9803
1029.999006	gene 5.7	8536
1029.999006	gene 5.9	8461
1029.999006	gene 6	6498
1029.999006	gene 6.3	8811
1029.999006	gene 6.5	12288
1029.999006	gene 6.7	10444
1029.999006	gene 7	11274
1029.999006	gene 7.3	12327
1029.999006	gene 7.7	12429
1029.999006	gene 8	7862
1029.999006	gene 9	17808
1029.999006	gp-2	5281
1029.999006	lysozyme-3.5	5602
1029.999006	protein_kinase-0.7	1759
1029.999006	rbs	32699
1029.999006	ribosome	1
1029.999006	rnapol-1	15
1029.999006	rnapol-3.5	1529
1034.999001	E. coli B promoter	1
1034.999001	E. coli C promoter	1
1034.999001	E. coli promoter A1	1
1034.999001	E. coli promoter A2	1
1034.999001	E. coli promoter A3	1
1034.999001	T7 promoter phi1.1A	1
1034.999001	T7 promoter phi1.1B	0
1034.999001	T7 promoter phi1.3	1
1034.999001	T7 promoter phi1.5	1
1034.999001	T7 promoter phi1.6	1
1034.999001	T7 promoter phi10	0
1034.999001	T7 promoter phi13	0
1034.999001	T7 promoter phi17	0
1034.999001	T7 promoter phi2.5	1
1034.999001	T7 promoter phi3.8	1
1034.999001	T7 promoter phi4.3	0
1034.999001	T7 promoter phi4.7	0
1034.999001	T7 promoter phi4c	1
1034.999001	T7 promoter phi6.5	0
1034.999001	T7 promoter phi9	0
1034.999001	bound_ecolipol	0
1034.999001	bound_ecolipol_p	633
1034.999001	bound_ribosome	2896
1034.999001	degraded_transcript	55248
1034.999001	ecoli_genome	1167
1034.999001	ecoli_transcript	35771
1034.999001	ecolipol	0
1034.999001	ecolipol-2	0
1034.999001	ecolipol-2-p	1164
1034.999001	ecolipol-p	3
1034.999001	gene 0.3	2133
1034.999001	gene 1.1	3958
1034.999001	gene 1.2	3883
1034.999001	gene 1.3	6393
1034.999001	gene 1.4	4900
1034.999001	gene 1.5	4846
1034.999001	gene 1.6	6359
1034.999001	gene 1.7	6235
1034.999001	gene 1.8	5783
1034.999001	gene 10A	33333
1034.999001	gene 11	4951
1034.999001	gene 12	3722
1034.999001	gene 13	7984
1034.999001	gene 14	6706
1034.999001	gene 15	5502
1034.999001	gene 16	4204
1034.999001	gene 17	7251
1034.999001	gene 17.5	8187
1034.999001	gene 18	7559
1034.999001	gene 18.5	7668
1034.999001	gene 18.7	6202
1034.999001	gene 19	6272
1034.999001	gene 19.2	6514
1034.999001	gene 19.3	6651
1034.999001	gene 19.5	7380
1034.999001	gene 2.5	8919
1034.999001	gene 2.8	7161
1034.999001	gene 3	5967
1034.999001	gene 3.8	8762
1034.999001	gene 4.2	7524
1034.999001	gene 4.3	9875
1034.999001	gene 4.5	11098
1034.999001	gene 4.7	10963
1034.999001	gene 4A	3919
1034.999001	gene 5	8586
1034.999001	gene 5.3	10184
1034.999001	gene 5.5	9931
1034.999001	gene 5.7	8641
1034.999001	gene 5.9	8571
1034.999001	gene 6	6598
1034.999001	gene 6.3	8926
1034.999001	gene 6.5	12406
1034.999001	gene 6.7	10583
1034.999001	gene 7	11410
1034.999001	gene 7.3	12468
1034.999001	gene 7.7	12584
1034.999001	gene 8	7986
1034.999001	gene 9	18013
1034.999001	gp-2	5361
1034.999001	lysozyme-3.5	5688
1034.999001	protein_kinase-0.7	1763
1034.999001	rbs	33096
1034.999001	ribosome	6
1034.999001	rnapol-1	21
1034.999001	rnapol-3.5	1529
1039.999000	E. coli B promoter	1
1039.999000	E. coli C promoter	1
1039.999000	E. coli promoter A1	1
1039.999000	E. coli promoter A2	1
1039.999000	E. coli promoter A3	1
1039.999000	T7 promoter phi1.1A	1
1039.999000	T7 promoter phi1.1B	1
1039.999000	T7 promoter phi1.3	1
1039.999000	T7 promoter phi1.5	1
1039.999000	T7 promoter phi1.6	1
1039.999000	T7 promoter phi10	0
1039.999000	T7 promoter phi13	0
1039.999000	T7 promoter phi17	1
1039.999000	T7 promoter phi2.5	1
1039.999000	T7 promoter phi3.8	1
1039.999000	T7 promoter phi4.3	1
1039.999000	T7 promoter phi4.7	1
1039.999000	T7 promoter phi4c	0
1039.999000	T7 promoter phi6.5	1
1039.999000	T7 promoter phi9	0
1039.999000	bound_ecolipol	0
1039.999000	bound_ecolipol_p	617
1039.999000	bound_ribosome	2896
1039.999000	degraded_transcript	55602
1039.999000	ecoli_genome	1183
1039.999000	ecoli_transcript	35550
1039.999000	ecolipol	0
1039.999000	ecolipol-2	0
1039.999000	ecolipol-2-p	1178
1039.999000	ecolipol-p	5
1039.999000	gene 0.3	2139
1039.999000	gene 1.1	4006
1039.999000	gene 1.2	3914
1039.999000	gene 1.3	6456
1039.999000	gene 1.4	4963
1039.999000	gene 1.5	4892
1039.999000	gene 1.6	6437
1039.999000	gene 1.7	6315
1039.999000	gene 1.8	5848
1039.999000	gene 10A	33615
1039.999000	gene 11	4988
1039.999000	gene 12	3769
1039.999000	gene 13	8073
1039.999000	gene 14	6788
1039.999000	gene 15	5578
1039.999000	gene 16	4274
1039.999000	gene 17	7340
1039.999000	gene 17.5	8281
1039.999000	gene 18	7660
1039.999000	gene 18.5	7754
1039.999000	gene 18.7	6266
1039.999000	gene 19	6372
1039.999000	gene 19.2	6592
1039.999000	gene 19.3	6754
1039.999000	gene 19.5	7455
1039.999000	gene 2.5	9012
1039.999000	gene 2.8	7256
1039.999000	gene 3	6066
1039.999000	gene 3.8	8851
1039.999000	gene 4.2	7617
1039.999000	gene 4.3	9981
1039.999000	gene 4.5	11228
1039.999000	gene 4.7	11097
1039.999000	gene 4A	3982
1039.999000	gene 5	8706
1039.999000	gene 5.3	10306
1039.999000	gene 5.5	10049
1039.999000	gene 5.7	8772
1039.999000	gene 5.9	8696
1039.999000	gene 6	6691
1039.999000	gene 6.3	9041
1039.999000	gene 6.5	12566
1039.999000	gene 6.7	10718
1039.999000	gene 7	11561
1039.999000	gene 7.3	12613
1039.999000	gene 7.7	12747
1039.999000	gene 8	8109
1039.999000	gene 9	18202
1039.999000	gp-2	5442
1039.999000	lysozyme-3.5	5777
1039.999000	protein_kinase-0.7	1765
1039.999000	rbs	33457
1039.999000	ribosome	1
1039.999000	rnapol-1	14
1039.999000	rnapol-3.5	1541
1044.999001	E. coli B promoter	1
1044.999001	E. coli C promoter	1
1044.999001	E. coli promoter A1	1
1044.999001	E. coli promoter A2	1
1044.999001	E. coli promoter A3	1
1044.999001	T7 promoter phi1.1A	1
1044.999001	T7 promoter phi1.1B	1
1044.999001	T7 promoter phi1.3	0
1044.999001	T7 promoter phi1.5	1
1044.999001	T7 promoter phi1.6	1
1044.999001	T7 promoter phi10	0
1044.999001	T7 promoter phi13	1
1044.999001	T7 promoter phi17	0
1044.999001	T7 promoter phi2.5	1
1044.999001	T7 promoter phi3.8	1
1044.999001	T7 promoter phi4.3	1
1044.999001	T7 promoter phi4.7	0
1044.999001	T7 promoter phi4c	1
1044.999001	T7 promoter phi6.5	0
1044.999001	T7 promoter phi9	0
1044.999001	bound_ecolipol	0
1044.999001	bound_ecolipol_p	614
1044.999001	bound_ribosome	2814
1044.999001	degraded_transcript	55921
1044.999001	ecoli_genome	1186
1044.999001	ecoli_transcript	35432
1044.999001	ecolipol	0
1044.999001	ecolipol-2	0
1044.999001	ecolipol-2-p	1184
1044.999001	ecolipol-p	2
1044.999001	gene 0.3	2143
1044.999001	gene 1.1	4054
1044.999001	gene 1.2	3947
1044.999001	gene 1.3	6523
1044.999001	gene 1.4	5023
1044.999001	gene 1.5	4949
1044.999001	gene 1.6	6518
1044.999001	gene 1.7	6400
1044.999001	gene 1.8	5913
1044.999001	gene 10A	33905
1044.999001	gene 11	5021
1044.999001	gene 12	3824
1044.999001	gene 13	8146
1044.999001	gene 14	6884
1044.999001	gene 15	5635
1044.999001	gene 16	4343
1044.999001	gene 17	7408
1044.999001	gene 17.5	8358
1044.999001	gene 18	7739
1044.999001	gene 18.5	7857
1044.999001	gene 18.7	6328
1044.999001	gene 19	6448
1044.999001	gene 19.2	6678
1044.999001	gene 19.3	6822
1044.999001	gene 19.5	7534
1044.999001	gene 2.5	9105
1044.999001	gene 2.8	7350
1044.999001	gene 3	6156
1044.999001	gene 3.8	8961
1044.999001	gene 4.2	7723
1044.999001	gene 4.3	10102
1044.999001	gene 4.5	11347
1044.999001	gene 4.7	11226
1044.999001	gene 4A	4075
1044.999001	gene 5	8835
1044.999001	gene 5.3	10417
1044.999001	gene 5.5	10151
1044.999001	gene 5.7	8887
1044.999001	gene 5.9	8808
1044.999001	gene 6	6798
1044.999001	gene 6.3	9144
1044.999001	gene 6.5	12729
1044.999001	gene 6.7	10860
1044.999001	gene 7	11713
1044.999001	gene 7.3	12767
1044.999001	gene 7.7	12902
1044.999001	gene 8	8222
1044.999001	gene 9	18416
1044.999001	gp-2	5513
1044.999001	lysozyme-3.5	5871
1044.999001	protein_kinase-0.7	1770
1044.999001	rbs	33992
1044.999001	ribosome	4
1044.999001	rnapol-1	12
1044.999001	rnapol-3.5	1544
1049.999003	E. coli B promoter	1
1049.999003	E. coli C promoter	1
1049.999003	E. coli promoter A1	1
1049.999003	E. coli promoter A2	1
1049.999003	E. coli promoter A3	1
1049.999003	T7 promoter phi1.1A	1
1049.999003	T7 promoter phi1.1B	1
1049.999003	T7 promoter phi1.3	1
1049.999003	T7 promoter phi1.5	1
1049.999003	T7 promoter phi1.6	0
1049.999003	T7 promoter phi10	0
1049.999003	T7 promoter phi13	0
1049.999003	T7 promoter phi17	1
1049.999003	T7 promoter phi2.5	0
1049.999003	T7 promoter phi3.8	1
1049.999003	T7 promoter phi4.3	1
1049.999003	T7 promoter phi4.7	1
1049.999003	T7 promoter phi4c	1
1049.999003	T7 promoter phi6.5	0
1049.999003	T7 promoter phi9	0
1049.999003	bound_ecolipol	0
1049.999003	bound_ecolipol_p	589
1049.999003	bound_ribosome	2756
1049.999003	degraded_transcript	56251
1049.999003	ecoli_genome	1211
1049.999003	ecoli_transcript	35290
1049.999003	ecolipol	0
1049.999003	ecolipol-2	0
1049.999003	ecolipol-2-p	1207
1049.999003	ecolipol-p	4
1049.999003	gene 0.3	2146
1049.999003	gene 1.1	4114
1049.999003	gene 1.2	3980
1049.999003	gene 1.3	6593
1049.999003	gene 1.4	5083
1049.999003	gene 1.5	5002
1049.999003	gene 1.6	6589
1049.999003	gene 1.7	6475
1049.999003	gene 1.8	5988
1049.999003	gene 10A	34153
1049.999003	gene 11	5071
1049.999003	gene 12	3864
1049.999003	gene 13	8218
1049.999003	gene 14	6951
1049.999003	gene 15	5726
1049.999003	gene 16	4428
1049.999003	gene 17	7490
1049.999003	gene 17.5	8444
1049.999003	gene 18	7821
1049.999003	gene 18.5	7955
1049.999003	gene 18.7	6404
1049.999003	gene 19	6541
1049.999003	gene 19.2	6768
1049.999003	gene 19.3	6904
1049.999003	gene 19.5	7631
1049.999003	gene 2.5	9210
1049.999003	gene 2.8	7423
1049.999003	gene 3	6228
1049.999003	gene 3.8	9066
1049.999003	gene 4.2	7822
1049.999003	gene 4.3	10218
1049.999003	gene 4.5	11475
1049.999003	gene 4.7	11351
1049.999003	gene 4A	4142
1049.999003	gene 5	8974
1049.999003	gene 5.3	10535
1049.999003	gene 5.5	10281
1049.999003	gene 5.7	9007
1049.999003	gene 5.9	8942
1049.999003	gene 6	6903
1049.999003	gene 6.3	9266
1049.999003	gene 6.5	12887
1049.999003	gene 6.7	11012
1049.999003	gene 7	11873
1049.999003	gene 7.3	12920
1049.999003	gene 7.7	13047
1049.999003	gene 8	8352
1049.999003	gene 9	18595
1049.999003	gp-2	5557
1049.999003	lysozyme-3.5	5959
1049.999003	protein_kinase-0.7	1771
1049.999003	rbs	34379
1049.999003	ribosome	1
1049.999003	rnapol-1	14
1049.999003	rnapol-3.5	1557
1054.999001	E. coli B promoter	1
1054.999001	E. coli C promoter	1
1054.999001	E. coli promoter A1	1
1054.999001	E. coli promoter A2	1
1054.999001	E. coli promoter A3	1
1054.999001	T7 promoter phi1.1A	0
1054.999001	T7 promoter phi1.1B	1
1054.999001	T7 promoter phi1.3	1
1054.999001	T7 promoter phi1.5	1
1054.999001	T7 promoter phi1.6	1
1054.999001	T7 promoter phi10	0
1054.999001	T7 promoter phi13	1
1054.999001	T7 promoter phi17	0
1054.999001	T7 promoter phi2.5	0
1054.999001	T7 promoter phi3.8	1
1054.999001	T7 promoter phi4.3	1
1054.999001	T7 promoter phi4.7	0
1054.999001	T7 promoter phi4c	0
1054.999001	T7 promoter phi6.5	1
1054.999001	T7 promoter phi9	1
1054.999001	bound_ecolipol	0
1054.999001	bound_ecolipol_p	587
1054.999001	bound_ribosome	2735
1054.999001	degraded_transcript	56557
1054.999001	ecoli_genome	1213
1054.999001	ecoli_transcript	35122
1054.999001	ecolipol	0
1054.999001	ecolipol-2	0
1054.999001	ecolipol-2-p	1211
1054.999001	ecolipol-p	2
1054.999001	gene 0.3	2149
1054.999001	gene 1.1	4167
1054.999001	gene 1.2	4009
1054.999001	gene 1.3	6665
1054.999001	gene 1.4	5145
1054.999001	gene 1.5	5059
1054.999001	gene 1.6	6654
1054.999001	gene 1.7	6541
1054.999001	gene 1.8	6061
1054.999001	gene 10A	34467
1054.999001	gene 11	5118
1054.999001	gene 12	3899
1054.999001	gene 13	8307
1054.999001	gene 14	7019
1054.999001	gene 15	5791
1054.999001	gene 16	4502
1054.999001	gene 17	7566
1054.999001	gene 17.5	8533
1054.999001	gene 18	7896
1054.999001	gene 18.5	8024
1054.999001	gene 18.7	6473
1054.999001	gene 19	6630
1054.999001	gene 19.2	6846
1054.999001	gene 19.3	6968
1054.999001	gene 19.5	7722
1054.999001	gene 2.5	9305
1054.999001	gene 2.8	7508
1054.999001	gene 3	6319
1054.999001	gene 3.8	9183
1054.999001	gene 4.2	7912
1054.999001	gene 4.3	10351
1054.999001	gene 4.5	11597
1054.999001	gene 4.7	11482
1054.999001	gene 4A	4209
1054.999001	gene 5	9107
1054.999001	gene 5.3	10661
1054.999001	gene 5.5	10410
1054.999001	gene 5.7	9128
1054.999001	gene 5.9	9053
1054.999001	gene 6	7030
1054.999001	gene 6.3	9371
1054.999001	gene 6.5	13016
1054.999001	gene 6.7	11137
1054.999001	gene 7	12015
1054.999001	gene 7.3	13105
1054.999001	gene 7.7	13193
1054.999001	gene 8	8484
1054.999001	gene 9	18805
1054.999001	gp-2	5642
1054.999001	lysozyme-3.5	6053
1054.999001	protein_kinase-0.7	1772
1054.999001	rbs	34846
1054.999001	ribosome	2
1054.999001	rnapol-1	14
1054.999001	rnapol-3.5	1569
1059.999000	E. coli B promoter	1
1059.999000	E. coli C promoter	1
1059.999000	E. coli promoter A1	1
1059.999000	E. coli promoter A2	1
1059.999000	E. coli promoter A3	1
1059.999000	T7 promoter phi1.1A	1
1059.999000	T7 promoter phi1.1B	1
1059.999000	T7 promoter phi1.3	1
1059.999000	T7 promoter phi1.5	1
1059.999000	T7 promoter phi1.6	1
1059.999000	T7 promoter phi10	1
1059.999000	T7 promoter phi13	1
1059.999000	T7 promoter phi17	1
1059.999000	T7 promoter phi2.5	0
1059.999000	T7 promoter phi3.8	1
1059.999000	T7 promoter phi4.3	1
1059.999000	T7 promoter phi4.7	1
1059.999000	T7 promoter phi4c	1
1059.999000	T7 promoter phi6.5	0
1059.999000	T7 promoter phi9	0
1059.999000	bound_ecolipol	0
1059.999000	bound_ecolipol_p	591
1059.999000	bound_ribosome	2612
1059.999000	degraded_transcript	56908
1059.999000	ecoli_genome	1209
1059.999000	ecoli_transcript	35006
1059.999000	ecolipol	0
1059.999000	ecolipol-2	0
1059.999000	ecolipol-2-p	1200
1059.999000	ecolipol-p	9
1059.999000	gene 0.3	2151
1059.999000	gene 1.1	4218
1059.999000	gene 1.2	4034
1059.999000	gene 1.3	6729
1059.999000	gene 1.4	5204
1059.999000	gene 1.5	5117
1059.999000	gene 1.6	6725
1059.999000	gene 1.7	6624
1059.999000	gene 1.8	6138
1059.999000	gene 10A	34746
1059.999000	gene 11	5150
1059.999000	gene 12	3947
1059.999000	gene 13	8388
1059.999000	gene 14	7096
1059.999000	gene 15	5865
1059.999000	gene 16	4578
1059.999000	gene 17	7665
1059.999000	gene 17.5	8609
1059.999000	gene 18	7968
1059.999000	gene 18.5	8109
1059.999000	gene 18.7	6551
1059.999000	gene 19	6717
1059.999000	gene 19.2	6935
1059.999000	gene 19.3	7047
1059.999000	gene 19.5	7792
1059.999000	gene 2.5	9419
1059.999000	gene 2.8	7598
1059.999000	gene 3	6416
1059.999000	gene 3.8	9271
1059.999000	gene 4.2	8016
1059.999000	gene 4.3	10484
1059.999000	gene 4.5	11727
1059.999000	gene 4.7	11622
1059.999000	gene 4A	4280
1059.999000	gene 5	9228
1059.999000	gene 5.3	10766
1059.999000	gene 5.5	10527
1059.999000	gene 5.7	9251
1059.999000	gene 5.9	9164
1059.999000	gene 6	7130
1059.999000	gene 6.3	9490
1059.999000	gene 6.5	13152
1059.999000	gene 6.7	11286
1059.999000	gene 7	12161
1059.999000	gene 7.3	13249
1059.999000	gene 7.7	13340
1059.999000	gene 8	8612
1059.999000	gene 9	19022
1059.999000	gp-2	5747
1059.999000	lysozyme-3.5	6149
1059.999000	protein_kinase-0.7	1774
1059.999000	rbs	35271
1059.999000	ribosome	2
1059.999000	rnapol-1	12
1059.999000	rnapol-3.5	1579
1064.999001	E. coli B promoter	1
1064.999001	E. coli C promoter	1
1064.999001	E. coli promoter A1	1
1064.999001	E. coli promoter A2	1
1064.999001	E. coli promoter A3	1
1064.999001	T7 promoter phi1.1A	1
1064.999001	T7 promoter phi1.1B	1
1064.999001	T7 promoter phi1.3	1
1064.999001	T7 promoter phi1.5	1
1064.999001	T7 promoter phi1.6	0
1064.999001	T7 promoter phi10	0
1064.999001	T7 promoter phi13	1
1064.999001	T7 promoter phi17	1
1064.999001	T7 promoter phi2.5	0
1064.999001	T7 promoter phi3.8	1
1064.999001	T7 promoter phi4.3	1
1064.999001	T7 promoter phi4.7	1
1064.999001	T7 promoter phi4c	0
1064.999001	T7 promoter phi6.5	0
1064.999001	T7 promoter phi9	0
1064.999001	bound_ecolipol	0
1064.999001	bound_ecolipol_p	585
1064.999001	bound_ribosome	2616
1064.999001	degraded_transcript	57217
1064.999001	ecoli_genome	1215
1064.999001	ecoli_transcript	34811
1064.999001	ecolipol	0
1064.999001	ecolipol-2	0
1064.999001	ecolipol-2-p	1210
1064.999001	ecolipol-p	5
1064.999001	gene 0.3	2156
1064.999001	gene 1.1	4265
1064.999001	gene 1.2	4068
1064.999001	gene 1.3	6798
1064.999001	gene 1.4	5270
1064.999001	gene 1.5	5166
1064.999001	gene 1.6	6810
1064.999001	gene 1.7	6707
1064.999001	gene 1.8	6209
1064.999001	gene 10A	35033
1064.999001	gene 11	5184
1064.999001	gene 12	3983
1064.999001	gene 13	8467
1064.999001	gene 14	7160
1064.999001	gene 15	5931
1064.999001	gene 16	4634
1064.999001	gene 17	7741
1064.999001	gene 17.5	8720
1064.999001	gene 18	8051
1064.999001	gene 18.5	8187
1064.999001	gene 18.7	6631
1064.999001	gene 19	6806
1064.999001	gene 19.2	7019
1064.999001	gene 19.3	7118
1064.999001	gene 19.5	7871
1064.999001	gene 2.5	9517
1064.999001	gene 2.8	7689
1064.999001	gene 3	6484
1064.999001	gene 3.8	9369
1064.999001	gene 4.2	8111
1064.999001	gene 4.3	10596
1064.999001	gene 4.5	11857
1064.999001	gene 4.7	11747
1064.999001	gene 4A	4375
1064.999001	gene 5	9363
1064.999001	gene 5.3	10866
1064.999001	gene 5.5	10667
1064.999001	gene 5.7	9356
1064.999001	gene 5.9	9282
1064.999001	gene 6	7224
1064.999001	gene 6.3	9595
1064.999001	gene 6.5	13318
1064.999001	gene 6.7	11432
1064.999001	gene 7	12307
1064.999001	gene 7.3	13400
1064.999001	gene 7.7	13501
1064.999001	gene 8	8751
1064.999001	gene 9	19221
1064.999001	gp-2	5821
1064.999001	lysozyme-3.5	6239
1064.999001	protein_kinase-0.7	1776
1064.999001	rbs	35729
1064.999001	ribosome	1
1064.999001	rnapol-1	15
1064.999001	rnapol-3.5	1588
1069.999001	E. coli B promoter	1
1069.999001	E. coli C promoter	1
1069.999001	E. coli promoter A1	1
1069.999001	E. coli promoter A2	1
1069.999001	E. coli promoter A3	1
1069.999001	T7 promoter phi1.1A	1
1069.999001	T7 promoter phi1.1B	1
1069.999001	T7 promoter phi1.3	1
1069.999001	T7 promoter phi1.5	0
1069.999001	T7 promoter phi1.6	1
1069.999001	T7 promoter phi10	0
1069.999001	T7 promoter phi13	1
1069.999001	T7 promoter phi17	0
1069.999001	T7 promoter phi2.5	1
1069.999001	T7 promoter phi3.8	1
1069.999001	T7 promoter phi4.3	0
1069.999001	T7 promoter phi4.7	1
1069.999001	T7 promoter phi4c	1
1069.999001	T7 promoter phi6.5	0
1069.999001	T7 promoter phi9	1
1069.999001	bound_ecolipol	0
1069.999001	bound_ecolipol_p	596
1069.999001	bound_ribosome	2531
1069.999001	degraded_transcript	57533
1069.999001	ecoli_genome	1204
1069.999001	ecoli_transcript	34690
1069.999001	ecolipol	0
1069.999001	ecolipol-2	0
1069.999001	ecolipol-2-p	1200
1069.999001	ecolipol-p	4
1069.999001	gene 0.3	2157
1069.999001	gene 1.1	4311
1069.999001	gene 1.2	4105
1069.999001	gene 1.3	6865
1069.999001	gene 1.4	5324
1069.999001	gene 1.5	5224
1069.999001	gene 1.6	6880
1069.999001	gene 1.7	6778
1069.999001	gene 1.8	6286
1069.999001	gene 10A	35338
1069.999001	gene 11	5225
1069.999001	gene 12	4022
1069.999001	gene 13	8535
1069.999001	gene 14	7240
1069.999001	gene 15	6003
1069.999001	gene 16	4719
1069.999001	gene 17	7819
1069.999001	gene 17.5	8804
1069.999001	gene 18	8141
1069.999001	gene 18.5	8258
1069.999001	gene 18.7	6727
1069.999001	gene 19	6890
1069.999001	gene 19.2	7103
1069.999001	gene 19.3	7196
1069.999001	gene 19.5	7955
1069.999001	gene 2.5	9606
1069.999001	gene 2.8	7785
1069.999001	gene 3	6568
1069.999001	gene 3.8	9471
1069.999001	gene 4.2	8211
1069.999001	gene 4.3	10714
1069.999001	gene 4.5	11967
1069.999001	gene 4.7	11871
1069.999001	gene 4A	4451
1069.999001	gene 5	9488
1069.999001	gene 5.3	11002
1069.999001	gene 5.5	10778
1069.999001	gene 5.7	9471
1069.999001	gene 5.9	9393
1069.999001	gene 6	7340
1069.999001	gene 6.3	9723
1069.999001	gene 6.5	13451
1069.999001	gene 6.7	11565
1069.999001	gene 7	12425
1069.999001	gene 7.3	13555
1069.999001	gene 7.7	13657
1069.999001	gene 8	8893
1069.999001	gene 9	19410
1069.999001	gp-2	5920
1069.999001	lysozyme-3.5	6336
1069.999001	protein_kinase-0.7	1780
1069.999001	rbs	36088
1069.999001	ribosome	0
1069.999001	rnapol-1	9
1069.999001	rnapol-3.5	1594
1074.999001	E. coli B promoter	1
1074.999001	E. coli C promoter	1
1074.999001	E. coli promoter A1	1
1074.999001	E. coli promoter A2	1
1074.999001	E. coli promoter A3	1
1074.999001	T7 promoter phi1.1A	1
1074.999001	T7 promoter phi1.1B	1
1074.999001	T7 promoter phi1.3	0
1074.999001	T7 promoter phi1.5	1
1074.999001	T7 promoter phi1.6	1
1074.999001	T7 promoter phi10	0
1074.999001	T7 promoter phi13	0
1074.999001	T7 promoter phi17	0
1074.999001	T7 promoter phi2.5	1
1074.999001	T7 promoter phi3.8	0
1074.999001	T7 promoter phi4.3	1
1074.999001	T7 promoter phi4.7	1
1074.999001	T7 promoter phi4c	0
1074.999001	T7 promoter phi6.5	0
1074.999001	T7 promoter phi9	1
1074.999001	bound_ecolipol	0
1074.999001	bound_ecolipol_p	572
1074.999001	bound_ribosome	2550
1074.999001	degraded_transcript	57852
1074.999001	ecoli_genome	1228
1074.999001	ecoli_transcript	34473
1074.999001	ecolipol	0
1074.999001	ecolipol-2	0
1074.999001	ecolipol-2-p	1225
1074.999001	ecolipol-p	3
1074.999001	gene 0.3	2159
1074.999001	gene 1.1	4353
1074.999001	gene 1.2	4135
1074.999001	gene 1.3	6929
1074.999001	gene 1.4	5393
1074.999001	gene 1.5	5286
1074.999001	gene 1.6	6968
1074.999001	gene 1.7	6861
1074.999001	gene 1.8	6357
1074.999001	gene 10A	35638
1074.999001	gene 11	5270
1074.999001	gene 12	4068
1074.999001	gene 13	8610
1074.999001	gene 14	7321
1074.999001	gene 15	6076
1074.999001	gene 16	4791
1074.999001	gene 17	7894
1074.999001	gene 17.5	8907
1074.999001	gene 18	8233
1074.999001	gene 18.5	8361
1074.999001	gene 18.7	6801
1074.999001	gene 19	6964
1074.999001	gene 19.2	7204
1074.999001	gene 19.3	7265
1074.999001	gene 19.5	8041
1074.999001	gene 2.5	9713
1074.999001	gene 2.8	7880
1074.999001	gene 3	6666
1074.999001	gene 3.8	9582
1074.999001	gene 4.2	8315
1074.999001	gene 4.3	10823
1074.999001	gene 4.5	12101
1074.999001	gene 4.7	12011
1074.999001	gene 4A	4524
1074.999001	gene 5	9611
1074.999001	gene 5.3	11106
1074.999001	gene 5.5	10902
1074.999001	gene 5.7	9595
1074.999001	gene 5.9	9526
1074.999001	gene 6	7440
1074.999001	gene 6.3	9818
1074.999001	gene 6.5	13594
1074.999001	gene 6.7	11703
1074.999001	gene 7	12589
1074.999001	gene 7.3	13693
1074.999001	gene 7.7	13810
1074.999001	gene 8	9034
1074.999001	gene 9	19621
1074.999001	gp-2	5976
1074.999001	lysozyme-3.5	6434
1074.999001	protein_kinase-0.7	1782
1074.999001	rbs	36516
1074.999001	ribosome	1
1074.999001	rnapol-1	16
1074.999001	rnapol-3.5	1591
1079.999002	E. coli B promoter	1
1079.999002	E. coli C promoter	1
1079.999002	E. coli promoter A1	1
1079.999002	E. coli promoter A2	1
1079.999002	E. coli promoter A3	1
1079.999002	T7 promoter phi1.1A	1
1079.999002	T7 promoter phi1.1B	1
1079.999002	T7 promoter phi1.3	1
1079.999002	T7 promoter phi1.5	1
1079.999002	T7 promoter phi1.6	1
1079.999002	T7 promoter phi10	0
1079.999002	T7 promoter phi13	1
1079.999002	T7 promoter phi17	0
1079.999002	T7 promoter phi2.5	1
1079.999002	T7 promoter phi3.8	1
1079.999002	T7 promoter phi4.3	1
1079.999002	T7 promoter phi4.7	0
1079.999002	T7 promoter phi4c	0
1079.999002	T7 promoter phi6.5	0
1079.999002	T7 promoter phi9	0
1079.999002	bound_ecolipol	0
1079.999002	bound_ecolipol_p	569
1079.999002	bound_ribosome	2510
1079.999002	degraded_transcript	58175
1079.999002	ecoli_genome	1231
1079.999002	ecoli_transcript	34298
1079.999002	ecolipol	0
1079.999002	ecolipol-2	0
1079.999002	ecolipol-2-p	1227
1079.999002	ecolipol-p	4
1079.999002	gene 0.3	2162
1079.999002	gene 1.1	4399
1079.999002	gene 1.2	4166
1079.999002	gene 1.3	7004
1079.999002	gene 1.4	5459
1079.999002	gene 1.5	5342
1079.999002	gene 1.6	7034
1079.999002	gene 1.7	6944
1079.999002	gene 1.8	6445
1079.999002	gene 10A	35915
1079.999002	gene 11	5315
1079.999002	gene 12	4111
1079.999002	gene 13	8689
1079.999002	gene 14	7381
1079.999002	gene 15	6140
1079.999002	gene 16	4859
1079.999002	gene 17	7995
1079.999002	gene 17.5	8996
1079.999002	gene 18	8296
1079.999002	gene 18.5	8449
1079.999002	gene 18.7	6886
1079.999002	gene 19	7044
1079.999002	gene 19.2	7280
1079.999002	gene 19.3	7350
1079.999002	gene 19.5	8122
1079.999002	gene 2.5	9813
1079.999002	gene 2.8	7967
1079.999002	gene 3	6762
1079.999002	gene 3.8	9703
1079.999002	gene 4.2	8431
1079.999002	gene 4.3	10956
1079.999002	gene 4.5	12207
1079.999002	gene 4.7	12137
1079.999002	gene 4A	4589
1079.999002	gene 5	9745
1079.999002	gene 5.3	11228
1079.999002	gene 5.5	11034
1079.999002	gene 5.7	9700
1079.999002	gene 5.9	9638
1079.999002	gene 6	7535
1079.999002	gene 6.3	9948
1079.999002	gene 6.5	13737
1079.999002	gene 6.7	11852
1079.999002	gene 7	12725
1079.999002	gene 7.3	13841
1079.999002	gene 7.7	13951
1079.999002	gene 8	9180
1079.999002	gene 9	19828
1079.999002	gp-2	6050
1079.999002	lysozyme-3.5	6521
1079.999002	protein_kinase-0.7	1784
1079.999002	rbs	36977
1079.999002	ribosome	0
1079.999002	rnapol-1	13
1079.999002	rnapol-3.5	1596
1084.999003	E. coli B promoter	1
1084.999003	E. coli C promoter	1
1084.999003	E. coli promoter A1	1
1084.999003	E. coli promoter A2	1
1084.999003	E. coli promoter A3	1
1084.999003	T7 promoter phi1.1A	1
1084.999003	T7 promoter phi1.1B	1
1084.999003	T7 promoter phi1.3	1
1084.999003	T7 promoter phi1.5	1
1084.999003	T7 promoter phi1.6	1
1084.999003	T7 promoter phi10	0
1084.999003	T7 promoter phi13	0
1084.999003	T7 promoter phi17	1
1084.999003	T7 promoter phi2.5	1
1084.999003	T7 promoter phi3.8	1
1084.999003	T7 promoter phi4.3	1
1084.999003	T7 promoter phi4.7	0
1084.999003	T7 promoter phi4c	1
1084.999003	T7 promoter phi6.5	0
1084.999003	T7 promoter phi9	0
1084.999003	bound_ecolipol	0
1084.999003	bound_ecolipol_p	576
1084.999003	bound_ribosome	2497
1084.999003	degraded_transcript	58506
1084.999003	ecoli_genome	1224
1084.999003	ecoli_transcript	34076
1084.999003	ecolipol	0
1084.999003	ecolipol-2	0
1084.999003	ecolipol-2-p	1223
1084.999003	ecolipol-p	1
1084.999003	gene 0.3	2166
1084.999003	gene 1.1	4454
1084.999003	gene 1.2	4200
1084.999003	gene 1.3	7068
1084.999003	gene 1.4	5527
1084.999003	gene 1.5	5400
1084.999003	gene 1.6	7108
1084.999003	gene 1.7	7023
1084.999003	gene 1.8	6522
1084.999003	gene 10A	36192
1084.999003	gene 11	5345
1084.999003	gene 12	4154
1084.999003	gene 13	8754
1084.999003	gene 14	7451
1084.999003	gene 15	6214
1084.999003	gene 16	4928
1084.999003	gene 17	8111
1084.999003	gene 17.5	9088
1084.999003	gene 18	8377
1084.999003	gene 18.5	8552
1084.999003	gene 18.7	6956
1084.999003	gene 19	7134
1084.999003	gene 19.2	7350
1084.999003	gene 19.3	7431
1084.999003	gene 19.5	8233
1084.999003	gene 2.5	9911
1084.999003	gene 2.8	8063
1084.999003	gene 3	6849
1084.999003	gene 3.8	9806
1084.999003	gene 4.2	8531
1084.999003	gene 4.3	11075
1084.999003	gene 4.5	12336
1084.999003	gene 4.7	12263
1084.999003	gene 4A	4675
1084.999003	gene 5	9877
1084.999003	gene 5.3	11356
1084.999003	gene 5.5	11157
1084.999003	gene 5.7	9822
1084.999003	gene 5.9	9751
1084.999003	gene 6	7636
1084.999003	gene 6.3	10055
1084.999003	gene 6.5	13903
1084.999003	gene 6.7	12018
1084.999003	gene 7	12850
1084.999003	gene 7.3	13979
1084.999003	gene 7.7	14108
1084.999003	gene 8	9314
1084.999003	gene 9	20035
1084.999003	gp-2	6129
1084.999003	lysozyme-3.5	6610
1084.999003	protein_kinase-0.7	1789
1084.999003	rbs	37407
1084.999003	ribosome	3
1084.999003	rnapol-1	15
1084.999003	rnapol-3.5	1596
1089.999001	E. coli B promoter	1
1089.999001	E. coli C promoter	1
1089.999001	E. coli promoter A1	1
1089.999001	E. coli promoter A2	1
1089.999001	E. coli promoter A3	1
1089.999001	T7 promoter phi1.1A	1
1089.999001	T7 promoter phi1.1B	0
1089.999001	T7 promoter phi1.3	1
1089.999001	T7 promoter phi1.5	1
1089.999001	T7 promoter phi1.6	1
1089.999001	T7 promoter phi10	0
1089.999001	T7 promoter phi13	0
1089.999001	T7 promoter phi17	0
1089.999001	T7 promoter phi2.5	1
1089.999001	T7 promoter phi3.8	1
1089.999001	T7 promoter phi4.3	1
1089.999001	T7 promoter phi4.7	0
1089.999001	T7 promoter phi4c	0
1089.999001	T7 promoter phi6.5	1
1089.999001	T7 promoter phi9	1
1089.999001	bound_ecolipol	0
1089.999001	bound_ecolipol_p	578
1089.999001	bound_ribosome	2483
1089.999001	degraded_transcript	58820
1089.999001	ecoli_genome	1222
1089.999001	ecoli_transcript	33886
1089.999001	ecolipol	0
1089.999001	ecolipol-2	0
1089.999001	ecolipol-2-p	1219
1089.999001	ecolipol-p	3
1089.999001	gene 0.3	2172
1089.999001	gene 1.1	4498
1089.999001	gene 1.2	4235
1089.999001	gene 1.3	7131
1089.999001	gene 1.4	5589
1089.999001	gene 1.5	5451
1089.999001	gene 1.6	7184
1089.999001	gene 1.7	7118
1089.999001	gene 1.8	6609
1089.999001	gene 10A	36479
1089.999001	gene 11	5383
1089.999001	gene 12	4192
1089.999001	gene 13	8829
1089.999001	gene 14	7545
1089.999001	gene 15	6286
1089.999001	gene 16	5015
1089.999001	gene 17	8198
1089.999001	gene 17.5	9180
1089.999001	gene 18	8448
1089.999001	gene 18.5	8644
1089.999001	gene 18.7	7037
1089.999001	gene 19	7232
1089.999001	gene 19.2	7433
1089.999001	gene 19.3	7514
1089.999001	gene 19.5	8328
1089.999001	gene 2.5	10025
1089.999001	gene 2.8	8149
1089.999001	gene 3	6942
1089.999001	gene 3.8	9926
1089.999001	gene 4.2	8630
1089.999001	gene 4.3	11198
1089.999001	gene 4.5	12441
1089.999001	gene 4.7	12406
1089.999001	gene 4A	4761
1089.999001	gene 5	10010
1089.999001	gene 5.3	11482
1089.999001	gene 5.5	11261
1089.999001	gene 5.7	9938
1089.999001	gene 5.9	9858
1089.999001	gene 6	7752
1089.999001	gene 6.3	10162
1089.999001	gene 6.5	14038
1089.999001	gene 6.7	12165
1089.999001	gene 7	13013
1089.999001	gene 7.3	14122
1089.999001	gene 7.7	14268
1089.999001	gene 8	9437
1089.999001	gene 9	20250
1089.999001	gp-2	6209
1089.999001	lysozyme-3.5	6687
1089.999001	protein_kinase-0.7	1793
1089.999001	rbs	37748
1089.999001	ribosome	2
1089.999001	rnapol-1	20
1089.999001	rnapol-3.5	1602
1094.999004	E. coli B promoter	1
1094.999004	E. coli C promoter	1
1094.999004	E. coli promoter A1	1
1094.999004	E. coli promoter A2	1
1094.999004	E. coli promoter A3	1
1094.999004	T7 promoter phi1.1A	1
1094.999004	T7 promoter phi1.1B	1
1094.999004	T7 promoter phi1.3	1
1094.999004	T7 promoter phi1.5	0
1094.999004	T7 promoter phi1.6	1
1094.999004	T7 promoter phi10	0
1094.999004	T7 promoter phi13	0
1094.999004	T7 promoter phi17	0
1094.999004	T7 promoter phi2.5	1
1094.999004	T7 promoter phi3.8	1
1094.999004	T7 promoter phi4.3	0
1094.999004	T7 promoter phi4.7	1
1094.999004	T7 promoter phi4c	1
1094.999004	T7 promoter phi6.5	1
1094.999004	T7 promoter phi9	0
1094.999004	bound_ecolipol	0
1094.999004	bound_ecolipol_p	579
1094.999004	bound_ribosome	2462
1094.999004	degraded_transcript	59162
1094.999004	ecoli_genome	1221
1094.999004	ecoli_transcript	33676
1094.999004	ecolipol	0
1094.999004	ecolipol-2	0
1094.999004	ecolipol-2-p	1214
1094.999004	ecolipol-p	7
1094.999004	gene 0.3	2175
1094.999004	gene 1.1	4533
1094.999004	gene 1.2	4268
1094.999004	gene 1.3	7185
1094.999004	gene 1.4	5642
1094.999004	gene 1.5	5499
1094.999004	gene 1.6	7256
1094.999004	gene 1.7	7213
1094.999004	gene 1.8	6674
1094.999004	gene 10A	36781
1094.999004	gene 11	5424
1094.999004	gene 12	4239
1094.999004	gene 13	8904
1094.999004	gene 14	7615
1094.999004	gene 15	6361
1094.999004	gene 16	5096
1094.999004	gene 17	8295
1094.999004	gene 17.5	9271
1094.999004	gene 18	8557
1094.999004	gene 18.5	8731
1094.999004	gene 18.7	7118
1094.999004	gene 19	7335
1094.999004	gene 19.2	7508
1094.999004	gene 19.3	7595
1094.999004	gene 19.5	8416
1094.999004	gene 2.5	10111
1094.999004	gene 2.8	8248
1094.999004	gene 3	7015
1094.999004	gene 3.8	10054
1094.999004	gene 4.2	8746
1094.999004	gene 4.3	11332
1094.999004	gene 4.5	12572
1094.999004	gene 4.7	12519
1094.999004	gene 4A	4839
1094.999004	gene 5	10122
1094.999004	gene 5.3	11596
1094.999004	gene 5.5	11395
1094.999004	gene 5.7	10061
1094.999004	gene 5.9	9994
1094.999004	gene 6	7851
1094.999004	gene 6.3	10287
1094.999004	gene 6.5	14198
1094.999004	gene 6.7	12297
1094.999004	gene 7	13142
1094.999004	gene 7.3	14262
1094.999004	gene 7.7	14397
1094.999004	gene 8	9574
1094.999004	gene 9	20441
1094.999004	gp-2	6305
1094.999004	lysozyme-3.5	6766
1094.999004	protein_kinase-0.7	1800
1094.999004	rbs	38145
1094.999004	ribosome	3
1094.999004	rnapol-1	18
1094.999004	rnapol-3.5	1608
1099.999001	E. coli B promoter	1
1099.999001	E. coli C promoter	1
1099.999001	E. coli promoter A1	1
1099.999001	E. coli promoter A2	1
1099.999001	E. coli promoter A3	1
1099.999001	T7 promoter phi1.1A	1
1099.999001	T7 promoter phi1.1B	1
1099.999001	T7 promoter phi1.3	0
1099.999001	T7 promoter phi1.5	1
1099.999001	T7 promoter phi1.6	0
1099.999001	T7 promoter phi10	0
1099.999001	T7 promoter phi13	1
1099.999001	T7 promoter phi17	0
1099.999001	T7 promoter phi2.5	1
1099.999001	T7 promoter phi3.8	1
1099.999001	T7 promoter phi4.3	1
1099.999001	T7 promoter phi4.7	1
1099.999001	T7 promoter phi4c	1
1099.999001	T7 promoter phi6.5	0
1099.999001	T7 promoter phi9	0
1099.999001	bound_ecolipol	0
1099.999001	bound_ecolipol_p	544
1099.999001	bound_ribosome	2403
1099.999001	degraded_transcript	59461
1099.999001	ecoli_genome	1256
1099.999001	ecoli_transcript	33571
1099.999001	ecolipol	0
1099.999001	ecolipol-2	0
1099.999001	ecolipol-2-p	1252
1099.999001	ecolipol-p	4
1099.999001	gene 0.3	2177
1099.999001	gene 1.1	4576
1099.999001	gene 1.2	4291
1099.999001	gene 1.3	7245
1099.999001	gene 1.4	5707
1099.999001	gene 1.5	5560
1099.999001	gene 1.6	7332
1099.999001	gene 1.7	7304
1099.999001	gene 1.8	6744
1099.999001	gene 10A	37058
1099.999001	gene 11	5462
1099.999001	gene 12	4279
1099.999001	gene 13	8986
1099.999001	gene 14	7701
1099.999001	gene 15	6445
1099.999001	gene 16	5161
1099.999001	gene 17	8392
1099.999001	gene 17.5	9366
1099.999001	gene 18	8650
1099.999001	gene 18.5	8817
1099.999001	gene 18.7	7191
1099.999001	gene 19	7412
1099.999001	gene 19.2	7596
1099.999001	gene 19.3	7675
1099.999001	gene 19.5	8493
1099.999001	gene 2.5	10218
1099.999001	gene 2.8	8353
1099.999001	gene 3	7108
1099.999001	gene 3.8	10154
1099.999001	gene 4.2	8863
1099.999001	gene 4.3	11454
1099.999001	gene 4.5	12679
1099.999001	gene 4.7	12638
1099.999001	gene 4A	4924
1099.999001	gene 5	10230
1099.999001	gene 5.3	11718
1099.999001	gene 5.5	11552
1099.999001	gene 5.7	10191
1099.999001	gene 5.9	10109
1099.999001	gene 6	7955
1099.999001	gene 6.3	10416
1099.999001	gene 6.5	14352
1099.999001	gene 6.7	12442
1099.999001	gene 7	13280
1099.999001	gene 7.3	14397
1099.999001	gene 7.7	14538
1099.999001	gene 8	9691
1099.999001	gene 9	20671
1099.999001	gp-2	6354
1099.999001	lysozyme-3.5	6854
1099.999001	protein_kinase-0.7	1806
1099.999001	rbs	38716
1099.999001	ribosome	2
1099.999001	rnapol-1	14
1099.999001	rnapol-3.5	1621
1104.999000	E. coli B promoter	1
1104.999000	E. coli C promoter	1
1104.999000	E. coli promoter A1	1
1104.999000	E. coli promoter A2	1
1104.999000	E. coli promoter A3	1
1104.999000	T7 promoter phi1.1A	1
1104.999000	T7 promoter phi1.1B	1
1104.999000	T7 promoter phi1.3	1
1104.999000	T7 promoter phi1.5	1
1104.999000	T7 promoter phi1.6	1
1104.999000	T7 promoter phi10	0
1104.999000	T7 promoter phi13	1
1104.999000	T7 promoter phi17	0
1104.999000	T7 promoter phi2.5	0
1104.999000	T7 promoter phi3.8	1
1104.999000	T7 promoter phi4.3	1
1104.999000	T7 promoter phi4.7	0
1104.999000	T7 promoter phi4c	1
1104.999000	T7 promoter phi6.5	0
1104.999000	T7 promoter phi9	0
1104.999000	bound_ecolipol	0
1104.999000	bound_ecolipol_p	527
1104.999000	bound_ribosome	2368
1104.999000	degraded_transcript	59801
1104.999000	ecoli_genome	1273
1104.999000	ecoli_transcript	33375
1104.999000	ecolipol	0
1104.999000	ecolipol-2	0
1104.999000	ecolipol-2-p	1268
1104.999000	ecolipol-p	5
1104.999000	gene 0.3	2183
1104.999000	gene 1.1	4627
1104.999000	gene 1.2	4317
1104.999000	gene 1.3	7293
1104.999000	gene 1.4	5768
1104.999000	gene 1.5	5615
1104.999000	gene 1.6	7406
1104.999000	gene 1.7	7385
1104.999000	gene 1.8	6810
1104.999000	gene 10A	37338
1104.999000	gene 11	5502
1104.999000	gene 12	4316
1104.999000	gene 13	9059
1104.999000	gene 14	7765
1104.999000	gene 15	6517
1104.999000	gene 16	5235
1104.999000	gene 17	8486
1104.999000	gene 17.5	9422
1104.999000	gene 18	8736
1104.999000	gene 18.5	8897
1104.999000	gene 18.7	7269
1104.999000	gene 19	7497
1104.999000	gene 19.2	7685
1104.999000	gene 19.3	7754
1104.999000	gene 19.5	8577
1104.999000	gene 2.5	10303
1104.999000	gene 2.8	8460
1104.999000	gene 3	7197
1104.999000	gene 3.8	10257
1104.999000	gene 4.2	8967
1104.999000	gene 4.3	11565
1104.999000	gene 4.5	12802
1104.999000	gene 4.7	12758
1104.999000	gene 4A	4994
1104.999000	gene 5	10344
1104.999000	gene 5.3	11832
1104.999000	gene 5.5	11661
1104.999000	gene 5.7	10313
1104.999000	gene 5.9	10197
1104.999000	gene 6	8049
1104.999000	gene 6.3	10540
1104.999000	gene 6.5	14516
1104.999000	gene 6.7	12579
1104.999000	gene 7	13420
1104.999000	gene 7.3	14548
1104.999000	gene 7.7	14681
1104.999000	gene 8	9816
1104.999000	gene 9	20882
1104.999000	gp-2	6423
1104.999000	lysozyme-3.5	6951
1104.999000	protein_kinase-0.7	1810
1104.999000	rbs	38962
1104.999000	ribosome	3
1104.999000	rnapol-1	17
1104.999000	rnapol-3.5	1620
1109.999001	E. coli B promoter	1
1109.999001	E. coli C promoter	1
1109.999001	E. coli promoter A1	1
1109.999001	E. coli promoter A2	1
1109.999001	E. coli promoter A3	1
1109.999001	T7 promoter phi1.1A	1
1109.999001	T7 promoter phi1.1B	1
1109.999001	T7 promoter phi1.3	1
1109.999001	T7 promoter phi1.5	1
1109.999001	T7 promoter phi1.6	1
1109.999001	T7 promoter phi10	0
1109.999001	T7 promoter phi13	1
1109.999001	T7 promoter phi17	1
1109.999001	T7 promoter phi2.5	1
1109.999001	T7 promoter phi3.8	1
1109.999001	T7 promoter phi4.3	0
1109.999001	T7 promoter phi4.7	0
1109.999001	T7 promoter phi4c	0
1109.999001	T7 promoter phi6.5	0
1109.999001	T7 promoter phi9	0
1109.999001	bound_ecolipol	0
1109.999001	bound_ecolipol_p	514
1109.999001	bound_ribosome	2313
1109.999001	degraded_transcript	60124
1109.999001	ecoli_genome	1286
1109.999001	ecoli_transcript	33211
1109.999001	ecolipol	0
1109.999001	ecolipol-2	0
1109.999001	ecolipol-2-p	1281
1109.999001	ecolipol-p	5
1109.999001	gene 0.3	2184
1109.999001	gene 1.1	4682
1109.999001	gene 1.2	4344
1109.999001	gene 1.3	7351
1109.999001	gene 1.4	5830
1109.999001	gene 1.5	5677
1109.999001	gene 1.6	7477
1109.999001	gene 1.7	7469
1109.999001	gene 1.8	6896
1109.999001	gene 10A	37623
1109.999001	gene 11	5542
1109.999001	gene 12	4357
1109.999001	gene 13	9134
1109.999001	gene 14	7829
1109.999001	gene 15	6605
1109.999001	gene 16	5295
1109.999001	gene 17	8580
1109.999001	gene 17.5	9509
1109.999001	gene 18	8834
1109.999001	gene 18.5	8985
1109.999001	gene 18.7	7355
1109.999001	gene 19	7592
1109.999001	gene 19.2	7779
1109.999001	gene 19.3	7844
1109.999001	gene 19.5	8671
1109.999001	gene 2.5	10405
1109.999001	gene 2.8	8568
1109.999001	gene 3	7273
1109.999001	gene 3.8	10378
1109.999001	gene 4.2	9081
1109.999001	gene 4.3	11681
1109.999001	gene 4.5	12928
1109.999001	gene 4.7	12874
1109.999001	gene 4A	5089
1109.999001	gene 5	10480
1109.999001	gene 5.3	11971
1109.999001	gene 5.5	11787
1109.999001	gene 5.7	10449
1109.999001	gene 5.9	10319
1109.999001	gene 6	8165
1109.999001	gene 6.3	10654
1109.999001	gene 6.5	14695
1109.999001	gene 6.7	12699
1109.999001	gene 7	13580
1109.999001	gene 7.3	14711
1109.999001	gene 7.7	14841
1109.999001	gene 8	9943
1109.999001	gene 9	21057
1109.999001	gp-2	6500
1109.999001	lysozyme-3.5	7025
1109.999001	protein_kinase-0.7	1816
1109.999001	rbs	39356
1109.999001	ribosome	0
1109.999001	rnapol-1	14
1109.999001	rnapol-3.5	1633
1114.999001	E. coli B promoter	1
1114.999001	E. coli C promoter	1
1114.999001	E. coli promoter A1	1
1114.999001	E. coli promoter A2	1
1114.999001	E. coli promoter A3	1
1114.999001	T7 promoter phi1.1A	1
1114.999001	T7 promoter phi1.1B	1
1114.999001	T7 promoter phi1.3	1
1114.999001	T7 promoter phi1.5	0
1114.999001	T7 promoter phi1.6	1
1114.999001	T7 promoter phi10	0
1114.999001	T7 promoter phi13	0
1114.999001	T7 promoter phi17	1
1114.999001	T7 promoter phi2.5	0
1114.999001	T7 promoter phi3.8	1
1114.999001	T7 promoter phi4.3	1
1114.999001	T7 promoter phi4.7	1
1114.999001	T7 promoter phi4c	1
1114.999001	T7 promoter phi6.5	1
1114.999001	T7 promoter phi9	1
1114.999001	bound_ecolipol	0
1114.999001	bound_ecolipol_p	509
1114.999001	bound_ribosome	2263
1114.999001	degraded_transcript	60450
1114.999001	ecoli_genome	1291
1114.999001	ecoli_transcript	33049
1114.999001	ecolipol	0
1114.999001	ecolipol-2	0
1114.999001	ecolipol-2-p	1286
1114.999001	ecolipol-p	5
1114.999001	gene 0.3	2186
1114.999001	gene 1.1	4720
1114.999001	gene 1.2	4376
1114.999001	gene 1.3	7411
1114.999001	gene 1.4	5893
1114.999001	gene 1.5	5728
1114.999001	gene 1.6	7551
1114.999001	gene 1.7	7557
1114.999001	gene 1.8	6956
1114.999001	gene 10A	37899
1114.999001	gene 11	5584
1114.999001	gene 12	4402
1114.999001	gene 13	9214
1114.999001	gene 14	7889
1114.999001	gene 15	6675
1114.999001	gene 16	5375
1114.999001	gene 17	8677
1114.999001	gene 17.5	9587
1114.999001	gene 18	8920
1114.999001	gene 18.5	9065
1114.999001	gene 18.7	7443
1114.999001	gene 19	7674
1114.999001	gene 19.2	7861
1114.999001	gene 19.3	7921
1114.999001	gene 19.5	8743
1114.999001	gene 2.5	10515
1114.999001	gene 2.8	8646
1114.999001	gene 3	7364
1114.999001	gene 3.8	10492
1114.999001	gene 4.2	9188
1114.999001	gene 4.3	11802
1114.999001	gene 4.5	13047
1114.999001	gene 4.7	13008
1114.999001	gene 4A	5176
1114.999001	gene 5	10603
1114.999001	gene 5.3	12082
1114.999001	gene 5.5	11925
1114.999001	gene 5.7	10568
1114.999001	gene 5.9	10425
1114.999001	gene 6	8288
1114.999001	gene 6.3	10771
1114.999001	gene 6.5	14859
1114.999001	gene 6.7	12851
1114.999001	gene 7	13747
1114.999001	gene 7.3	14861
1114.999001	gene 7.7	15001
1114.999001	gene 8	10067
1114.999001	gene 9	21264
1114.999001	gp-2	6584
1114.999001	lysozyme-3.5	7121
1114.999001	protein_kinase-0.7	1824
1114.999001	rbs	39807
1114.999001	ribosome	3
1114.999001	rnapol-1	11
1114.999001	rnapol-3.5	1650
1119.999000	E. coli B promoter	1
1119.999000	E. coli C promoter	1
1119.999000	E. coli promoter A1	1
1119.999000	E. coli promoter A2	1
1119.999000	E. coli promoter A3	1
1119.999000	T7 promoter phi1.1A	1
1119.999000	T7 promoter phi1.1B	1
1119.999000	T7 promoter phi1.3	0
1119.999000	T7 promoter phi1.5	1
1119.999000	T7 promoter phi1.6	1
1119.999000	T7 promoter phi10	0
1119.999000	T7 promoter phi13	1
1119.999000	T7 promoter phi17	0
1119.999000	T7 promoter phi2.5	1
1119.999000	T7 promoter phi3.8	1
1119.999000	T7 promoter phi4.3	1
1119.999000	T7 promoter phi4.7	0
1119.999000	T7 promoter phi4c	0
1119.999000	T7 promoter phi6.5	0
1119.999000	T7 promoter phi9	1
1119.999000	bound_ecolipol	0
1119.999000	bound_ecolipol_p	522
1119.999000	bound_ribosome	2223
1119.999000	degraded_transcript	60764
1119.999000	ecoli_genome	1278
1119.999000	ecoli_transcript	32865
1119.999000	ecolipol	0
1119.999000	ecolipol-2	0
1119.999000	ecolipol-2-p	1275
1119.999000	ecolipol-p	3
1119.999000	gene 0.3	2188
1119.999000	gene 1.1	4757
1119.999000	gene 1.2	4410
1119.999000	gene 1.3	7474
1119.999000	gene 1.4	5959
1119.999000	gene 1.5	5786
1119.999000	gene 1.6	7618
1119.999000	gene 1.7	7641
1119.999000	gene 1.8	7034
1119.999000	gene 10A	38172
1119.999000	gene 11	5622
1119.999000	gene 12	4451
1119.999000	gene 13	9292
1119.999000	gene 14	7955
1119.999000	gene 15	6754
1119.999000	gene 16	5464
1119.999000	gene 17	8770
1119.999000	gene 17.5	9680
1119.999000	gene 18	9012
1119.999000	gene 18.5	9162
1119.999000	gene 18.7	7518
1119.999000	gene 19	7755
1119.999000	gene 19.2	7945
1119.999000	gene 19.3	7999
1119.999000	gene 19.5	8835
1119.999000	gene 2.5	10605
1119.999000	gene 2.8	8755
1119.999000	gene 3	7451
1119.999000	gene 3.8	10600
1119.999000	gene 4.2	9279
1119.999000	gene 4.3	11933
1119.999000	gene 4.5	13175
1119.999000	gene 4.7	13107
1119.999000	gene 4A	5263
1119.999000	gene 5	10742
1119.999000	gene 5.3	12223
1119.999000	gene 5.5	12021
1119.999000	gene 5.7	10699
1119.999000	gene 5.9	10562
1119.999000	gene 6	8416
1119.999000	gene 6.3	10877
1119.999000	gene 6.5	15007
1119.999000	gene 6.7	12996
1119.999000	gene 7	13909
1119.999000	gene 7.3	15012
1119.999000	gene 7.7	15152
1119.999000	gene 8	10191
1119.999000	gene 9	21471
1119.999000	gp-2	6691
1119.999000	lysozyme-3.5	7225
1119.999000	protein_kinase-0.7	1828
1119.999000	rbs	40087
1119.999000	ribosome	1
1119.999000	rnapol-1	19
1119.999000	rnapol-3.5	1642
1124.999001	E. coli B promoter	1
1124.999001	E. coli C promoter	1
1124.999001	E. coli promoter A1	1
1124.999001	E. coli promoter A2	1
1124.999001	E. coli promoter A3	1
1124.999001	T7 promoter phi1.1A	1
1124.999001	T7 promoter phi1.1B	1
1124.999001	T7 promoter phi1.3	1
1124.999001	T7 promoter phi1.5	1
1124.999001	T7 promoter phi1.6	1
1124.999001	T7 promoter phi10	0
1124.999001	T7 promoter phi13	0
1124.999001	T7 promoter phi17	0
1124.999001	T7 promoter phi2.5	1
1124.999001	T7 promoter phi3.8	1
1124.999001	T7 promoter phi4.3	0
1124.999001	T7 promoter phi4.7	0
1124.999001	T7 promoter phi4c	0
1124.999001	T7 promoter phi6.5	0
1124.999001	T7 promoter phi9	1
1124.999001	bound_ecolipol	0
1124.999001	bound_ecolipol_p	518
1124.999001	bound_ribosome	2198
1124.999001	degraded_transcript	61085
1124.999001	ecoli_genome	1282
1124.999001	ecoli_transcript	32679
1124.999001	ecolipol	0
1124.999001	ecolipol-2	0
1124.999001	ecolipol-2-p	1277
1124.999001	ecolipol-p	5
1124.999001	gene 0.3	2190
1124.999001	gene 1.1	4809
1124.999001	gene 1.2	4445
1124.999001	gene 1.3	7535
1124.999001	gene 1.4	6034
1124.999001	gene 1.5	5841
1124.999001	gene 1.6	7702
1124.999001	gene 1.7	7733
1124.999001	gene 1.8	7098
1124.999001	gene 10A	38446
1124.999001	gene 11	5666
1124.999001	gene 12	4495
1124.999001	gene 13	9372
1124.999001	gene 14	8018
1124.999001	gene 15	6813
1124.999001	gene 16	5563
1124.999001	gene 17	8840
1124.999001	gene 17.5	9767
1124.999001	gene 18	9097
1124.999001	gene 18.5	9238
1124.999001	gene 18.7	7584
1124.999001	gene 19	7839
1124.999001	gene 19.2	8027
1124.999001	gene 19.3	8086
1124.999001	gene 19.5	8939
1124.999001	gene 2.5	10697
1124.999001	gene 2.8	8849
1124.999001	gene 3	7539
1124.999001	gene 3.8	10713
1124.999001	gene 4.2	9383
1124.999001	gene 4.3	12068
1124.999001	gene 4.5	13303
1124.999001	gene 4.7	13226
1124.999001	gene 4A	5347
1124.999001	gene 5	10857
1124.999001	gene 5.3	12333
1124.999001	gene 5.5	12139
1124.999001	gene 5.7	10819
1124.999001	gene 5.9	10703
1124.999001	gene 6	8529
1124.999001	gene 6.3	11001
1124.999001	gene 6.5	15162
1124.999001	gene 6.7	13136
1124.999001	gene 7	14048
1124.999001	gene 7.3	15157
1124.999001	gene 7.7	15315
1124.999001	gene 8	10333
1124.999001	gene 9	21662
1124.999001	gp-2	6774
1124.999001	lysozyme-3.5	7300
1124.999001	protein_kinase-0.7	1832
1124.999001	rbs	40510
1124.999001	ribosome	0
1124.999001	rnapol-1	18
1124.999001	rnapol-3.5	1643
1129.999000	E. coli B promoter	1
1129.999000	E. coli C promoter	1
1129.999000	E. coli promoter A1	1
1129.999000	E. coli promoter A2	1
1129.999000	E. coli promoter A3	1
1129.999000	T7 promoter phi1.1A	1
1129.999000	T7 promoter phi1.1B	1
1129.999000	T7 promoter phi1.3	1
1129.999000	T7 promoter phi1.5	1
1129.999000	T7 promoter phi1.6	1
1129.999000	T7 promoter phi10	0
1129.999000	T7 promoter phi13	1
1129.999000	T7 promoter phi17	1
1129.999000	T7 promoter phi2.5	1
1129.999000	T7 promoter phi3.8	0
1129.999000	T7 promoter phi4.3	0
1129.999000	T7 promoter phi4.7	1
1129.999000	T7 promoter phi4c	1
1129.999000	T7 promoter phi6.5	0
1129.999000	T7 promoter phi9	0
1129.999000	bound_ecolipol	0
1129.999000	bound_ecolipol_p	504
1129.999000	bound_ribosome	2129
1129.999000	degraded_transcript	61404
1129.999000	ecoli_genome	1296
1129.999000	ecoli_transcript	32540
1129.999000	ecolipol	0
1129.999000	ecolipol-2	0
1129.999000	ecolipol-2-p	1291
1129.999000	ecolipol-p	5
1129.999000	gene 0.3	2192
1129.999000	gene 1.1	4852
1129.999000	gene 1.2	4471
1129.999000	gene 1.3	7598
1129.999000	gene 1.4	6106
1129.999000	gene 1.5	5887
1129.999000	gene 1.6	7775
1129.999000	gene 1.7	7822
1129.999000	gene 1.8	7192
1129.999000	gene 10A	38735
1129.999000	gene 11	5700
1129.999000	gene 12	4534
1129.999000	gene 13	9445
1129.999000	gene 14	8097
1129.999000	gene 15	6893
1129.999000	gene 16	5634
1129.999000	gene 17	8922
1129.999000	gene 17.5	9856
1129.999000	gene 18	9196
1129.999000	gene 18.5	9316
1129.999000	gene 18.7	7673
1129.999000	gene 19	7916
1129.999000	gene 19.2	8108
1129.999000	gene 19.3	8174
1129.999000	gene 19.5	9044
1129.999000	gene 2.5	10809
1129.999000	gene 2.8	8938
1129.999000	gene 3	7614
1129.999000	gene 3.8	10818
1129.999000	gene 4.2	9483
1129.999000	gene 4.3	12183
1129.999000	gene 4.5	13428
1129.999000	gene 4.7	13353
1129.999000	gene 4A	5426
1129.999000	gene 5	10988
1129.999000	gene 5.3	12456
1129.999000	gene 5.5	12271
1129.999000	gene 5.7	10922
1129.999000	gene 5.9	10818
1129.999000	gene 6	8642
1129.999000	gene 6.3	11111
1129.999000	gene 6.5	15327
1129.999000	gene 6.7	13276
1129.999000	gene 7	14200
1129.999000	gene 7.3	15305
1129.999000	gene 7.7	15479
1129.999000	gene 8	10453
1129.999000	gene 9	21860
1129.999000	gp-2	6852
1129.999000	lysozyme-3.5	7373
1129.999000	protein_kinase-0.7	1837
1129.999000	rbs	40959
1129.999000	ribosome	2
1129.999000	rnapol-1	15
1129.999000	rnapol-3.5	1640
1134.999005	E. coli B promoter	1
1134.999005	E. coli C promoter	1
1134.999005	E. coli promoter A1	1
1134.999005	E. coli promoter A2	1
1134.999005	E. coli promoter A3	1
1134.999005	T7 promoter phi1.1A	1
1134.999005	T7 promoter phi1.1B	1
1134.999005	T7 promoter phi1.3	1
1134.999005	T7 promoter phi1.5	1
1134.999005	T7 promoter phi1.6	1
1134.999005	T7 promoter phi10	0
1134.999005	T7 promoter phi13	0
1134.999005	T7 promoter phi17	1
1134.999005	T7 promoter phi2.5	1
1134.999005	T7 promoter phi3.8	1
1134.999005	T7 promoter phi4.3	0
1134.999005	T7 promoter phi4.7	1
1134.999005	T7 promoter phi4c	0
1134.999005	T7 promoter phi6.5	1
1134.999005	T7 promoter phi9	0
1134.999005	bound_ecolipol	0
1134.999005	bound_ecolipol_p	503
1134.999005	bound_ribosome	2070
1134.999005	degraded_transcript	61726
1134.999005	ecoli_genome	1297
1134.999005	ecoli_transcript	32391
1134.999005	ecolipol	0
1134.999005	ecolipol-2	0
1134.999005	ecolipol-2-p	1295
1134.999005	ecolipol-p	2
1134.999005	gene 0.3	2198
1134.999005	gene 1.1	4906
1134.999005	gene 1.2	4503
1134.999005	gene 1.3	7669
1134.999005	gene 1.4	6164
1134.999005	gene 1.5	5948
1134.999005	gene 1.6	7859
1134.999005	gene 1.7	7910
1134.999005	gene 1.8	7261
1134.999005	gene 10A	38982
1134.999005	gene 11	5745
1134.999005	gene 12	4591
1134.999005	gene 13	9523
1134.999005	gene 14	8168
1134.999005	gene 15	6978
1134.999005	gene 16	5708
1134.999005	gene 17	9000
1134.999005	gene 17.5	9934
1134.999005	gene 18	9281
1134.999005	gene 18.5	9388
1134.999005	gene 18.7	7753
1134.999005	gene 19	8013
1134.999005	gene 19.2	8198
1134.999005	gene 19.3	8245
1134.999005	gene 19.5	9123
1134.999005	gene 2.5	10910
1134.999005	gene 2.8	9031
1134.999005	gene 3	7699
1134.999005	gene 3.8	10919
1134.999005	gene 4.2	9584
1134.999005	gene 4.3	12310
1134.999005	gene 4.5	13548
1134.999005	gene 4.7	13464
1134.999005	gene 4A	5501
1134.999005	gene 5	11110
1134.999005	gene 5.3	12605
1134.999005	gene 5.5	12377
1134.999005	gene 5.7	11026
1134.999005	gene 5.9	10947
1134.999005	gene 6	8743
1134.999005	gene 6.3	11216
1134.999005	gene 6.5	15491
1134.999005	gene 6.7	13402
1134.999005	gene 7	14346
1134.999005	gene 7.3	15467
1134.999005	gene 7.7	15621
1134.999005	gene 8	10595
1134.999005	gene 9	22063
1134.999005	gp-2	6920
1134.999005	lysozyme-3.5	7468
1134.999005	protein_kinase-0.7	1838
1134.999005	rbs	41328
1134.999005	ribosome	0
1134.999005	rnapol-1	19
1134.999005	rnapol-3.5	1647
1139.999004	E. coli B promoter	1
1139.999004	E. coli C promoter	1
1139.999004	E. coli promoter A1	1
1139.999004	E. coli promoter A2	1
1139.999004	E. coli promoter A3	1
1139.999004	T7 promoter phi1.1A	1
1139.999004	T7 promoter phi1.1B	1
1139.999004	T7 promoter phi1.3	0
1139.999004	T7 promoter phi1.5	1
1139.999004	T7 promoter phi1.6	1
1139.999004	T7 promoter phi10	0
1139.999004	T7 promoter phi13	0
1139.999004	T7 promoter phi17	1
1139.999004	T7 promoter phi2.5	0
1139.999004	T7 promoter phi3.8	1
1139.999004	T7 promoter phi4.3	0
1139.999004	T7 promoter phi4.7	1
1139.999004	T7 promoter phi4c	1
1139.999004	T7 promoter phi6.5	0
1139.999004	T7 promoter phi9	1
1139.999004	bound_ecolipol	0
1139.999004	bound_ecolipol_p	488
1139.999004	bound_ribosome	1998
1139.999004	degraded_transcript	61994
1139.999004	ecoli_genome	1312
1139.999004	ecoli_transcript	32313
1139.999004	ecolipol	0
1139.999004	ecolipol-2	0
1139.999004	ecolipol-2-p	1311
1139.999004	ecolipol-p	1
1139.999004	gene 0.3	2200
1139.999004	gene 1.1	4954
1139.999004	gene 1.2	4526
1139.999004	gene 1.3	7734
1139.999004	gene 1.4	6228
1139.999004	gene 1.5	6015
1139.999004	gene 1.6	7941
1139.999004	gene 1.7	7986
1139.999004	gene 1.8	7329
1139.999004	gene 10A	39257
1139.999004	gene 11	5789
1139.999004	gene 12	4629
1139.999004	gene 13	9597
1139.999004	gene 14	8239
1139.999004	gene 15	7062
1139.999004	gene 16	5758
1139.999004	gene 17	9083
1139.999004	gene 17.5	10029
1139.999004	gene 18	9371
1139.999004	gene 18.5	9497
1139.999004	gene 18.7	7830
1139.999004	gene 19	8098
1139.999004	gene 19.2	8286
1139.999004	gene 19.3	8330
1139.999004	gene 19.5	9199
1139.999004	gene 2.5	11012
1139.999004	gene 2.8	9139
1139.999004	gene 3	7791
1139.999004	gene 3.8	11024
1139.999004	gene 4.2	9686
1139.999004	gene 4.3	12432
1139.999004	gene 4.5	13684
1139.999004	gene 4.7	13600
1139.999004	gene 4A	5588
1139.999004	gene 5	11243
1139.999004	gene 5.3	12738
1139.999004	gene 5.5	12497
1139.999004	gene 5.7	11150
1139.999004	gene 5.9	11068
1139.999004	gene 6	8861
1139.999004	gene 6.3	11345
1139.999004	gene 6.5	15632
1139.999004	gene 6.7	13557
1139.999004	gene 7	14507
1139.999004	gene 7.3	15625
1139.999004	gene 7.7	15764
1139.999004	gene 8	10725
1139.999004	gene 9	22284
1139.999004	gp-2	6975
1139.999004	lysozyme-3.5	7555
1139.999004	protein_kinase-0.7	1839
1139.999004	rbs	41706
1139.999004	ribosome	2
1139.999004	rnapol-1	12
1139.999004	rnapol-3.5	1650
1144.999002	E. coli B promoter	1
1144.999002	E. coli C promoter	1
1144.999002	E. coli promoter A1	1
1144.999002	E. coli promoter A2	1
1144.999002	E. coli promoter A3	1
1144.999002	T7 promoter phi1.1A	1
1144.999002	T7 promoter phi1.1B	1
1144.999002	T7 promoter phi1.3	0
1144.999002	T7 promoter phi1.5	1
1144.999002	T7 promoter phi1.6	1
1144.999002	T7 promoter phi10	0
1144.999002	T7 promoter phi13	1
1144.999002	T7 promoter phi17	0
1144.999002	T7 promoter phi2.5	0
1144.999002	T7 promoter phi3.8	1
1144.999002	T7 promoter phi4.3	0
1144.999002	T7 promoter phi4.7	0
1144.999002	T7 promoter phi4c	1
1144.999002	T7 promoter phi6.5	1
1144.999002	T7 promoter phi9	0
1144.999002	bound_ecolipol	0
1144.999002	bound_ecolipol_p	503
1144.999002	bound_ribosome	1976
1144.999002	degraded_transcript	62335
1144.999002	ecoli_genome	1297
1144.999002	ecoli_transcript	32086
1144.999002	ecolipol	0
1144.999002	ecolipol-2	0
1144.999002	ecolipol-2-p	1291
1144.999002	ecolipol-p	6
1144.999002	gene 0.3	2206
1144.999002	gene 1.1	4995
1144.999002	gene 1.2	4556
1144.999002	gene 1.3	7802
1144.999002	gene 1.4	6286
1144.999002	gene 1.5	6081
1144.999002	gene 1.6	7996
1144.999002	gene 1.7	8077
1144.999002	gene 1.8	7407
1144.999002	gene 10A	39515
1144.999002	gene 11	5820
1144.999002	gene 12	4664
1144.999002	gene 13	9668
1144.999002	gene 14	8316
1144.999002	gene 15	7131
1144.999002	gene 16	5844
1144.999002	gene 17	9157
1144.999002	gene 17.5	10108
1144.999002	gene 18	9457
1144.999002	gene 18.5	9575
1144.999002	gene 18.7	7930
1144.999002	gene 19	8182
1144.999002	gene 19.2	8357
1144.999002	gene 19.3	8414
1144.999002	gene 19.5	9281
1144.999002	gene 2.5	11123
1144.999002	gene 2.8	9220
1144.999002	gene 3	7892
1144.999002	gene 3.8	11133
1144.999002	gene 4.2	9789
1144.999002	gene 4.3	12541
1144.999002	gene 4.5	13811
1144.999002	gene 4.7	13736
1144.999002	gene 4A	5668
1144.999002	gene 5	11378
1144.999002	gene 5.3	12866
1144.999002	gene 5.5	12623
1144.999002	gene 5.7	11269
1144.999002	gene 5.9	11174
1144.999002	gene 6	8962
1144.999002	gene 6.3	11455
1144.999002	gene 6.5	15797
1144.999002	gene 6.7	13697
1144.999002	gene 7	14656
1144.999002	gene 7.3	15774
1144.999002	gene 7.7	15915
1144.999002	gene 8	10870
1144.999002	gene 9	22514
1144.999002	gp-2	7072
1144.999002	lysozyme-3.5	7640
1144.999002	protein_kinase-0.7	1841
1144.999002	rbs	42077
1144.999002	ribosome	1
1144.999002	rnapol-1	13
1144.999002	rnapol-3.5	1658
1149.999003	E. coli B promoter	1
1149.999003	E. coli C promoter	1
1149.999003	E. coli promoter A1	1
1149.999003	E. coli promoter A2	1
1149.999003	E. coli promoter A3	1
1149.999003	T7 promoter phi1.1A	1
1149.999003	T7 promoter phi1.1B	1
1149.999003	T7 promoter phi1.3	1
1149.999003	T7 promoter phi1.5	1
1149.999003	T7 promoter phi1.6	1
1149.999003	T7 promoter phi10	0
1149.999003	T7 promoter phi13	0
1149.999003	T7 promoter phi17	0
1149.999003	T7 promoter phi2.5	1
1149.999003	T7 promoter phi3.8	1
1149.999003	T7 promoter phi4.3	1
1149.999003	T7 promoter phi4.7	1
1149.999003	T7 promoter phi4c	1
1149.999003	T7 promoter phi6.5	1
1149.999003	T7 promoter phi9	1
1149.999003	bound_ecolipol	0
1149.999003	bound_ecolipol_p	502
1149.999003	bound_ribosome	1957
1149.999003	degraded_transcript	62631
1149.999003	ecoli_genome	1298
1149.999003	ecoli_transcript	31914
1149.999003	ecolipol	0
1149.999003	ecolipol-2	0
1149.999003	ecolipol-2-p	1295
1149.999003	ecolipol-p	3
1149.999003	gene 0.3	2211
1149.999003	gene 1.1	5033
1149.999003	gene 1.2	4590
1149.999003	gene 1.3	7868
1149.999003	gene 1.4	6354
1149.999003	gene 1.5	6141
1149.999003	gene 1.6	8077
1149.999003	gene 1.7	8161
1149.999003	gene 1.8	7497
1149.999003	gene 10A	39813
1149.999003	gene 11	5855
1149.999003	gene 12	4703
1149.999003	gene 13	9748
1149.999003	gene 14	8374
1149.999003	gene 15	7199
1149.999003	gene 16	5912
1149.999003	gene 17	9245
1149.999003	gene 17.5	10200
1149.999003	gene 18	9541
1149.999003	gene 18.5	9668
1149.999003	gene 18.7	8007
1149.999003	gene 19	8265
1149.999003	gene 19.2	8419
1149.999003	gene 19.3	8504
1149.999003	gene 19.5	9359
1149.999003	gene 2.5	11213
1149.999003	gene 2.8	9336
1149.999003	gene 3	7968
1149.999003	gene 3.8	11241
1149.999003	gene 4.2	9888
1149.999003	gene 4.3	12666
1149.999003	gene 4.5	13944
1149.999003	gene 4.7	13861
1149.999003	gene 4A	5771
1149.999003	gene 5	11497
1149.999003	gene 5.3	13003
1149.999003	gene 5.5	12765
1149.999003	gene 5.7	11397
1149.999003	gene 5.9	11297
1149.999003	gene 6	9069
1149.999003	gene 6.3	11567
1149.999003	gene 6.5	15941
1149.999003	gene 6.7	13842
1149.999003	gene 7	14814
1149.999003	gene 7.3	15922
1149.999003	gene 7.7	16062
1149.999003	gene 8	11012
1149.999003	gene 9	22733
1149.999003	gp-2	7159
1149.999003	lysozyme-3.5	7724
1149.999003	protein_kinase-0.7	1845
1149.999003	rbs	42526
1149.999003	ribosome	0
1149.999003	rnapol-1	15
1149.999003	rnapol-3.5	1660
1154.999002	E. coli B promoter	1
1154.999002	E. coli C promoter	1
1154.999002	E. coli promoter A1	1
1154.999002	E. coli promoter A2	1
1154.999002	E. coli promoter A3	1
1154.999002	T7 promoter phi1.1A	1
1154.999002	T7 promoter phi1.1B	1
1154.999002	T7 promoter phi1.3	1
1154.999002	T7 promoter phi1.5	0
1154.999002	T7 promoter phi1.6	1
1154.999002	T7 promoter phi10	0
1154.999002	T7 promoter phi13	1
1154.999002	T7 promoter phi17	1
1154.999002	T7 promoter phi2.5	1
1154.999002	T7 promoter phi3.8	1
1154.999002	T7 promoter phi4.3	1
1154.999002	T7 promoter phi4.7	1
1154.999002	T7 promoter phi4c	1
1154.999002	T7 promoter phi6.5	1
1154.999002	T7 promoter phi9	0
1154.999002	bound_ecolipol	0
1154.999002	bound_ecolipol_p	496
1154.999002	bound_ribosome	1918
1154.999002	degraded_transcript	62918
1154.999002	ecoli_genome	1304
1154.999002	ecoli_transcript	31772
1154.999002	ecolipol	0
1154.999002	ecolipol-2	0
1154.999002	ecolipol-2-p	1303
1154.999002	ecolipol-p	1
1154.999002	gene 0.3	2213
1154.999002	gene 1.1	5077
1154.999002	gene 1.2	4620
1154.999002	gene 1.3	7941
1154.999002	gene 1.4	6418
1154.999002	gene 1.5	6207
1154.999002	gene 1.6	8151
1154.999002	gene 1.7	8241
1154.999002	gene 1.8	7578
1154.999002	gene 10A	40103
1154.999002	gene 11	5893
1154.999002	gene 12	4735
1154.999002	gene 13	9833
1154.999002	gene 14	8439
1154.999002	gene 15	7284
1154.999002	gene 16	5982
1154.999002	gene 17	9337
1154.999002	gene 17.5	10271
1154.999002	gene 18	9621
1154.999002	gene 18.5	9753
1154.999002	gene 18.7	8090
1154.999002	gene 19	8361
1154.999002	gene 19.2	8514
1154.999002	gene 19.3	8575
1154.999002	gene 19.5	9424
1154.999002	gene 2.5	11312
1154.999002	gene 2.8	9446
1154.999002	gene 3	8068
1154.999002	gene 3.8	11337
1154.999002	gene 4.2	9991
1154.999002	gene 4.3	12772
1154.999002	gene 4.5	14084
1154.999002	gene 4.7	13991
1154.999002	gene 4A	5857
1154.999002	gene 5	11622
1154.999002	gene 5.3	13144
1154.999002	gene 5.5	12897
1154.999002	gene 5.7	11503
1154.999002	gene 5.9	11432
1154.999002	gene 6	9196
1154.999002	gene 6.3	11713
1154.999002	gene 6.5	16095
1154.999002	gene 6.7	13989
1154.999002	gene 7	14959
1154.999002	gene 7.3	16069
1154.999002	gene 7.7	16215
1154.999002	gene 8	11147
1154.999002	gene 9	22948
1154.999002	gp-2	7223
1154.999002	lysozyme-3.5	7803
1154.999002	protein_kinase-0.7	1846
1154.999002	rbs	42897
1154.999002	ribosome	2
1154.999002	rnapol-1	17
1154.999002	rnapol-3.5	1659
1159.999001	E. coli B promoter	1
1159.999001	E. coli C promoter	1
1159.999001	E. coli promoter A1	1
1159.999001	E. coli promoter A2	1
1159.999001	E. coli promoter A3	1
1159.999001	T7 promoter phi1.1A	1
1159.999001	T7 promoter phi1.1B	0
1159.999001	T7 promoter phi1.3	1
1159.999001	T7 promoter phi1.5	1
1159.999001	T7 promoter phi1.6	1
1159.999001	T7 promoter phi10	0
1159.999001	T7 promoter phi13	1
1159.999001	T7 promoter phi17	0
1159.999001	T7 promoter phi2.5	1
1159.999001	T7 promoter phi3.8	0
1159.999001	T7 promoter phi4.3	1
1159.999001	T7 promoter phi4.7	0
1159.999001	T7 promoter phi4c	1
1159.999001	T7 promoter phi6.5	1
1159.999001	T7 promoter phi9	1
1159.999001	bound_ecolipol	0
1159.999001	bound_ecolipol_p	508
1159.999001	bound_ribosome	1895
1159.999001	degraded_transcript	63219
1159.999001	ecoli_genome	1292
1159.999001	ecoli_transcript	31593
1159.999001	ecolipol	0
1159.999001	ecolipol-2	0
1159.999001	ecolipol-2-p	1286
1159.999001	ecolipol-p	6
1159.999001	gene 0.3	2216
1159.999001	gene 1.1	5122
1159.999001	gene 1.2	4639
1159.999001	gene 1.3	8010
1159.999001	gene 1.4	6473
1159.999001	gene 1.5	6268
1159.999001	gene 1.6	8218
1159.999001	gene 1.7	8312
1159.999001	gene 1.8	7658
1159.999001	gene 10A	40391
1159.999001	gene 11	5942
1159.999001	gene 12	4769
1159.999001	gene 13	9908
1159.999001	gene 14	8506
1159.999001	gene 15	7368
1159.999001	gene 16	6059
1159.999001	gene 17	9426
1159.999001	gene 17.5	10356
1159.999001	gene 18	9702
1159.999001	gene 18.5	9843
1159.999001	gene 18.7	8174
1159.999001	gene 19	8446
1159.999001	gene 19.2	8592
1159.999001	gene 19.3	8677
1159.999001	gene 19.5	9514
1159.999001	gene 2.5	11410
1159.999001	gene 2.8	9540
1159.999001	gene 3	8177
1159.999001	gene 3.8	11437
1159.999001	gene 4.2	10101
1159.999001	gene 4.3	12886
1159.999001	gene 4.5	14215
1159.999001	gene 4.7	14124
1159.999001	gene 4A	5936
1159.999001	gene 5	11740
1159.999001	gene 5.3	13288
1159.999001	gene 5.5	13023
1159.999001	gene 5.7	11622
1159.999001	gene 5.9	11555
1159.999001	gene 6	9313
1159.999001	gene 6.3	11836
1159.999001	gene 6.5	16242
1159.999001	gene 6.7	14128
1159.999001	gene 7	15127
1159.999001	gene 7.3	16218
1159.999001	gene 7.7	16368
1159.999001	gene 8	11271
1159.999001	gene 9	23171
1159.999001	gp-2	7308
1159.999001	lysozyme-3.5	7910
1159.999001	protein_kinase-0.7	1851
1159.999001	rbs	43419
1159.999001	ribosome	4
1159.999001	rnapol-1	17
1159.999001	rnapol-3.5	1651
1164.999001	E. coli B promoter	1
1164.999001	E. coli C promoter	1
1164.999001	E. coli promoter A1	1
1164.999001	E. coli promoter A2	1
1164.999001	E. coli promoter A3	1
1164.999001	T7 promoter phi1.1A	1
1164.999001	T7 promoter phi1.1B	1
1164.999001	T7 promoter phi1.3	1
1164.999001	T7 promoter phi1.5	1
1164.999001	T7 promoter phi1.6	0
1164.999001	T7 promoter phi10	0
1164.999001	T7 promoter phi13	1
1164.999001	T7 promoter phi17	0
1164.999001	T7 promoter phi2.5	0
1164.999001	T7 promoter phi3.8	1
1164.999001	T7 promoter phi4.3	0
1164.999001	T7 promoter phi4.7	0
1164.999001	T7 promoter phi4c	1
1164.999001	T7 promoter phi6.5	1
1164.999001	T7 promoter phi9	0
1164.999001	bound_ecolipol	0
1164.999001	bound_ecolipol_p	489
1164.999001	bound_ribosome	1905
1164.999001	degraded_transcript	63524
1164.999001	ecoli_genome	1311
1164.999001	ecoli_transcript	31380
1164.999001	ecolipol	0
1164.999001	ecolipol-2	0
1164.999001	ecolipol-2-p	1307
1164.999001	ecolipol-p	4
1164.999001	gene 0.3	2217
1164.999001	gene 1.1	5153
1164.999001	gene 1.2	4678
1164.999001	gene 1.3	8079
1164.999001	gene 1.4	6533
1164.999001	gene 1.5	6339
1164.999001	gene 1.6	8304
1164.999001	gene 1.7	8392
1164.999001	gene 1.8	7742
1164.999001	gene 10A	40650
1164.999001	gene 11	5985
1164.999001	gene 12	4808
1164.999001	gene 13	9989
1164.999001	gene 14	8577
1164.999001	gene 15	7430
1164.999001	gene 16	6133
1164.999001	gene 17	9536
1164.999001	gene 17.5	10441
1164.999001	gene 18	9775
1164.999001	gene 18.5	9920
1164.999001	gene 18.7	8263
1164.999001	gene 19	8528
1164.999001	gene 19.2	8677
1164.999001	gene 19.3	8773
1164.999001	gene 19.5	9621
1164.999001	gene 2.5	11511
1164.999001	gene 2.8	9640
1164.999001	gene 3	8272
1164.999001	gene 3.8	11532
1164.999001	gene 4.2	10196
1164.999001	gene 4.3	12999
1164.999001	gene 4.5	14343
1164.999001	gene 4.7	14259
1164.999001	gene 4A	6037
1164.999001	gene 5	11898
1164.999001	gene 5.3	13422
1164.999001	gene 5.5	13145
1164.999001	gene 5.7	11725
1164.999001	gene 5.9	11677
1164.999001	gene 6	9408
1164.999001	gene 6.3	11964
1164.999001	gene 6.5	16393
1164.999001	gene 6.7	14266
1164.999001	gene 7	15278
1164.999001	gene 7.3	16360
1164.999001	gene 7.7	16511
1164.999001	gene 8	11393
1164.999001	gene 9	23374
1164.999001	gp-2	7367
1164.999001	lysozyme-3.5	8005
1164.999001	protein_kinase-0.7	1854
1164.999001	rbs	43882
1164.999001	ribosome	3
1164.999001	rnapol-1	14
1164.999001	rnapol-3.5	1656
1169.999001	E. coli B promoter	1
1169.999001	E. coli C promoter	1
1169.999001	E. coli promoter A1	1
1169.999001	E. coli promoter A2	1
1169.999001	E. coli promoter A3	1
1169.999001	T7 promoter phi1.1A	1
1169.999001	T7 promoter phi1.1B	0
1169.999001	T7 promoter phi1.3	1
1169.999001	T7 promoter phi1.5	1
1169.999001	T7 promoter phi1.6	1
1169.999001	T7 promoter phi10	0
1169.999001	T7 promoter phi13	1
1169.999001	T7 promoter phi17	0
1169.999001	T7 promoter phi2.5	0
1169.999001	T7 promoter phi3.8	1
1169.999001	T7 promoter phi4.3	0
1169.999001	T7 promoter phi4.7	1
1169.999001	T7 promoter phi4c	0
1169.999001	T7 promoter phi6.5	1
1169.999001	T7 promoter phi9	0
1169.999001	bound_ecolipol	0
1169.999001	bound_ecolipol_p	473
1169.999001	bound_ribosome	1864
1169.999001	degraded_transcript	63855
1169.999001	ecoli_genome	1327
1169.999001	ecoli_transcript	31197
1169.999001	ecolipol	0
1169.999001	ecolipol-2	0
1169.999001	ecolipol-2-p	1322
1169.999001	ecolipol-p	5
1169.999001	gene 0.3	2218
1169.999001	gene 1.1	5186
1169.999001	gene 1.2	4715
1169.999001	gene 1.3	8141
1169.999001	gene 1.4	6602
1169.999001	gene 1.5	6403
1169.999001	gene 1.6	8384
1169.999001	gene 1.7	8462
1169.999001	gene 1.8	7834
1169.999001	gene 10A	40929
1169.999001	gene 11	6031
1169.999001	gene 12	4856
1169.999001	gene 13	10075
1169.999001	gene 14	8649
1169.999001	gene 15	7510
1169.999001	gene 16	6206
1169.999001	gene 17	9622
1169.999001	gene 17.5	10530
1169.999001	gene 18	9865
1169.999001	gene 18.5	10025
1169.999001	gene 18.7	8342
1169.999001	gene 19	8604
1169.999001	gene 19.2	8761
1169.999001	gene 19.3	8850
1169.999001	gene 19.5	9707
1169.999001	gene 2.5	11605
1169.999001	gene 2.8	9736
1169.999001	gene 3	8370
1169.999001	gene 3.8	11639
1169.999001	gene 4.2	10299
1169.999001	gene 4.3	13122
1169.999001	gene 4.5	14477
1169.999001	gene 4.7	14376
1169.999001	gene 4A	6130
1169.999001	gene 5	12016
1169.999001	gene 5.3	13544
1169.999001	gene 5.5	13263
1169.999001	gene 5.7	11836
1169.999001	gene 5.9	11806
1169.999001	gene 6	9536
1169.999001	gene 6.3	12093
1169.999001	gene 6.5	16542
1169.999001	gene 6.7	14408
1169.999001	gene 7	15418
1169.999001	gene 7.3	16528
1169.999001	gene 7.7	16665
1169.999001	gene 8	11545
1169.999001	gene 9	23560
1169.999001	gp-2	7430
1169.999001	lysozyme-3.5	8091
1169.999001	protein_kinase-0.7	1859
1169.999001	rbs	44266
1169.999001	ribosome	3
1169.999001	rnapol-1	12
1169.999001	rnapol-3.5	1661
1174.999002	E. coli B promoter	1
1174.999002	E. coli C promoter	1
1174.999002	E. coli promoter A1	1
1174.999002	E. coli promoter A2	1
1174.999002	E. coli promoter A3	1
1174.999002	T7 promoter phi1.1A	1
1174.999002	T7 promoter phi1.1B	0
1174.999002	T7 promoter phi1.3	1
1174.999002	T7 promoter phi1.5	0
1174.999002	T7 promoter phi1.6	1
1174.999002	T7 promoter phi10	0
1174.999002	T7 promoter phi13	0
1174.999002	T7 promoter phi17	0
1174.999002	T7 promoter phi2.5	0
1174.999002	T7 promoter phi3.8	1
1174.999002	T7 promoter phi4.3	0
1174.999002	T7 promoter phi4.7	1
1174.999002	T7 promoter phi4c	1
1174.999002	T7 promoter phi6.5	0
1174.999002	T7 promoter phi9	0
1174.999002	bound_ecolipol	0
1174.999002	bound_ecolipol_p	462
1174.999002	bound_ribosome	1843
1174.999002	degraded_transcript	64156
1174.999002	ecoli_genome	1338
1174.999002	ecoli_transcript	31018
1174.999002	ecolipol	0
1174.999002	ecolipol-2	0
1174.999002	ecolipol-2-p	1333
1174.999002	ecolipol-p	5
1174.999002	gene 0.3	2222
1174.999002	gene 1.1	5234
1174.999002	gene 1.2	4743
1174.999002	gene 1.3	8208
1174.999002	gene 1.4	6661
1174.999002	gene 1.5	6473
1174.999002	gene 1.6	8460
1174.999002	gene 1.7	8543
1174.999002	gene 1.8	7907
1174.999002	gene 10A	41201
1174.999002	gene 11	6079
1174.999002	gene 12	4901
1174.999002	gene 13	10146
1174.999002	gene 14	8719
1174.999002	gene 15	7593
1174.999002	gene 16	6278
1174.999002	gene 17	9716
1174.999002	gene 17.5	10621
1174.999002	gene 18	9958
1174.999002	gene 18.5	10138
1174.999002	gene 18.7	8422
1174.999002	gene 19	8693
1174.999002	gene 19.2	8839
1174.999002	gene 19.3	8939
1174.999002	gene 19.5	9789
1174.999002	gene 2.5	11686
1174.999002	gene 2.8	9823
1174.999002	gene 3	8466
1174.999002	gene 3.8	11741
1174.999002	gene 4.2	10400
1174.999002	gene 4.3	13234
1174.999002	gene 4.5	14616
1174.999002	gene 4.7	14498
1174.999002	gene 4A	6212
1174.999002	gene 5	12150
1174.999002	gene 5.3	13678
1174.999002	gene 5.5	13392
1174.999002	gene 5.7	11967
1174.999002	gene 5.9	11925
1174.999002	gene 6	9645
1174.999002	gene 6.3	12186
1174.999002	gene 6.5	16690
1174.999002	gene 6.7	14568
1174.999002	gene 7	15554
1174.999002	gene 7.3	16702
1174.999002	gene 7.7	16817
1174.999002	gene 8	11683
1174.999002	gene 9	23761
1174.999002	gp-2	7499
1174.999002	lysozyme-3.5	8191
1174.999002	protein_kinase-0.7	1860
1174.999002	rbs	44679
1174.999002	ribosome	0
1174.999002	rnapol-1	16
1174.999002	rnapol-3.5	1659
1179.999001	E. coli B promoter	1
1179.999001	E. coli C promoter	1
1179.999001	E. coli promoter A1	1
1179.999001	E. coli promoter A2	1
1179.999001	E. coli promoter A3	1
1179.999001	T7 promoter phi1.1A	1
1179.999001	T7 promoter phi1.1B	1
1179.999001	T7 promoter phi1.3	1
1179.999001	T7 promoter phi1.5	0
1179.999001	T7 promoter phi1.6	1
1179.999001	T7 promoter phi10	0
1179.999001	T7 promoter phi13	1
1179.999001	T7 promoter phi17	0
1179.999001	T7 promoter phi2.5	1
1179.999001	T7 promoter phi3.8	1
1179.999001	T7 promoter phi4.3	0
1179.999001	T7 promoter phi4.7	0
1179.999001	T7 promoter phi4c	1
1179.999001	T7 promoter phi6.5	0
1179.999001	T7 promoter phi9	0
1179.999001	bound_ecolipol	0
1179.999001	bound_ecolipol_p	464
1179.999001	bound_ribosome	1818
1179.999001	degraded_transcript	64464
1179.999001	ecoli_genome	1336
1179.999001	ecoli_transcript	30837
1179.999001	ecolipol	0
1179.999001	ecolipol-2	0
1179.999001	ecolipol-2-p	1329
1179.999001	ecolipol-p	7
1179.999001	gene 0.3	2225
1179.999001	gene 1.1	5280
1179.999001	gene 1.2	4783
1179.999001	gene 1.3	8278
1179.999001	gene 1.4	6717
1179.999001	gene 1.5	6536
1179.999001	gene 1.6	8538
1179.999001	gene 1.7	8626
1179.999001	gene 1.8	7980
1179.999001	gene 10A	41487
1179.999001	gene 11	6127
1179.999001	gene 12	4955
1179.999001	gene 13	10222
1179.999001	gene 14	8782
1179.999001	gene 15	7664
1179.999001	gene 16	6355
1179.999001	gene 17	9796
1179.999001	gene 17.5	10715
1179.999001	gene 18	10031
1179.999001	gene 18.5	10230
1179.999001	gene 18.7	8487
1179.999001	gene 19	8779
1179.999001	gene 19.2	8919
1179.999001	gene 19.3	9016
1179.999001	gene 19.5	9889
1179.999001	gene 2.5	11778
1179.999001	gene 2.8	9908
1179.999001	gene 3	8544
1179.999001	gene 3.8	11859
1179.999001	gene 4.2	10487
1179.999001	gene 4.3	13358
1179.999001	gene 4.5	14754
1179.999001	gene 4.7	14612
1179.999001	gene 4A	6295
1179.999001	gene 5	12268
1179.999001	gene 5.3	13813
1179.999001	gene 5.5	13544
1179.999001	gene 5.7	12090
1179.999001	gene 5.9	12040
1179.999001	gene 6	9758
1179.999001	gene 6.3	12319
1179.999001	gene 6.5	16824
1179.999001	gene 6.7	14727
1179.999001	gene 7	15715
1179.999001	gene 7.3	16866
1179.999001	gene 7.7	16946
1179.999001	gene 8	11826
1179.999001	gene 9	23965
1179.999001	gp-2	7584
1179.999001	lysozyme-3.5	8283
1179.999001	protein_kinase-0.7	1861
1179.999001	rbs	45133
1179.999001	ribosome	1
1179.999001	rnapol-1	16
1179.999001	rnapol-3.5	1659
1184.999000	E. coli B promoter	1
1184.999000	E. coli C promoter	1
1184.999000	E. coli promoter A1	1
1184.999000	E. coli promoter A2	1
1184.999000	E. coli promoter A3	1
1184.999000	T7 promoter phi1.1A	1
1184.999000	T7 promoter phi1.1B	0
1184.999000	T7 promoter phi1.3	1
1184.999000	T7 promoter phi1.5	1
1184.999000	T7 promoter phi1.6	1
1184.999000	T7 promoter phi10	0
1184.999000	T7 promoter phi13	1
1184.999000	T7 promoter phi17	0
1184.999000	T7 promoter phi2.5	1
1184.999000	T7 promoter phi3.8	1
1184.999000	T7 promoter phi4.3	1
1184.999000	T7 promoter phi4.7	0
1184.999000	T7 promoter phi4c	0
1184.999000	T7 promoter phi6.5	0
1184.999000	T7 promoter phi9	1
1184.999000	bound_ecolipol	0
1184.999000	bound_ecolipol_p	473
1184.999000	bound_ribosome	1797
1184.999000	degraded_transcript	64772
1184.999000	ecoli_genome	1327
1184.999000	ecoli_transcript	30636
1184.999000	ecolipol	0
1184.999000	ecolipol-2	0
1184.999000	ecolipol-2-p	1319
1184.999000	ecolipol-p	8
1184.999000	gene 0.3	2230
1184.999000	gene 1.1	5327
1184.999000	gene 1.2	4812
1184.999000	gene 1.3	8345
1184.999000	gene 1.4	6769
1184.999000	gene 1.5	6599
1184.999000	gene 1.6	8605
1184.999000	gene 1.7	8707
1184.999000	gene 1.8	8072
1184.999000	gene 10A	41751
1184.999000	gene 11	6166
1184.999000	gene 12	4993
1184.999000	gene 13	10287
1184.999000	gene 14	8862
1184.999000	gene 15	7740
1184.999000	gene 16	6429
1184.999000	gene 17	9884
1184.999000	gene 17.5	10804
1184.999000	gene 18	10126
1184.999000	gene 18.5	10317
1184.999000	gene 18.7	8586
1184.999000	gene 19	8870
1184.999000	gene 19.2	9027
1184.999000	gene 19.3	9102
1184.999000	gene 19.5	9984
1184.999000	gene 2.5	11884
1184.999000	gene 2.8	10004
1184.999000	gene 3	8625
1184.999000	gene 3.8	11969
1184.999000	gene 4.2	10585
1184.999000	gene 4.3	13491
1184.999000	gene 4.5	14882
1184.999000	gene 4.7	14760
1184.999000	gene 4A	6363
1184.999000	gene 5	12410
1184.999000	gene 5.3	13951
1184.999000	gene 5.5	13683
1184.999000	gene 5.7	12213
1184.999000	gene 5.9	12135
1184.999000	gene 6	9876
1184.999000	gene 6.3	12431
1184.999000	gene 6.5	16983
1184.999000	gene 6.7	14878
1184.999000	gene 7	15862
1184.999000	gene 7.3	17023
1184.999000	gene 7.7	17080
1184.999000	gene 8	11970
1184.999000	gene 9	24152
1184.999000	gp-2	7682
1184.999000	lysozyme-3.5	8384
1184.999000	protein_kinase-0.7	1864
1184.999000	rbs	45616
1184.999000	ribosome	2
1184.999000	rnapol-1	8
1184.999000	rnapol-3.5	1667
1189.999003	E. coli B promoter	1
1189.999003	E. coli C promoter	1
1189.999003	E. coli promoter A1	1
1189.999003	E. coli promoter A2	1
1189.999003	E. coli promoter A3	1
1189.999003	T7 promoter phi1.1A	1
1189.999003	T7 promoter phi1.1B	1
1189.999003	T7 promoter phi1.3	0
1189.999003	T7 promoter phi1.5	0
1189.999003	T7 promoter phi1.6	1
1189.999003	T7 promoter phi10	0
1189.999003	T7 promoter phi13	1
1189.999003	T7 promoter phi17	0
1189.999003	T7 promoter phi2.5	0
1189.999003	T7 promoter phi3.8	1
1189.999003	T7 promoter phi4.3	0
1189.999003	T7 promoter phi4.7	1
1189.999003	T7 promoter phi4c	1
1189.999003	T7 promoter phi6.5	0
1189.999003	T7 promoter phi9	0
1189.999003	bound_ecolipol	0
1189.999003	bound_ecolipol_p	484
1189.999003	bound_ribosome	1795
1189.999003	degraded_transcript	65079
1189.999003	ecoli_genome	1316
1189.999003	ecoli_transcript	30406
1189.999003	ecolipol	0
1189.999003	ecolipol-2	0
1189.999003	ecolipol-2-p	1312
1189.999003	ecolipol-p	4
1189.999003	gene 0.3	2230
1189.999003	gene 1.1	5367
1189.999003	gene 1.2	4835
1189.999003	gene 1.3	8418
1189.999003	gene 1.4	6820
1189.999003	gene 1.5	6660
1189.999003	gene 1.6	8667
1189.999003	gene 1.7	8794
1189.999003	gene 1.8	8154
1189.999003	gene 10A	42033
1189.999003	gene 11	6208
1189.999003	gene 12	5028
1189.999003	gene 13	10372
1189.999003	gene 14	8954
1189.999003	gene 15	7809
1189.999003	gene 16	6517
1189.999003	gene 17	9959
1189.999003	gene 17.5	10885
1189.999003	gene 18	10221
1189.999003	gene 18.5	10400
1189.999003	gene 18.7	8666
1189.999003	gene 19	8951
1189.999003	gene 19.2	9111
1189.999003	gene 19.3	9197
1189.999003	gene 19.5	10074
1189.999003	gene 2.5	11977
1189.999003	gene 2.8	10102
1189.999003	gene 3	8716
1189.999003	gene 3.8	12070
1189.999003	gene 4.2	10699
1189.999003	gene 4.3	13612
1189.999003	gene 4.5	15004
1189.999003	gene 4.7	14889
1189.999003	gene 4A	6467
1189.999003	gene 5	12552
1189.999003	gene 5.3	14064
1189.999003	gene 5.5	13807
1189.999003	gene 5.7	12335
1189.999003	gene 5.9	12258
1189.999003	gene 6	9992
1189.999003	gene 6.3	12564
1189.999003	gene 6.5	17121
1189.999003	gene 6.7	15032
1189.999003	gene 7	15987
1189.999003	gene 7.3	17165
1189.999003	gene 7.7	17243
1189.999003	gene 8	12116
1189.999003	gene 9	24373
1189.999003	gp-2	7765
1189.999003	lysozyme-3.5	8486
1189.999003	protein_kinase-0.7	1868
1189.999003	rbs	46093
1189.999003	ribosome	1
1189.999003	rnapol-1	14
1189.999003	rnapol-3.5	1659
1194.999001	E. coli B promoter	1
1194.999001	E. coli C promoter	1
1194.999001	E. coli promoter A1	1
1194.999001	E. coli promoter A2	1
1194.999001	E. coli promoter A3	1
1194.999001	T7 promoter phi1.1A	1
1194.999001	T7 promoter phi1.1B	1
1194.999001	T7 promoter phi1.3	1
1194.999001	T7 promoter phi1.5	1
1194.999001	T7 promoter phi1.6	1
1194.999001	T7 promoter phi10	0
1194.999001	T7 promoter phi13	0
1194.999001	T7 promoter phi17	1
1194.999001	T7 promoter phi2.5	1
1194.999001	T7 promoter phi3.8	1
1194.999001	T7 promoter phi4.3	1
1194.999001	T7 promoter phi4.7	1
1194.999001	T7 promoter phi4c	1
1194.999001	T7 promoter phi6.5	1
1194.999001	T7 promoter phi9	0
1194.999001	bound_ecolipol	0
1194.999001	bound_ecolipol_p	495
1194.999001	bound_ribosome	1751
1194.999001	degraded_transcript	65384
1194.999001	ecoli_genome	1305
1194.999001	ecoli_transcript	30231
1194.999001	ecolipol	0
1194.999001	ecolipol-2	0
1194.999001	ecolipol-2-p	1302
1194.999001	ecolipol-p	3
1194.999001	gene 0.3	2231
1194.999001	gene 1.1	5405
1194.999001	gene 1.2	4863
1194.999001	gene 1.3	8476
1194.999001	gene 1.4	6882
1194.999001	gene 1.5	6712
1194.999001	gene 1.6	8742
1194.999001	gene 1.7	8874
1194.999001	gene 1.8	8241
1194.999001	gene 10A	42320
1194.999001	gene 11	6243
1194.999001	gene 12	5067
1194.999001	gene 13	10451
1194.999001	gene 14	9018
1194.999001	gene 15	7884
1194.999001	gene 16	6587
1194.999001	gene 17	10050
1194.999001	gene 17.5	10992
1194.999001	gene 18	10308
1194.999001	gene 18.5	10463
1194.999001	gene 18.7	8734
1194.999001	gene 19	9033
1194.999001	gene 19.2	9203
1194.999001	gene 19.3	9275
1194.999001	gene 19.5	10162
1194.999001	gene 2.5	12067
1194.999001	gene 2.8	10191
1194.999001	gene 3	8808
1194.999001	gene 3.8	12177
1194.999001	gene 4.2	10795
1194.999001	gene 4.3	13741
1194.999001	gene 4.5	15127
1194.999001	gene 4.7	15031
1194.999001	gene 4A	6533
1194.999001	gene 5	12684
1194.999001	gene 5.3	14178
1194.999001	gene 5.5	13943
1194.999001	gene 5.7	12466
1194.999001	gene 5.9	12382
1194.999001	gene 6	10112
1194.999001	gene 6.3	12668
1194.999001	gene 6.5	17281
1194.999001	gene 6.7	15171
1194.999001	gene 7	16130
1194.999001	gene 7.3	17324
1194.999001	gene 7.7	17375
1194.999001	gene 8	12245
1194.999001	gene 9	24570
1194.999001	gp-2	7860
1194.999001	lysozyme-3.5	8593
1194.999001	protein_kinase-0.7	1869
1194.999001	rbs	46558
1194.999001	ribosome	1
1194.999001	rnapol-1	12
1194.999001	rnapol-3.5	1654
1199.999000	E. coli B promoter	1
1199.999000	E. coli C promoter	1
1199.999000	E. coli promoter A1	1
1199.999000	E. coli promoter A2	1
1199.999000	E. coli promoter A3	1
1199.999000	T7 promoter phi1.1A	1
1199.999000	T7 promoter phi1.1B	1
1199.999000	T7 promoter phi1.3	0
1199.999000	T7 promoter phi1.5	0
1199.999000	T7 promoter phi1.6	1
1199.999000	T7 promoter phi10	0
1199.999000	T7 promoter phi13	0
1199.999000	T7 promoter phi17	0
1199.999000	T7 promoter phi2.5	0
1199.999000	T7 promoter phi3.8	1
1199.999000	T7 promoter phi4.3	1
1199.999000	T7 promoter phi4.7	0
1199.999000	T7 promoter phi4c	1
1199.999000	T7 promoter phi6.5	0
1199.999000	T7 promoter phi9	0
1199.999000	bound_ecolipol	0
1199.999000	bound_ecolipol_p	493
1199.999000	bound_ribosome	1733
1199.999000	degraded_transcript	65679
1199.999000	ecoli_genome	1307
1199.999000	ecoli_transcript	30047
1199.999000	ecolipol	0
1199.999000	ecolipol-2	0
1199.999000	ecolipol-2-p	1305
1199.999000	ecolipol-p	2
1199.999000	gene 0.3	2233
1199.999000	gene 1.1	5451
1199.999000	gene 1.2	4896
1199.999000	gene 1.3	8551
1199.999000	gene 1.4	6951
1199.999000	gene 1.5	6770
1199.999000	gene 1.6	8815
1199.999000	gene 1.7	8961
1199.999000	gene 1.8	8311
1199.999000	gene 10A	42612
1199.999000	gene 11	6281
1199.999000	gene 12	5119
1199.999000	gene 13	10527
1199.999000	gene 14	9076
1199.999000	gene 15	7953
1199.999000	gene 16	6668
1199.999000	gene 17	10142
1199.999000	gene 17.5	11090
1199.999000	gene 18	10393
1199.999000	gene 18.5	10550
1199.999000	gene 18.7	8799
1199.999000	gene 19	9127
1199.999000	gene 19.2	9284
1199.999000	gene 19.3	9351
1199.999000	gene 19.5	10257
1199.999000	gene 2.5	12169
1199.999000	gene 2.8	10285
1199.999000	gene 3	8902
1199.999000	gene 3.8	12275
1199.999000	gene 4.2	10900
1199.999000	gene 4.3	13878
1199.999000	gene 4.5	15261
1199.999000	gene 4.7	15149
1199.999000	gene 4A	6620
1199.999000	gene 5	12814
1199.999000	gene 5.3	14295
1199.999000	gene 5.5	14064
1199.999000	gene 5.7	12621
1199.999000	gene 5.9	12505
1199.999000	gene 6	10222
1199.999000	gene 6.3	12787
1199.999000	gene 6.5	17425
1199.999000	gene 6.7	15322
1199.999000	gene 7	16294
1199.999000	gene 7.3	17462
1199.999000	gene 7.7	17529
1199.999000	gene 8	12383
1199.999000	gene 9	24771
1199.999000	gp-2	7939
1199.999000	lysozyme-3.5	8688
1199.999000	protein_kinase-0.7	1871
1199.999000	rbs	47064
1199.999000	ribosome	1
1199.999000	rnapol-1	14
1199.999000	rnapol-3.5	1666
1204.999000	E. coli B promoter	1
1204.999000	E. coli C promoter	1
1204.999000	E. coli promoter A1	1
1204.999000	E. coli promoter A2	1
1204.999000	E. coli promoter A3	1
1204.999000	T7 promoter phi1.1A	1
1204.999000	T7 promoter phi1.1B	1
1204.999000	T7 promoter phi1.3	1
1204.999000	T7 promoter phi1.5	1
1204.999000	T7 promoter phi1.6	1
1204.999000	T7 promoter phi10	0
1204.999000	T7 promoter phi13	0
1204.999000	T7 promoter phi17	1
1204.999000	T7 promoter phi2.5	1
1204.999000	T7 promoter phi3.8	0
1204.999000	T7 promoter phi4.3	0
1204.999000	T7 promoter phi4.7	1
1204.999000	T7 promoter phi4c	1
1204.999000	T7 promoter phi6.5	0
1204.999000	T7 promoter phi9	0
1204.999000	bound_ecolipol	0
1204.999000	bound_ecolipol_p	495
1204.999000	bound_ribosome	1755
1204.999000	degraded_transcript	65980
1204.999000	ecoli_genome	1305
1204.999000	ecoli_transcript	29827
1204.999000	ecolipol	0
1204.999000	ecolipol-2	0
1204.999000	ecolipol-2-p	1304
1204.999000	ecolipol-p	1
1204.999000	gene 0.3	2235
1204.999000	gene 1.1	5509
1204.999000	gene 1.2	4917
1204.999000	gene 1.3	8605
1204.999000	gene 1.4	7010
1204.999000	gene 1.5	6820
1204.999000	gene 1.6	8883
1204.999000	gene 1.7	9056
1204.999000	gene 1.8	8384
1204.999000	gene 10A	42915
1204.999000	gene 11	6320
1204.999000	gene 12	5164
1204.999000	gene 13	10607
1204.999000	gene 14	9157
1204.999000	gene 15	8040
1204.999000	gene 16	6730
1204.999000	gene 17	10229
1204.999000	gene 17.5	11167
1204.999000	gene 18	10501
1204.999000	gene 18.5	10660
1204.999000	gene 18.7	8887
1204.999000	gene 19	9211
1204.999000	gene 19.2	9386
1204.999000	gene 19.3	9440
1204.999000	gene 19.5	10341
1204.999000	gene 2.5	12269
1204.999000	gene 2.8	10376
1204.999000	gene 3	8984
1204.999000	gene 3.8	12392
1204.999000	gene 4.2	11006
1204.999000	gene 4.3	14013
1204.999000	gene 4.5	15385
1204.999000	gene 4.7	15281
1204.999000	gene 4A	6704
1204.999000	gene 5	12954
1204.999000	gene 5.3	14433
1204.999000	gene 5.5	14171
1204.999000	gene 5.7	12734
1204.999000	gene 5.9	12632
1204.999000	gene 6	10342
1204.999000	gene 6.3	12929
1204.999000	gene 6.5	17587
1204.999000	gene 6.7	15450
1204.999000	gene 7	16439
1204.999000	gene 7.3	17616
1204.999000	gene 7.7	17688
1204.999000	gene 8	12550
1204.999000	gene 9	24989
1204.999000	gp-2	8024
1204.999000	lysozyme-3.5	8795
1204.999000	protein_kinase-0.7	1878
1204.999000	rbs	47347
1204.999000	ribosome	1
1204.999000	rnapol-1	19
1204.999000	rnapol-3.5	1663
1209.999002	E. coli B promoter	1
1209.999002	E. coli C promoter	1
1209.999002	E. coli promoter A1	1
1209.999002	E. coli promoter A2	1
1209.999002	E. coli promoter A3	1
1209.999002	T7 promoter phi1.1A	1
1209.999002	T7 promoter phi1.1B	1
1209.999002	T7 promoter phi1.3	1
1209.999002	T7 promoter phi1.5	0
1209.999002	T7 promoter phi1.6	1
1209.999002	T7 promoter phi10	0
1209.999002	T7 promoter phi13	1
1209.999002	T7 promoter phi17	0
1209.999002	T7 promoter phi2.5	1
1209.999002	T7 promoter phi3.8	1
1209.999002	T7 promoter phi4.3	1
1209.999002	T7 promoter phi4.7	0
1209.999002	T7 promoter phi4c	1
1209.999002	T7 promoter phi6.5	1
1209.999002	T7 promoter phi9	0
1209.999002	bound_ecolipol	0
1209.999002	bound_ecolipol_p	511
1209.999002	bound_ribosome	1741
1209.999002	degraded_transcript	66281
1209.999002	ecoli_genome	1289
1209.999002	ecoli_transcript	29634
1209.999002	ecolipol	0
1209.999002	ecolipol-2	0
1209.999002	ecolipol-2-p	1288
1209.999002	ecolipol-p	1
1209.999002	gene 0.3	2237
1209.999002	gene 1.1	5546
1209.999002	gene 1.2	4958
1209.999002	gene 1.3	8673
1209.999002	gene 1.4	7066
1209.999002	gene 1.5	6887
1209.999002	gene 1.6	8965
1209.999002	gene 1.7	9136
1209.999002	gene 1.8	8469
1209.999002	gene 10A	43206
1209.999002	gene 11	6355
1209.999002	gene 12	5202
1209.999002	gene 13	10666
1209.999002	gene 14	9230
1209.999002	gene 15	8113
1209.999002	gene 16	6798
1209.999002	gene 17	10325
1209.999002	gene 17.5	11235
1209.999002	gene 18	10568
1209.999002	gene 18.5	10759
1209.999002	gene 18.7	8969
1209.999002	gene 19	9298
1209.999002	gene 19.2	9472
1209.999002	gene 19.3	9517
1209.999002	gene 19.5	10416
1209.999002	gene 2.5	12383
1209.999002	gene 2.8	10472
1209.999002	gene 3	9078
1209.999002	gene 3.8	12505
1209.999002	gene 4.2	11101
1209.999002	gene 4.3	14137
1209.999002	gene 4.5	15516
1209.999002	gene 4.7	15394
1209.999002	gene 4A	6793
1209.999002	gene 5	13085
1209.999002	gene 5.3	14551
1209.999002	gene 5.5	14297
1209.999002	gene 5.7	12863
1209.999002	gene 5.9	12759
1209.999002	gene 6	10451
1209.999002	gene 6.3	13062
1209.999002	gene 6.5	17747
1209.999002	gene 6.7	15606
1209.999002	gene 7	16600
1209.999002	gene 7.3	17744
1209.999002	gene 7.7	17856
1209.999002	gene 8	12699
1209.999002	gene 9	25202
1209.999002	gp-2	8119
1209.999002	lysozyme-3.5	8889
1209.999002	protein_kinase-0.7	1882
1209.999002	rbs	47864
1209.999002	ribosome	1
1209.999002	rnapol-1	12
1209.999002	rnapol-3.5	1675
1214.999002	E. coli B promoter	1
1214.999002	E. coli C promoter	1
1214.999002	E. coli promoter A1	1
1214.999002	E. coli promoter A2	1
1214.999002	E. coli promoter A3	1
1214.999002	T7 promoter phi1.1A	1
1214.999002	T7 promoter phi1.1B	1
1214.999002	T7 promoter phi1.3	1
1214.999002	T7 promoter phi1.5	1
1214.999002	T7 promoter phi1.6	0
1214.999002	T7 promoter phi10	0
1214.999002	T7 promoter phi13	0
1214.999002	T7 promoter phi17	0
1214.999002	T7 promoter phi2.5	0
1214.999002	T7 promoter phi3.8	1
1214.999002	T7 promoter phi4.3	0
1214.999002	T7 promoter phi4.7	0
1214.999002	T7 promoter phi4c	1
1214.999002	T7 promoter phi6.5	0
1214.999002	T7 promoter phi9	0
1214.999002	bound_ecolipol	0
1214.999002	bound_ecolipol_p	508
1214.999002	bound_ribosome	1696
1214.999002	degraded_transcript	66589
1214.999002	ecoli_genome	1292
1214.999002	ecoli_transcript	29475
1214.999002	ecolipol	0
1214.999002	ecolipol-2	0
1214.999002	ecolipol-2-p	1289
1214.999002	ecolipol-p	3
1214.999002	gene 0.3	2240
1214.999002	gene 1.1	5596
1214.999002	gene 1.2	4982
1214.999002	gene 1.3	8732
1214.999002	gene 1.4	7119
1214.999002	gene 1.5	6938
1214.999002	gene 1.6	9043
1214.999002	gene 1.7	9219
1214.999002	gene 1.8	8547
1214.999002	gene 10A	43476
1214.999002	gene 11	6384
1214.999002	gene 12	5242
1214.999002	gene 13	10742
1214.999002	gene 14	9295
1214.999002	gene 15	8182
1214.999002	gene 16	6884
1214.999002	gene 17	10417
1214.999002	gene 17.5	11317
1214.999002	gene 18	10650
1214.999002	gene 18.5	10843
1214.999002	gene 18.7	9038
1214.999002	gene 19	9418
1214.999002	gene 19.2	9554
1214.999002	gene 19.3	9600
1214.999002	gene 19.5	10492
1214.999002	gene 2.5	12493
1214.999002	gene 2.8	10569
1214.999002	gene 3	9180
1214.999002	gene 3.8	12609
1214.999002	gene 4.2	11196
1214.999002	gene 4.3	14250
1214.999002	gene 4.5	15634
1214.999002	gene 4.7	15535
1214.999002	gene 4A	6883
1214.999002	gene 5	13219
1214.999002	gene 5.3	14684
1214.999002	gene 5.5	14446
1214.999002	gene 5.7	12995
1214.999002	gene 5.9	12877
1214.999002	gene 6	10561
1214.999002	gene 6.3	13185
1214.999002	gene 6.5	17897
1214.999002	gene 6.7	15755
1214.999002	gene 7	16756
1214.999002	gene 7.3	17891
1214.999002	gene 7.7	18000
1214.999002	gene 8	12827
1214.999002	gene 9	25397
1214.999002	gp-2	8204
1214.999002	lysozyme-3.5	8976
1214.999002	protein_kinase-0.7	1884
1214.999002	rbs	48328
1214.999002	ribosome	1
1214.999002	rnapol-1	7
1214.999002	rnapol-3.5	1683
1219.999000	E. coli B promoter	1
1219.999000	E. coli C promoter	1
1219.999000	E. coli promoter A1	1
1219.999000	E. coli promoter A2	1
1219.999000	E. coli promoter A3	1
1219.999000	T7 promoter phi1.1A	1
1219.999000	T7 promoter phi1.1B	1
1219.999000	T7 promoter phi1.3	0
1219.999000	T7 promoter phi1.5	1
1219.999000	T7 promoter phi1.6	1
1219.999000	T7 promoter phi10	1
1219.999000	T7 promoter phi13	1
1219.999000	T7 promoter phi17	0
1219.999000	T7 promoter phi2.5	1
1219.999000	T7 promoter phi3.8	1
1219.999000	T7 promoter phi4.3	0
1219.999000	T7 promoter phi4.7	1
1219.999000	T7 promoter phi4c	0
1219.999000	T7 promoter phi6.5	0
1219.999000	T7 promoter phi9	0
1219.999000	bound_ecolipol	0
1219.999000	bound_ecolipol_p	505
1219.999000	bound_ribosome	1672
1219.999000	degraded_transcript	66864
1219.999000	ecoli_genome	1295
1219.999000	ecoli_transcript	29317
1219.999000	ecolipol	0
1219.999000	ecolipol-2	0
1219.999000	ecolipol-2-p	1293
1219.999000	ecolipol-p	2
1219.999000	gene 0.3	2242
1219.999000	gene 1.1	5639
1219.999000	gene 1.2	5006
1219.999000	gene 1.3	8795
1219.999000	gene 1.4	7185
1219.999000	gene 1.5	6994
1219.999000	gene 1.6	9133
1219.999000	gene 1.7	9303
1219.999000	gene 1.8	8632
1219.999000	gene 10A	43735
1219.999000	gene 11	6428
1219.999000	gene 12	5280
1219.999000	gene 13	10830
1219.999000	gene 14	9380
1219.999000	gene 15	8257
1219.999000	gene 16	6957
1219.999000	gene 17	10497
1219.999000	gene 17.5	11395
1219.999000	gene 18	10729
1219.999000	gene 18.5	10932
1219.999000	gene 18.7	9124
1219.999000	gene 19	9505
1219.999000	gene 19.2	9643
1219.999000	gene 19.3	9699
1219.999000	gene 19.5	10564
1219.999000	gene 2.5	12612
1219.999000	gene 2.8	10663
1219.999000	gene 3	9269
1219.999000	gene 3.8	12721
1219.999000	gene 4.2	11329
1219.999000	gene 4.3	14376
1219.999000	gene 4.5	15762
1219.999000	gene 4.7	15662
1219.999000	gene 4A	6956
1219.999000	gene 5	13341
1219.999000	gene 5.3	14815
1219.999000	gene 5.5	14565
1219.999000	gene 5.7	13138
1219.999000	gene 5.9	13013
1219.999000	gene 6	10680
1219.999000	gene 6.3	13321
1219.999000	gene 6.5	18037
1219.999000	gene 6.7	15912
1219.999000	gene 7	16891
1219.999000	gene 7.3	18057
1219.999000	gene 7.7	18154
1219.999000	gene 8	12972
1219.999000	gene 9	25594
1219.999000	gp-2	8267
1219.999000	lysozyme-3.5	9049
1219.999000	protein_kinase-0.7	1886
1219.999000	rbs	48680
1219.999000	ribosome	0
1219.999000	rnapol-1	11
1219.999000	rnapol-3.5	1693
1224.999003	E. coli B promoter	1
1224.999003	E. coli C promoter	1
1224.999003	E. coli promoter A1	1
1224.999003	E. coli promoter A2	1
1224.999003	E. coli promoter A3	1
1224.999003	T7 promoter phi1.1A	1
1224.999003	T7 promoter phi1.1B	1
1224.999003	T7 promoter phi1.3	1
1224.999003	T7 promoter phi1.5	1
1224.999003	T7 promoter phi1.6	1
1224.999003	T7 promoter phi10	0
1224.999003	T7 promoter phi13	1
1224.999003	T7 promoter phi17	1
1224.999003	T7 promoter phi2.5	0
1224.999003	T7 promoter phi3.8	1
1224.999003	T7 promoter phi4.3	0
1224.999003	T7 promoter phi4.7	1
1224.999003	T7 promoter phi4c	1
1224.999003	T7 promoter phi6.5	0
1224.999003	T7 promoter phi9	0
1224.999003	bound_ecolipol	0
1224.999003	bound_ecolipol_p	482
1224.999003	bound_ribosome	1649
1224.999003	degraded_transcript	67163
1224.999003	ecoli_genome	1318
1224.999003	ecoli_transcript	29142
1224.999003	ecolipol	0
1224.999003	ecolipol-2	0
1224.999003	ecolipol-2-p	1315
1224.999003	ecolipol-p	3
1224.999003	gene 0.3	2245
1224.999003	gene 1.1	5677
1224.999003	gene 1.2	5037
1224.999003	gene 1.3	8854
1224.999003	gene 1.4	7251
1224.999003	gene 1.5	7060
1224.999003	gene 1.6	9210
1224.999003	gene 1.7	9391
1224.999003	gene 1.8	8716
1224.999003	gene 10A	44034
1224.999003	gene 11	6475
1224.999003	gene 12	5321
1224.999003	gene 13	10901
1224.999003	gene 14	9465
1224.999003	gene 15	8337
1224.999003	gene 16	7034
1224.999003	gene 17	10586
1224.999003	gene 17.5	11472
1224.999003	gene 18	10823
1224.999003	gene 18.5	11006
1224.999003	gene 18.7	9198
1224.999003	gene 19	9591
1224.999003	gene 19.2	9719
1224.999003	gene 19.3	9787
1224.999003	gene 19.5	10644
1224.999003	gene 2.5	12706
1224.999003	gene 2.8	10754
1224.999003	gene 3	9350
1224.999003	gene 3.8	12842
1224.999003	gene 4.2	11447
1224.999003	gene 4.3	14492
1224.999003	gene 4.5	15889
1224.999003	gene 4.7	15801
1224.999003	gene 4A	7049
1224.999003	gene 5	13489
1224.999003	gene 5.3	14940
1224.999003	gene 5.5	14696
1224.999003	gene 5.7	13271
1224.999003	gene 5.9	13136
1224.999003	gene 6	10792
1224.999003	gene 6.3	13443
1224.999003	gene 6.5	18213
1224.999003	gene 6.7	16062
1224.999003	gene 7	17051
1224.999003	gene 7.3	18216
1224.999003	gene 7.7	18309
1224.999003	gene 8	13120
1224.999003	gene 9	25813
1224.999003	gp-2	8323
1224.999003	lysozyme-3.5	9142
1224.999003	protein_kinase-0.7	1889
1224.999003	rbs	49258
1224.999003	ribosome	5
1224.999003	rnapol-1	11
1224.999003	rnapol-3.5	1700
1229.999001	E. coli B promoter	1
1229.999001	E. coli C promoter	1
1229.999001	E. coli promoter A1	1
1229.999001	E. coli promoter A2	1
1229.999001	E. coli promoter A3	1
1229.999001	T7 promoter phi1.1A	1
1229.999001	T7 promoter phi1.1B	1
1229.999001	T7 promoter phi1.3	1
1229.999001	T7 promoter phi1.5	1
1229.999001	T7 promoter phi1.6	1
1229.999001	T7 promoter phi10	0
1229.999001	T7 promoter phi13	1
1229.999001	T7 promoter phi17	0
1229.999001	T7 promoter phi2.5	1
1229.999001	T7 promoter phi3.8	0
1229.999001	T7 promoter phi4.3	0
1229.999001	T7 promoter phi4.7	0
1229.999001	T7 promoter phi4c	0
1229.999001	T7 promoter phi6.5	1
1229.999001	T7 promoter phi9	0
1229.999001	bound_ecolipol	0
1229.999001	bound_ecolipol_p	475
1229.999001	bound_ribosome	1615
1229.999001	degraded_transcript	67437
1229.999001	ecoli_genome	1325
1229.999001	ecoli_transcript	29003
1229.999001	ecolipol	0
1229.999001	ecolipol-2	0
1229.999001	ecolipol-2-p	1320
1229.999001	ecolipol-p	5
1229.999001	gene 0.3	2246
1229.999001	gene 1.1	5724
1229.999001	gene 1.2	5061
1229.999001	gene 1.3	8914
1229.999001	gene 1.4	7321
1229.999001	gene 1.5	7119
1229.999001	gene 1.6	9287
1229.999001	gene 1.7	9484
1229.999001	gene 1.8	8799
1229.999001	gene 10A	44313
1229.999001	gene 11	6509
1229.999001	gene 12	5363
1229.999001	gene 13	10979
1229.999001	gene 14	9538
1229.999001	gene 15	8412
1229.999001	gene 16	7117
1229.999001	gene 17	10670
1229.999001	gene 17.5	11567
1229.999001	gene 18	10897
1229.999001	gene 18.5	11087
1229.999001	gene 18.7	9286
1229.999001	gene 19	9677
1229.999001	gene 19.2	9792
1229.999001	gene 19.3	9870
1229.999001	gene 19.5	10725
1229.999001	gene 2.5	12803
1229.999001	gene 2.8	10837
1229.999001	gene 3	9421
1229.999001	gene 3.8	12952
1229.999001	gene 4.2	11551
1229.999001	gene 4.3	14620
1229.999001	gene 4.5	16018
1229.999001	gene 4.7	15931
1229.999001	gene 4A	7133
1229.999001	gene 5	13632
1229.999001	gene 5.3	15066
1229.999001	gene 5.5	14822
1229.999001	gene 5.7	13384
1229.999001	gene 5.9	13261
1229.999001	gene 6	10900
1229.999001	gene 6.3	13567
1229.999001	gene 6.5	18383
1229.999001	gene 6.7	16185
1229.999001	gene 7	17182
1229.999001	gene 7.3	18357
1229.999001	gene 7.7	18461
1229.999001	gene 8	13279
1229.999001	gene 9	26021
1229.999001	gp-2	8401
1229.999001	lysozyme-3.5	9252
1229.999001	protein_kinase-0.7	1891
1229.999001	rbs	49646
1229.999001	ribosome	3
1229.999001	rnapol-1	9
1229.999001	rnapol-3.5	1708
1234.999003	E. coli B promoter	1
1234.999003	E. coli C promoter	1
1234.999003	E. coli promoter A1	1
1234.999003	E. coli promoter A2	1
1234.999003	E. coli promoter A3	1
1234.999003	T7 promoter phi1.1A	1
1234.999003	T7 promoter phi1.1B	0
1234.999003	T7 promoter phi1.3	1
1234.999003	T7 promoter phi1.5	0
1234.999003	T7 promoter phi1.6	0
1234.999003	T7 promoter phi10	0
1234.999003	T7 promoter phi13	1
1234.999003	T7 promoter phi17	0
1234.999003	T7 promoter phi2.5	1
1234.999003	T7 promoter phi3.8	0
1234.999003	T7 promoter phi4.3	0
1234.999003	T7 promoter phi4.7	1
1234.999003	T7 promoter phi4c	1
1234.999003	T7 promoter phi6.5	0
1234.999003	T7 promoter phi9	0
1234.999003	bound_ecolipol	0
1234.999003	bound_ecolipol_p	486
1234.999003	bound_ribosome	1560
1234.999003	degraded_transcript	67719
1234.999003	ecoli_genome	1314
1234.999003	ecoli_transcript	28864
1234.999003	ecolipol	0
1234.999003	ecolipol-2	0
1234.999003	ecolipol-2-p	1312
1234.999003	ecolipol-p	2
1234.999003	gene 0.3	2252
1234.999003	gene 1.1	5765
1234.999003	gene 1.2	5090
1234.999003	gene 1.3	9002
1234.999003	gene 1.4	7393
1234.999003	gene 1.5	7170
1234.999003	gene 1.6	9358
1234.999003	gene 1.7	9574
1234.999003	gene 1.8	8884
1234.999003	gene 10A	44615
1234.999003	gene 11	6547
1234.999003	gene 12	5403
1234.999003	gene 13	11043
1234.999003	gene 14	9605
1234.999003	gene 15	8496
1234.999003	gene 16	7197
1234.999003	gene 17	10761
1234.999003	gene 17.5	11654
1234.999003	gene 18	10981
1234.999003	gene 18.5	11183
1234.999003	gene 18.7	9370
1234.999003	gene 19	9772
1234.999003	gene 19.2	9879
1234.999003	gene 19.3	9972
1234.999003	gene 19.5	10814
1234.999003	gene 2.5	12907
1234.999003	gene 2.8	10937
1234.999003	gene 3	9516
1234.999003	gene 3.8	13056
1234.999003	gene 4.2	11652
1234.999003	gene 4.3	14737
1234.999003	gene 4.5	16139
1234.999003	gene 4.7	16065
1234.999003	gene 4A	7240
1234.999003	gene 5	13772
1234.999003	gene 5.3	15218
1234.999003	gene 5.5	14973
1234.999003	gene 5.7	13522
1234.999003	gene 5.9	13385
1234.999003	gene 6	11012
1234.999003	gene 6.3	13693
1234.999003	gene 6.5	18541
1234.999003	gene 6.7	16331
1234.999003	gene 7	17319
1234.999003	gene 7.3	18527
1234.999003	gene 7.7	18613
1234.999003	gene 8	13416
1234.999003	gene 9	26216
1234.999003	gp-2	8499
1234.999003	lysozyme-3.5	9346
1234.999003	protein_kinase-0.7	1894
1234.999003	rbs	50017
1234.999003	ribosome	0
1234.999003	rnapol-1	9
1234.999003	rnapol-3.5	1716
1239.999000	E. coli B promoter	1
1239.999000	E. coli C promoter	1
1239.999000	E. coli promoter A1	1
1239.999000	E. coli promoter A2	1
1239.999000	E. coli promoter A3	1
1239.999000	T7 promoter phi1.1A	1
1239.999000	T7 promoter phi1.1B	1
1239.999000	T7 promoter phi1.3	1
1239.999000	T7 promoter phi1.5	1
1239.999000	T7 promoter phi1.6	1
1239.999000	T7 promoter phi10	0
1239.999000	T7 promoter phi13	1
1239.999000	T7 promoter phi17	0
1239.999000	T7 promoter phi2.5	0
1239.999000	T7 promoter phi3.8	1
1239.999000	T7 promoter phi4.3	1
1239.999000	T7 promoter phi4.7	1
1239.999000	T7 promoter phi4c	1
1239.999000	T7 promoter phi6.5	1
1239.999000	T7 promoter phi9	0
1239.999000	bound_ecolipol	0
1239.999000	bound_ecolipol_p	476
1239.999000	bound_ribosome	1514
1239.999000	degraded_transcript	68017
1239.999000	ecoli_genome	1324
1239.999000	ecoli_transcript	28712
1239.999000	ecolipol	0
1239.999000	ecolipol-2	0
1239.999000	ecolipol-2-p	1321
1239.999000	ecolipol-p	3
1239.999000	gene 0.3	2253
1239.999000	gene 1.1	5801
1239.999000	gene 1.2	5121
1239.999000	gene 1.3	9073
1239.999000	gene 1.4	7457
1239.999000	gene 1.5	7228
1239.999000	gene 1.6	9429
1239.999000	gene 1.7	9656
1239.999000	gene 1.8	8956
1239.999000	gene 10A	44879
1239.999000	gene 11	6590
1239.999000	gene 12	5435
1239.999000	gene 13	11112
1239.999000	gene 14	9680
1239.999000	gene 15	8582
1239.999000	gene 16	7273
1239.999000	gene 17	10851
1239.999000	gene 17.5	11763
1239.999000	gene 18	11057
1239.999000	gene 18.5	11257
1239.999000	gene 18.7	9462
1239.999000	gene 19	9852
1239.999000	gene 19.2	9956
1239.999000	gene 19.3	10080
1239.999000	gene 19.5	10894
1239.999000	gene 2.5	12994
1239.999000	gene 2.8	11027
1239.999000	gene 3	9599
1239.999000	gene 3.8	13174
1239.999000	gene 4.2	11762
1239.999000	gene 4.3	14847
1239.999000	gene 4.5	16258
1239.999000	gene 4.7	16180
1239.999000	gene 4A	7335
1239.999000	gene 5	13894
1239.999000	gene 5.3	15357
1239.999000	gene 5.5	15122
1239.999000	gene 5.7	13658
1239.999000	gene 5.9	13498
1239.999000	gene 6	11135
1239.999000	gene 6.3	13820
1239.999000	gene 6.5	18691
1239.999000	gene 6.7	16488
1239.999000	gene 7	17457
1239.999000	gene 7.3	18669
1239.999000	gene 7.7	18746
1239.999000	gene 8	13564
1239.999000	gene 9	26397
1239.999000	gp-2	8563
1239.999000	lysozyme-3.5	9442
1239.999000	protein_kinase-0.7	1898
1239.999000	rbs	50413
1239.999000	ribosome	1
1239.999000	rnapol-1	7
1239.999000	rnapol-3.5	1730
1244.999002	E. coli B promoter	1
1244.999002	E. coli C promoter	1
1244.999002	E. coli promoter A1	1
1244.999002	E. coli promoter A2	1
1244.999002	E. coli promoter A3	1
1244.999002	T7 promoter phi1.1A	1
1244.999002	T7 promoter phi1.1B	0
1244.999002	T7 promoter phi1.3	1
1244.999002	T7 promoter phi1.5	0
1244.999002	T7 promoter phi1.6	1
1244.999002	T7 promoter phi10	0
1244.999002	T7 promoter phi13	1
1244.999002	T7 promoter phi17	0
1244.999002	T7 promoter phi2.5	0
1244.999002	T7 promoter phi3.8	1
1244.999002	T7 promoter phi4.3	1
1244.999002	T7 promoter phi4.7	0
1244.999002	T7 promoter phi4c	1
1244.999002	T7 promoter phi6.5	0
1244.999002	T7 promoter phi9	1
1244.999002	bound_ecolipol	0
1244.999002	bound_ecolipol_p	461
1244.999002	bound_ribosome	1524
1244.999002	degraded_transcript	68275
1244.999002	ecoli_genome	1339
1244.999002	ecoli_transcript	28541
1244.999002	ecolipol	0
1244.999002	ecolipol-2	0
1244.999002	ecolipol-2-p	1336
1244.999002	ecolipol-p	3
1244.999002	gene 0.3	2255
1244.999002	gene 1.1	5841
1244.999002	gene 1.2	5141
1244.999002	gene 1.3	9146
1244.999002	gene 1.4	7525
1244.999002	gene 1.5	7298
1244.999002	gene 1.6	9499
1244.999002	gene 1.7	9758
1244.999002	gene 1.8	9026
1244.999002	gene 10A	45183
1244.999002	gene 11	6640
1244.999002	gene 12	5477
1244.999002	gene 13	11211
1244.999002	gene 14	9753
1244.999002	gene 15	8669
1244.999002	gene 16	7341
1244.999002	gene 17	10928
1244.999002	gene 17.5	11862
1244.999002	gene 18	11149
1244.999002	gene 18.5	11336
1244.999002	gene 18.7	9546
1244.999002	gene 19	9941
1244.999002	gene 19.2	10036
1244.999002	gene 19.3	10175
1244.999002	gene 19.5	10968
1244.999002	gene 2.5	13098
1244.999002	gene 2.8	11124
1244.999002	gene 3	9702
1244.999002	gene 3.8	13291
1244.999002	gene 4.2	11865
1244.999002	gene 4.3	14973
1244.999002	gene 4.5	16387
1244.999002	gene 4.7	16308
1244.999002	gene 4A	7412
1244.999002	gene 5	14033
1244.999002	gene 5.3	15498
1244.999002	gene 5.5	15248
1244.999002	gene 5.7	13783
1244.999002	gene 5.9	13622
1244.999002	gene 6	11264
1244.999002	gene 6.3	13943
1244.999002	gene 6.5	18846
1244.999002	gene 6.7	16657
1244.999002	gene 7	17633
1244.999002	gene 7.3	18833
1244.999002	gene 7.7	18915
1244.999002	gene 8	13706
1244.999002	gene 9	26619
1244.999002	gp-2	8632
1244.999002	lysozyme-3.5	9536
1244.999002	protein_kinase-0.7	1899
1244.999002	rbs	50840
1244.999002	ribosome	2
1244.999002	rnapol-1	9
1244.999002	rnapol-3.5	1721
1249.999006	E. coli B promoter	1
1249.999006	E. coli C promoter	1
1249.999006	E. coli promoter A1	1
1249.999006	E. coli promoter A2	1
1249.999006	E. coli promoter A3	1
1249.999006	T7 promoter phi1.1A	1
1249.999006	T7 promoter phi1.1B	1
1249.999006	T7 promoter phi1.3	1
1249.999006	T7 promoter phi1.5	1
1249.999006	T7 promoter phi1.6	0
1249.999006	T7 promoter phi10	1
1249.999006	T7 promoter phi13	0
1249.999006	T7 promoter phi17	1
1249.999006	T7 promoter phi2.5	1
1249.999006	T7 promoter phi3.8	0
1249.999006	T7 promoter phi4.3	1
1249.999006	T7 promoter phi4.7	0
1249.999006	T7 promoter phi4c	1
1249.999006	T7 promoter phi6.5	1
1249.999006	T7 promoter phi9	0
1249.999006	bound_ecolipol	0
1249.999006	bound_ecolipol_p	458
1249.999006	bound_ribosome	1494
1249.999006	degraded_transcript	68560
1249.999006	ecoli_genome	1342
1249.999006	ecoli_transcript	28373
1249.999006	ecolipol	0
1249.999006	ecolipol-2	0
1249.999006	ecolipol-2-p	1341
1249.999006	ecolipol-p	1
1249.999006	gene 0.3	2256
1249.999006	gene 1.1	5885
1249.999006	gene 1.2	5174
1249.999006	gene 1.3	9207
1249.999006	gene 1.4	7590
1249.999006	gene 1.5	7349
1249.999006	gene 1.6	9578
1249.999006	gene 1.7	9857
1249.999006	gene 1.8	9126
1249.999006	gene 10A	45472
1249.999006	gene 11	6687
1249.999006	gene 12	5513
1249.999006	gene 13	11281
1249.999006	gene 14	9821
1249.999006	gene 15	8736
1249.999006	gene 16	7426
1249.999006	gene 17	11015
1249.999006	gene 17.5	11940
1249.999006	gene 18	11223
1249.999006	gene 18.5	11417
1249.999006	gene 18.7	9630
1249.999006	gene 19	10025
1249.999006	gene 19.2	10133
1249.999006	gene 19.3	10260
1249.999006	gene 19.5	11059
1249.999006	gene 2.5	13194
1249.999006	gene 2.8	11224
1249.999006	gene 3	9787
1249.999006	gene 3.8	13404
1249.999006	gene 4.2	11961
1249.999006	gene 4.3	15091
1249.999006	gene 4.5	16533
1249.999006	gene 4.7	16436
1249.999006	gene 4A	7502
1249.999006	gene 5	14164
1249.999006	gene 5.3	15620
1249.999006	gene 5.5	15390
1249.999006	gene 5.7	13915
1249.999006	gene 5.9	13756
1249.999006	gene 6	11372
1249.999006	gene 6.3	14078
1249.999006	gene 6.5	19005
1249.999006	gene 6.7	16807
1249.999006	gene 7	17795
1249.999006	gene 7.3	19000
1249.999006	gene 7.7	19063
1249.999006	gene 8	13865
1249.999006	gene 9	26819
1249.999006	gp-2	8706
1249.999006	lysozyme-3.5	9630
1249.999006	protein_kinase-0.7	1901
1249.999006	rbs	51363
1249.999006	ribosome	5
1249.999006	rnapol-1	17
1249.999006	rnapol-3.5	1710
1254.999001	E. coli B promoter	1
1254.999001	E. coli C promoter	1
1254.999001	E. coli promoter A1	1
1254.999001	E. coli promoter A2	1
1254.999001	E. coli promoter A3	1
1254.999001	T7 promoter phi1.1A	1
1254.999001	T7 promoter phi1.1B	1
1254.999001	T7 promoter phi1.3	0
1254.999001	T7 promoter phi1.5	0
1254.999001	T7 promoter phi1.6	1
1254.999001	T7 promoter phi10	0
1254.999001	T7 promoter phi13	0
1254.999001	T7 promoter phi17	0
1254.999001	T7 promoter phi2.5	1
1254.999001	T7 promoter phi3.8	1
1254.999001	T7 promoter phi4.3	1
1254.999001	T7 promoter phi4.7	1
1254.999001	T7 promoter phi4c	0
1254.999001	T7 promoter phi6.5	1
1254.999001	T7 promoter phi9	0
1254.999001	bound_ecolipol	0
1254.999001	bound_ecolipol_p	448
1254.999001	bound_ribosome	1476
1254.999001	degraded_transcript	68827
1254.999001	ecoli_genome	1352
1254.999001	ecoli_transcript	28217
1254.999001	ecolipol	0
1254.999001	ecolipol-2	0
1254.999001	ecolipol-2-p	1350
1254.999001	ecolipol-p	2
1254.999001	gene 0.3	2257
1254.999001	gene 1.1	5925
1254.999001	gene 1.2	5208
1254.999001	gene 1.3	9271
1254.999001	gene 1.4	7651
1254.999001	gene 1.5	7406
1254.999001	gene 1.6	9649
1254.999001	gene 1.7	9937
1254.999001	gene 1.8	9198
1254.999001	gene 10A	45741
1254.999001	gene 11	6727
1254.999001	gene 12	5549
1254.999001	gene 13	11361
1254.999001	gene 14	9893
1254.999001	gene 15	8795
1254.999001	gene 16	7497
1254.999001	gene 17	11124
1254.999001	gene 17.5	12031
1254.999001	gene 18	11288
1254.999001	gene 18.5	11513
1254.999001	gene 18.7	9714
1254.999001	gene 19	10122
1254.999001	gene 19.2	10214
1254.999001	gene 19.3	10341
1254.999001	gene 19.5	11139
1254.999001	gene 2.5	13310
1254.999001	gene 2.8	11327
1254.999001	gene 3	9867
1254.999001	gene 3.8	13527
1254.999001	gene 4.2	12057
1254.999001	gene 4.3	15214
1254.999001	gene 4.5	16672
1254.999001	gene 4.7	16579
1254.999001	gene 4A	7592
1254.999001	gene 5	14290
1254.999001	gene 5.3	15745
1254.999001	gene 5.5	15525
1254.999001	gene 5.7	14035
1254.999001	gene 5.9	13880
1254.999001	gene 6	11486
1254.999001	gene 6.3	14203
1254.999001	gene 6.5	19163
1254.999001	gene 6.7	16957
1254.999001	gene 7	17947
1254.999001	gene 7.3	19153
1254.999001	gene 7.7	19223
1254.999001	gene 8	14018
1254.999001	gene 9	27027
1254.999001	gp-2	8790
1254.999001	lysozyme-3.5	9717
1254.999001	protein_kinase-0.7	1905
1254.999001	rbs	51848
1254.999001	ribosome	2
1254.999001	rnapol-1	6
1254.999001	rnapol-3.5	1728
1259.999002	E. coli B promoter	1
1259.999002	E. coli C promoter	1
1259.999002	E. coli promoter A1	1
1259.999002	E. coli promoter A2	1
1259.999002	E. coli promoter A3	1
1259.999002	T7 promoter phi1.1A	1
1259.999002	T7 promoter phi1.1B	1
1259.999002	T7 promoter phi1.3	1
1259.999002	T7 promoter phi1.5	1
1259.999002	T7 promoter phi1.6	1
1259.999002	T7 promoter phi10	0
1259.999002	T7 promoter phi13	1
1259.999002	T7 promoter phi17	0
1259.999002	T7 promoter phi2.5	1
1259.999002	T7 promoter phi3.8	0
1259.999002	T7 promoter phi4.3	0
1259.999002	T7 promoter phi4.7	1
1259.999002	T7 promoter phi4c	1
1259.999002	T7 promoter phi6.5	1
1259.999002	T7 promoter phi9	0
1259.999002	bound_ecolipol	0
1259.999002	bound_ecolipol_p	439
1259.999002	bound_ribosome	1458
1259.999002	degraded_transcript	69090
1259.999002	ecoli_genome	1361
1259.999002	ecoli_transcript	28066
1259.999002	ecolipol	0
1259.999002	ecolipol-2	0
1259.999002	ecolipol-2-p	1359
1259.999002	ecolipol-p	2
1259.999002	gene 0.3	2259
1259.999002	gene 1.1	5970
1259.999002	gene 1.2	5233
1259.999002	gene 1.3	9334
1259.999002	gene 1.4	7711
1259.999002	gene 1.5	7472
1259.999002	gene 1.6	9721
1259.999002	gene 1.7	10036
1259.999002	gene 1.8	9284
1259.999002	gene 10A	46009
1259.999002	gene 11	6767
1259.999002	gene 12	5582
1259.999002	gene 13	11453
1259.999002	gene 14	9972
1259.999002	gene 15	8862
1259.999002	gene 16	7583
1259.999002	gene 17	11209
1259.999002	gene 17.5	12118
1259.999002	gene 18	11367
1259.999002	gene 18.5	11604
1259.999002	gene 18.7	9789
1259.999002	gene 19	10213
1259.999002	gene 19.2	10302
1259.999002	gene 19.3	10423
1259.999002	gene 19.5	11225
1259.999002	gene 2.5	13414
1259.999002	gene 2.8	11422
1259.999002	gene 3	9981
1259.999002	gene 3.8	13639
1259.999002	gene 4.2	12165
1259.999002	gene 4.3	15325
1259.999002	gene 4.5	16803
1259.999002	gene 4.7	16703
1259.999002	gene 4A	7666
1259.999002	gene 5	14426
1259.999002	gene 5.3	15888
1259.999002	gene 5.5	15653
1259.999002	gene 5.7	14150
1259.999002	gene 5.9	14008
1259.999002	gene 6	11608
1259.999002	gene 6.3	14325
1259.999002	gene 6.5	19317
1259.999002	gene 6.7	17085
1259.999002	gene 7	18103
1259.999002	gene 7.3	19302
1259.999002	gene 7.7	19398
1259.999002	gene 8	14160
1259.999002	gene 9	27239
1259.999002	gp-2	8876
1259.999002	lysozyme-3.5	9819
1259.999002	protein_kinase-0.7	1910
1259.999002	rbs	52326
1259.999002	ribosome	4
1259.999002	rnapol-1	15
1259.999002	rnapol-3.5	1717
1264.999000	E. coli B promoter	1
1264.999000	E. coli C promoter	1
1264.999000	E. coli promoter A1	1
1264.999000	E. coli promoter A2	1
1264.999000	E. coli promoter A3	1
1264.999000	T7 promoter phi1.1A	1
1264.999000	T7 promoter phi1.1B	1
1264.999000	T7 promoter phi1.3	1
1264.999000	T7 promoter phi1.5	1
1264.999000	T7 promoter phi1.6	1
1264.999000	T7 promoter phi10	1
1264.999000	T7 promoter phi13	1
1264.999000	T7 promoter phi17	1
1264.999000	T7 promoter phi2.5	1
1264.999000	T7 promoter phi3.8	0
1264.999000	T7 promoter phi4.3	1
1264.999000	T7 promoter phi4.7	0
1264.999000	T7 promoter phi4c	0
1264.999000	T7 promoter phi6.5	0
1264.999000	T7 promoter phi9	0
1264.999000	bound_ecolipol	0
1264.999000	bound_ecolipol_p	444
1264.999000	bound_ribosome	1437
1264.999000	degraded_transcript	69404
1264.999000	ecoli_genome	1356
1264.999000	ecoli_transcript	27861
1264.999000	ecolipol	0
1264.999000	ecolipol-2	0
1264.999000	ecolipol-2-p	1355
1264.999000	ecolipol-p	1
1264.999000	gene 0.3	2260
1264.999000	gene 1.1	6016
1264.999000	gene 1.2	5262
1264.999000	gene 1.3	9403
1264.999000	gene 1.4	7774
1264.999000	gene 1.5	7534
1264.999000	gene 1.6	9803
1264.999000	gene 1.7	10107
1264.999000	gene 1.8	9356
1264.999000	gene 10A	46274
1264.999000	gene 11	6812
1264.999000	gene 12	5633
1264.999000	gene 13	11523
1264.999000	gene 14	10044
1264.999000	gene 15	8928
1264.999000	gene 16	7669
1264.999000	gene 17	11311
1264.999000	gene 17.5	12204
1264.999000	gene 18	11447
1264.999000	gene 18.5	11706
1264.999000	gene 18.7	9878
1264.999000	gene 19	10306
1264.999000	gene 19.2	10376
1264.999000	gene 19.3	10518
1264.999000	gene 19.5	11296
1264.999000	gene 2.5	13518
1264.999000	gene 2.8	11523
1264.999000	gene 3	10076
1264.999000	gene 3.8	13743
1264.999000	gene 4.2	12270
1264.999000	gene 4.3	15458
1264.999000	gene 4.5	16946
1264.999000	gene 4.7	16845
1264.999000	gene 4A	7768
1264.999000	gene 5	14559
1264.999000	gene 5.3	16009
1264.999000	gene 5.5	15776
1264.999000	gene 5.7	14270
1264.999000	gene 5.9	14138
1264.999000	gene 6	11716
1264.999000	gene 6.3	14449
1264.999000	gene 6.5	19482
1264.999000	gene 6.7	17227
1264.999000	gene 7	18242
1264.999000	gene 7.3	19458
1264.999000	gene 7.7	19583
1264.999000	gene 8	14326
1264.999000	gene 9	27451
1264.999000	gp-2	8960
1264.999000	lysozyme-3.5	9895
1264.999000	protein_kinase-0.7	1913
1264.999000	rbs	52743
1264.999000	ribosome	1
1264.999000	rnapol-1	12
1264.999000	rnapol-3.5	1725
1269.999002	E. coli B promoter	1
1269.999002	E. coli C promoter	1
1269.999002	E. coli promoter A1	1
1269.999002	E. coli promoter A2	1
1269.999002	E. coli promoter A3	1
1269.999002	T7 promoter phi1.1A	1
1269.999002	T7 promoter phi1.1B	1
1269.999002	T7 promoter phi1.3	1
1269.999002	T7 promoter phi1.5	1
1269.999002	T7 promoter phi1.6	1
1269.999002	T7 promoter phi10	0
1269.999002	T7 promoter phi13	0
1269.999002	T7 promoter phi17	1
1269.999002	T7 promoter phi2.5	1
1269.999002	T7 promoter phi3.8	0
1269.999002	T7 promoter phi4.3	0
1269.999002	T7 promoter phi4.7	1
1269.999002	T7 promoter phi4c	1
1269.999002	T7 promoter phi6.5	1
1269.999002	T7 promoter phi9	0
1269.999002	bound_ecolipol	0
1269.999002	bound_ecolipol_p	441
1269.999002	bound_ribosome	1441
1269.999002	degraded_transcript	69707
1269.999002	ecoli_genome	1359
1269.999002	ecoli_transcript	27649
1269.999002	ecolipol	0
1269.999002	ecolipol-2	0
1269.999002	ecolipol-2-p	1357
1269.999002	ecolipol-p	2
1269.999002	gene 0.3	2261
1269.999002	gene 1.1	6073
1269.999002	gene 1.2	5292
1269.999002	gene 1.3	9468
1269.999002	gene 1.4	7849
1269.999002	gene 1.5	7599
1269.999002	gene 1.6	9871
1269.999002	gene 1.7	10191
1269.999002	gene 1.8	9444
1269.999002	gene 10A	46522
1269.999002	gene 11	6856
1269.999002	gene 12	5685
1269.999002	gene 13	11609
1269.999002	gene 14	10113
1269.999002	gene 15	9004
1269.999002	gene 16	7756
1269.999002	gene 17	11384
1269.999002	gene 17.5	12279
1269.999002	gene 18	11531
1269.999002	gene 18.5	11805
1269.999002	gene 18.7	9975
1269.999002	gene 19	10392
1269.999002	gene 19.2	10450
1269.999002	gene 19.3	10582
1269.999002	gene 19.5	11373
1269.999002	gene 2.5	13643
1269.999002	gene 2.8	11597
1269.999002	gene 3	10182
1269.999002	gene 3.8	13871
1269.999002	gene 4.2	12397
1269.999002	gene 4.3	15576
1269.999002	gene 4.5	17053
1269.999002	gene 4.7	17004
1269.999002	gene 4A	7846
1269.999002	gene 5	14689
1269.999002	gene 5.3	16133
1269.999002	gene 5.5	15908
1269.999002	gene 5.7	14413
1269.999002	gene 5.9	14271
1269.999002	gene 6	11818
1269.999002	gene 6.3	14595
1269.999002	gene 6.5	19651
1269.999002	gene 6.7	17347
1269.999002	gene 7	18391
1269.999002	gene 7.3	19598
1269.999002	gene 7.7	19734
1269.999002	gene 8	14471
1269.999002	gene 9	27660
1269.999002	gp-2	9035
1269.999002	lysozyme-3.5	10004
1269.999002	protein_kinase-0.7	1914
1269.999002	rbs	53134
1269.999002	ribosome	1
1269.999002	rnapol-1	16
1269.999002	rnapol-3.5	1719
1274.999001	E. coli B promoter	1
1274.999001	E. coli C promoter	1
1274.999001	E. coli promoter A1	1
1274.999001	E. coli promoter A2	1
1274.999001	E. coli promoter A3	1
1274.999001	T7 promoter phi1.1A	1
1274.999001	T7 promoter phi1.1B	0
1274.999001	T7 promoter phi1.3	1
1274.999001	T7 promoter phi1.5	1
1274.999001	T7 promoter phi1.6	1
1274.999001	T7 promoter phi10	0
1274.999001	T7 promoter phi13	0
1274.999001	T7 promoter phi17	0
1274.999001	T7 promoter phi2.5	1
1274.999001	T7 promoter phi3.8	0
1274.999001	T7 promoter phi4.3	1
1274.999001	T7 promoter phi4.7	1
1274.999001	T7 promoter phi4c	1
1274.999001	T7 promoter phi6.5	1
1274.999001	T7 promoter phi9	0
1274.999001	bound_ecolipol	0
1274.999001	bound_ecolipol_p	458
1274.999001	bound_ribosome	1415
1274.999001	degraded_transcript	69990
1274.999001	ecoli_genome	1342
1274.999001	ecoli_transcript	27468
1274.999001	ecolipol	0
1274.999001	ecolipol-2	0
1274.999001	ecolipol-2-p	1342
1274.999001	ecolipol-p	0
1274.999001	gene 0.3	2264
1274.999001	gene 1.1	6118
1274.999001	gene 1.2	5321
1274.999001	gene 1.3	9529
1274.999001	gene 1.4	7923
1274.999001	gene 1.5	7672
1274.999001	gene 1.6	9956
1274.999001	gene 1.7	10273
1274.999001	gene 1.8	9531
1274.999001	gene 10A	46797
1274.999001	gene 11	6895
1274.999001	gene 12	5718
1274.999001	gene 13	11679
1274.999001	gene 14	10186
1274.999001	gene 15	9076
1274.999001	gene 16	7833
1274.999001	gene 17	11481
1274.999001	gene 17.5	12372
1274.999001	gene 18	11601
1274.999001	gene 18.5	11888
1274.999001	gene 18.7	10068
1274.999001	gene 19	10488
1274.999001	gene 19.2	10531
1274.999001	gene 19.3	10657
1274.999001	gene 19.5	11452
1274.999001	gene 2.5	13766
1274.999001	gene 2.8	11685
1274.999001	gene 3	10290
1274.999001	gene 3.8	13971
1274.999001	gene 4.2	12527
1274.999001	gene 4.3	15684
1274.999001	gene 4.5	17191
1274.999001	gene 4.7	17149
1274.999001	gene 4A	7940
1274.999001	gene 5	14841
1274.999001	gene 5.3	16290
1274.999001	gene 5.5	16042
1274.999001	gene 5.7	14546
1274.999001	gene 5.9	14395
1274.999001	gene 6	11950
1274.999001	gene 6.3	14723
1274.999001	gene 6.5	19805
1274.999001	gene 6.7	17506
1274.999001	gene 7	18547
1274.999001	gene 7.3	19760
1274.999001	gene 7.7	19882
1274.999001	gene 8	14636
1274.999001	gene 9	27873
1274.999001	gp-2	9141
1274.999001	lysozyme-3.5	10095
1274.999001	protein_kinase-0.7	1917
1274.999001	rbs	53589
1274.999001	ribosome	0
1274.999001	rnapol-1	14
1274.999001	rnapol-3.5	1714
1279.999009	E. coli B promoter	1
1279.999009	E. coli C promoter	1
1279.999009	E. coli promoter A1	1
1279.999009	E. coli promoter A2	1
1279.999009	E. coli promoter A3	1
1279.999009	T7 promoter phi1.1A	1
1279.999009	T7 promoter phi1.1B	0
1279.999009	T7 promoter phi1.3	1
1279.999009	T7 promoter phi1.5	1
1279.999009	T7 promoter phi1.6	0
1279.999009	T7 promoter phi10	0
1279.999009	T7 promoter phi13	1
1279.999009	T7 promoter phi17	0
1279.999009	T7 promoter phi2.5	1
1279.999009	T7 promoter phi3.8	0
1279.999009	T7 promoter phi4.3	0
1279.999009	T7 promoter phi4.7	1
1279.999009	T7 promoter phi4c	1
1279.999009	T7 promoter phi6.5	1
1279.999009	T7 promoter phi9	1
1279.999009	bound_ecolipol	0
1279.999009	bound_ecolipol_p	452
1279.999009	bound_ribosome	1421
1279.999009	degraded_transcript	70238
1279.999009	ecoli_genome	1348
1279.999009	ecoli_transcript	27300
1279.999009	ecolipol	0
1279.999009	ecolipol-2	0
1279.999009	ecolipol-2-p	1345
1279.999009	ecolipol-p	3
1279.999009	gene 0.3	2264
1279.999009	gene 1.1	6166
1279.999009	gene 1.2	5339
1279.999009	gene 1.3	9598
1279.999009	gene 1.4	7982
1279.999009	gene 1.5	7733
1279.999009	gene 1.6	10019
1279.999009	gene 1.7	10353
1279.999009	gene 1.8	9604
1279.999009	gene 10A	47071
1279.999009	gene 11	6933
1279.999009	gene 12	5770
1279.999009	gene 13	11763
1279.999009	gene 14	10270
1279.999009	gene 15	9150
1279.999009	gene 16	7893
1279.999009	gene 17	11567
1279.999009	gene 17.5	12479
1279.999009	gene 18	11698
1279.999009	gene 18.5	11960
1279.999009	gene 18.7	10159
1279.999009	gene 19	10578
1279.999009	gene 19.2	10620
1279.999009	gene 19.3	10737
1279.999009	gene 19.5	11553
1279.999009	gene 2.5	13866
1279.999009	gene 2.8	11800
1279.999009	gene 3	10371
1279.999009	gene 3.8	14076
1279.999009	gene 4.2	12626
1279.999009	gene 4.3	15799
1279.999009	gene 4.5	17315
1279.999009	gene 4.7	17272
1279.999009	gene 4A	8032
1279.999009	gene 5	14993
1279.999009	gene 5.3	16427
1279.999009	gene 5.5	16166
1279.999009	gene 5.7	14688
1279.999009	gene 5.9	14517
1279.999009	gene 6	12080
1279.999009	gene 6.3	14854
1279.999009	gene 6.5	19952
1279.999009	gene 6.7	17653
1279.999009	gene 7	18684
1279.999009	gene 7.3	19929
1279.999009	gene 7.7	20046
1279.999009	gene 8	14784
1279.999009	gene 9	28076
1279.999009	gp-2	9228
1279.999009	lysozyme-3.5	10178
1279.999009	protein_kinase-0.7	1920
1279.999009	rbs	54036
1279.999009	ribosome	2
1279.999009	rnapol-1	8
1279.999009	rnapol-3.5	1721
1284.999000	E. coli B promoter	1
1284.999000	E. coli C promoter	1
1284.999000	E. coli promoter A1	1
1284.999000	E. coli promoter A2	1
1284.999000	E. coli promoter A3	1
1284.999000	T7 promoter phi1.1A	1
1284.999000	T7 promoter phi1.1B	1
1284.999000	T7 promoter phi1.3	1
1284.999000	T7 promoter phi1.5	1
1284.999000	T7 promoter phi1.6	0
1284.999000	T7 promoter phi10	0
1284.999000	T7 promoter phi13	1
1284.999000	T7 promoter phi17	0
1284.999000	T7 promoter phi2.5	1
1284.999000	T7 promoter phi3.8	1
1284.999000	T7 promoter phi4.3	0
1284.999000	T7 promoter phi4.7	0
1284.999000	T7 promoter phi4c	0
1284.999000	T7 promoter phi6.5	0
1284.999000	T7 promoter phi9	0
1284.999000	bound_ecolipol	0
1284.999000	bound_ecolipol_p	452
1284.999000	bound_ribosome	1402
1284.999000	degraded_transcript	70458
1284.999000	ecoli_genome	1348
1284.999000	ecoli_transcript	27179
1284.999000	ecolipol	0
1284.999000	ecolipol-2	0
1284.999000	ecolipol-2-p	1348
1284.999000	ecolipol-p	0
1284.999000	gene 0.3	2271
1284.999000	gene 1.1	6214
1284.999000	gene 1.2	5371
1284.999000	gene 1.3	9642
1284.999000	gene 1.4	8041
1284.999000	gene 1.5	7797
1284.999000	gene 1.6	10088
1284.999000	gene 1.7	10448
1284.999000	gene 1.8	9708
1284.999000	gene 10A	47356
1284.999000	gene 11	6971
1284.999000	gene 12	5806
1284.999000	gene 13	11843
1284.999000	gene 14	10339
1284.999000	gene 15	9231
1284.999000	gene 16	7963
1284.999000	gene 17	11656
1284.999000	gene 17.5	12565
1284.999000	gene 18	11788
1284.999000	gene 18.5	12050
1284.999000	gene 18.7	10240
1284.999000	gene 19	10661
1284.999000	gene 19.2	10679
1284.999000	gene 19.3	10813
1284.999000	gene 19.5	11634
1284.999000	gene 2.5	13971
1284.999000	gene 2.8	11908
1284.999000	gene 3	10463
1284.999000	gene 3.8	14181
1284.999000	gene 4.2	12719
1284.999000	gene 4.3	15925
1284.999000	gene 4.5	17455
1284.999000	gene 4.7	17401
1284.999000	gene 4A	8116
1284.999000	gene 5	15132
1284.999000	gene 5.3	16554
1284.999000	gene 5.5	16283
1284.999000	gene 5.7	14835
1284.999000	gene 5.9	14641
1284.999000	gene 6	12201
1284.999000	gene 6.3	14972
1284.999000	gene 6.5	20114
1284.999000	gene 6.7	17810
1284.999000	gene 7	18814
1284.999000	gene 7.3	20071
1284.999000	gene 7.7	20216
1284.999000	gene 8	14908
1284.999000	gene 9	28258
1284.999000	gp-2	9325
1284.999000	lysozyme-3.5	10256
1284.999000	protein_kinase-0.7	1923
1284.999000	rbs	54606
1284.999000	ribosome	0
1284.999000	rnapol-1	9
1284.999000	rnapol-3.5	1722
1289.999001	E. coli B promoter	1
1289.999001	E. coli C promoter	1
1289.999001	E. coli promoter A1	1
1289.999001	E. coli promoter A2	1
1289.999001	E. coli promoter A3	1
1289.999001	T7 promoter phi1.1A	1
1289.999001	T7 promoter phi1.1B	1
1289.999001	T7 promoter phi1.3	1
1289.999001	T7 promoter phi1.5	1
1289.999001	T7 promoter phi1.6	1
1289.999001	T7 promoter phi10	0
1289.999001	T7 promoter phi13	1
1289.999001	T7 promoter phi17	0
1289.999001	T7 promoter phi2.5	0
1289.999001	T7 promoter phi3.8	1
1289.999001	T7 promoter phi4.3	0
1289.999001	T7 promoter phi4.7	0
1289.999001	T7 promoter phi4c	1
1289.999001	T7 promoter phi6.5	0
1289.999001	T7 promoter phi9	1
1289.999001	bound_ecolipol	0
1289.999001	bound_ecolipol_p	459
1289.999001	bound_ribosome	1388
1289.999001	degraded_transcript	70724
1289.999001	ecoli_genome	1341
1289.999001	ecoli_transcript	27015
1289.999001	ecolipol	0
1289.999001	ecolipol-2	0
1289.999001	ecolipol-2-p	1339
1289.999001	ecolipol-p	2
1289.999001	gene 0.3	2272
1289.999001	gene 1.1	6254
1289.999001	gene 1.2	5399
1289.999001	gene 1.3	9709
1289.999001	gene 1.4	8093
1289.999001	gene 1.5	7862
1289.999001	gene 1.6	10170
1289.999001	gene 1.7	10534
1289.999001	gene 1.8	9790
1289.999001	gene 10A	47614
1289.999001	gene 11	7012
1289.999001	gene 12	5851
1289.999001	gene 13	11911
1289.999001	gene 14	10426
1289.999001	gene 15	9299
1289.999001	gene 16	8036
1289.999001	gene 17	11730
1289.999001	gene 17.5	12672
1289.999001	gene 18	11876
1289.999001	gene 18.5	12143
1289.999001	gene 18.7	10341
1289.999001	gene 19	10755
1289.999001	gene 19.2	10760
1289.999001	gene 19.3	10885
1289.999001	gene 19.5	11729
1289.999001	gene 2.5	14063
1289.999001	gene 2.8	11993
1289.999001	gene 3	10567
1289.999001	gene 3.8	14301
1289.999001	gene 4.2	12822
1289.999001	gene 4.3	16055
1289.999001	gene 4.5	17592
1289.999001	gene 4.7	17521
1289.999001	gene 4A	8206
1289.999001	gene 5	15251
1289.999001	gene 5.3	16684
1289.999001	gene 5.5	16413
1289.999001	gene 5.7	14975
1289.999001	gene 5.9	14773
1289.999001	gene 6	12327
1289.999001	gene 6.3	15094
1289.999001	gene 6.5	20278
1289.999001	gene 6.7	17959
1289.999001	gene 7	18963
1289.999001	gene 7.3	20225
1289.999001	gene 7.7	20361
1289.999001	gene 8	15050
1289.999001	gene 9	28483
1289.999001	gp-2	9421
1289.999001	lysozyme-3.5	10356
1289.999001	protein_kinase-0.7	1925
1289.999001	rbs	54954
1289.999001	ribosome	1
1289.999001	rnapol-1	11
1289.999001	rnapol-3.5	1725
1294.999001	E. coli B promoter	1
1294.999001	E. coli C promoter	1
1294.999001	E. coli promoter A1	1
1294.999001	E. coli promoter A2	1
1294.999001	E. coli promoter A3	1
1294.999001	T7 promoter phi1.1A	1
1294.999001	T7 promoter phi1.1B	1
1294.999001	T7 promoter phi1.3	1
1294.999001	T7 promoter phi1.5	1
1294.999001	T7 promoter phi1.6	1
1294.999001	T7 promoter phi10	0
1294.999001	T7 promoter phi13	0
1294.999001	T7 promoter phi17	0
1294.999001	T7 promoter phi2.5	0
1294.999001	T7 promoter phi3.8	0
1294.999001	T7 promoter phi4.3	1
1294.999001	T7 promoter phi4.7	1
1294.999001	T7 promoter phi4c	1
1294.999001	T7 promoter phi6.5	1
1294.999001	T7 promoter phi9	0
1294.999001	bound_ecolipol	0
1294.999001	bound_ecolipol_p	457
1294.999001	bound_ribosome	1389
1294.999001	degraded_transcript	70995
1294.999001	ecoli_genome	1343
1294.999001	ecoli_transcript	26824
1294.999001	ecolipol	0
1294.999001	ecolipol-2	0
1294.999001	ecolipol-2-p	1340
1294.999001	ecolipol-p	3
1294.999001	gene 0.3	2275
1294.999001	gene 1.1	6300
1294.999001	gene 1.2	5434
1294.999001	gene 1.3	9773
1294.999001	gene 1.4	8165
1294.999001	gene 1.5	7930
1294.999001	gene 1.6	10246
1294.999001	gene 1.7	10632
1294.999001	gene 1.8	9859
1294.999001	gene 10A	47876
1294.999001	gene 11	7050
1294.999001	gene 12	5902
1294.999001	gene 13	11984
1294.999001	gene 14	10506
1294.999001	gene 15	9365
1294.999001	gene 16	8098
1294.999001	gene 17	11804
1294.999001	gene 17.5	12763
1294.999001	gene 18	11959
1294.999001	gene 18.5	12216
1294.999001	gene 18.7	10429
1294.999001	gene 19	10841
1294.999001	gene 19.2	10836
1294.999001	gene 19.3	10964
1294.999001	gene 19.5	11792
1294.999001	gene 2.5	14161
1294.999001	gene 2.8	12103
1294.999001	gene 3	10652
1294.999001	gene 3.8	14406
1294.999001	gene 4.2	12934
1294.999001	gene 4.3	16168
1294.999001	gene 4.5	17726
1294.999001	gene 4.7	17648
1294.999001	gene 4A	8303
1294.999001	gene 5	15390
1294.999001	gene 5.3	16835
1294.999001	gene 5.5	16564
1294.999001	gene 5.7	15095
1294.999001	gene 5.9	14908
1294.999001	gene 6	12475
1294.999001	gene 6.3	15209
1294.999001	gene 6.5	20423
1294.999001	gene 6.7	18110
1294.999001	gene 7	19117
1294.999001	gene 7.3	20354
1294.999001	gene 7.7	20517
1294.999001	gene 8	15194
1294.999001	gene 9	28714
1294.999001	gp-2	9517
1294.999001	lysozyme-3.5	10451
1294.999001	protein_kinase-0.7	1928
1294.999001	rbs	55625
1294.999001	ribosome	0
1294.999001	rnapol-1	16
1294.999001	rnapol-3.5	1732
1299.999000	E. coli B promoter	1
1299.999000	E. coli C promoter	1
1299.999000	E. coli promoter A1	1
1299.999000	E. coli promoter A2	1
1299.999000	E. coli promoter A3	1
1299.999000	T7 promoter phi1.1A	1
1299.999000	T7 promoter phi1.1B	1
1299.999000	T7 promoter phi1.3	1
1299.999000	T7 promoter phi1.5	1
1299.999000	T7 promoter phi1.6	0
1299.999000	T7 promoter phi10	0
1299.999000	T7 promoter phi13	1
1299.999000	T7 promoter phi17	1
1299.999000	T7 promoter phi2.5	1
1299.999000	T7 promoter phi3.8	1
1299.999000	T7 promoter phi4.3	1
1299.999000	T7 promoter phi4.7	0
1299.999000	T7 promoter phi4c	0
1299.999000	T7 promoter phi6.5	1
1299.999000	T7 promoter phi9	0
1299.999000	bound_ecolipol	0
1299.999000	bound_ecolipol_p	464
1299.999000	bound_ribosome	1362
1299.999000	degraded_transcript	71264
1299.999000	ecoli_genome	1336
1299.999000	ecoli_transcript	26662
1299.999000	ecolipol	0
1299.999000	ecolipol-2	0
1299.999000	ecolipol-2-p	1334
1299.999000	ecolipol-p	2
1299.999000	gene 0.3	2277
1299.999000	gene 1.1	6352
1299.999000	gene 1.2	5466
1299.999000	gene 1.3	9825
1299.999000	gene 1.4	8231
1299.999000	gene 1.5	7999
1299.999000	gene 1.6	10325
1299.999000	gene 1.7	10734
1299.999000	gene 1.8	9942
1299.999000	gene 10A	48165
1299.999000	gene 11	7084
1299.999000	gene 12	5932
1299.999000	gene 13	12051
1299.999000	gene 14	10579
1299.999000	gene 15	9438
1299.999000	gene 16	8171
1299.999000	gene 17	11892
1299.999000	gene 17.5	12855
1299.999000	gene 18	12036
1299.999000	gene 18.5	12305
1299.999000	gene 18.7	10510
1299.999000	gene 19	10928
1299.999000	gene 19.2	10922
1299.999000	gene 19.3	11056
1299.999000	gene 19.5	11897
1299.999000	gene 2.5	14257
1299.999000	gene 2.8	12207
1299.999000	gene 3	10732
1299.999000	gene 3.8	14507
1299.999000	gene 4.2	13036
1299.999000	gene 4.3	16281
1299.999000	gene 4.5	17860
1299.999000	gene 4.7	17783
1299.999000	gene 4A	8405
1299.999000	gene 5	15514
1299.999000	gene 5.3	16992
1299.999000	gene 5.5	16704
1299.999000	gene 5.7	15199
1299.999000	gene 5.9	15056
1299.999000	gene 6	12591
1299.999000	gene 6.3	15320
1299.999000	gene 6.5	20577
1299.999000	gene 6.7	18268
1299.999000	gene 7	19278
1299.999000	gene 7.3	20509
1299.999000	gene 7.7	20648
1299.999000	gene 8	15367
1299.999000	gene 9	28924
1299.999000	gp-2	9613
1299.999000	lysozyme-3.5	10533
1299.999000	protein_kinase-0.7	1929
1299.999000	rbs	55872
1299.999000	ribosome	2
1299.999000	rnapol-1	6
1299.999000	rnapol-3.5	1741
1304.999002	E. coli B promoter	1
1304.999002	E. coli C promoter	1
1304.999002	E. coli promoter A1	1
1304.999002	E. coli promoter A2	1
1304.999002	E. coli promoter A3	1
1304.999002	T7 promoter phi1.1A	1
1304.999002	T7 promoter phi1.1B	1
1304.999002	T7 promoter phi1.3	0
1304.999002	T7 promoter phi1.5	1
1304.999002	T7 promoter phi1.6	1
1304.999002	T7 promoter phi10	0
1304.999002	T7 promoter phi13	1
1304.999002	T7 promoter phi17	0
1304.999002	T7 promoter phi2.5	1
1304.999002	T7 promoter phi3.8	1
1304.999002	T7 promoter phi4.3	1
1304.999002	T7 promoter phi4.7	0
1304.999002	T7 promoter phi4c	0
1304.999002	T7 promoter phi6.5	0
1304.999002	T7 promoter phi9	0
1304.999002	bound_ecolipol	0
1304.999002	bound_ecolipol_p	449
1304.999002	bound_ribosome	1339
1304.999002	degraded_transcript	71544
1304.999002	ecoli_genome	1351
1304.999002	ecoli_transcript	26491
1304.999002	ecolipol	0
1304.999002	ecolipol-2	0
1304.999002	ecolipol-2-p	1346
1304.999002	ecolipol-p	5
1304.999002	gene 0.3	2279
1304.999002	gene 1.1	6409
1304.999002	gene 1.2	5486
1304.999002	gene 1.3	9902
1304.999002	gene 1.4	8294
1304.999002	gene 1.5	8071
1304.999002	gene 1.6	10408
1304.999002	gene 1.7	10818
1304.999002	gene 1.8	10010
1304.999002	gene 10A	48420
1304.999002	gene 11	7116
1304.999002	gene 12	5970
1304.999002	gene 13	12131
1304.999002	gene 14	10642
1304.999002	gene 15	9510
1304.999002	gene 16	8256
1304.999002	gene 17	11985
1304.999002	gene 17.5	12955
1304.999002	gene 18	12136
1304.999002	gene 18.5	12394
1304.999002	gene 18.7	10574
1304.999002	gene 19	11037
1304.999002	gene 19.2	10997
1304.999002	gene 19.3	11144
1304.999002	gene 19.5	11982
1304.999002	gene 2.5	14391
1304.999002	gene 2.8	12292
1304.999002	gene 3	10836
1304.999002	gene 3.8	14634
1304.999002	gene 4.2	13145
1304.999002	gene 4.3	16389
1304.999002	gene 4.5	17977
1304.999002	gene 4.7	17905
1304.999002	gene 4A	8507
1304.999002	gene 5	15635
1304.999002	gene 5.3	17138
1304.999002	gene 5.5	16837
1304.999002	gene 5.7	15326
1304.999002	gene 5.9	15183
1304.999002	gene 6	12726
1304.999002	gene 6.3	15427
1304.999002	gene 6.5	20734
1304.999002	gene 6.7	18418
1304.999002	gene 7	19421
1304.999002	gene 7.3	20684
1304.999002	gene 7.7	20814
1304.999002	gene 8	15516
1304.999002	gene 9	29133
1304.999002	gp-2	9674
1304.999002	lysozyme-3.5	10615
1304.999002	protein_kinase-0.7	1930
1304.999002	rbs	56417
1304.999002	ribosome	2
1304.999002	rnapol-1	7
1304.999002	rnapol-3.5	1742
1309.999004	E. coli B promoter	1
1309.999004	E. coli C promoter	1
1309.999004	E. coli promoter A1	1
1309.999004	E. coli promoter A2	1
1309.999004	E. coli promoter A3	1
1309.999004	T7 promoter phi1.1A	1
1309.999004	T7 promoter phi1.1B	1
1309.999004	T7 promoter phi1.3	1
1309.999004	T7 promoter phi1.5	0
1309.999004	T7 promoter phi1.6	1
1309.999004	T7 promoter phi10	0
1309.999004	T7 promoter phi13	1
1309.999004	T7 promoter phi17	0
1309.999004	T7 promoter phi2.5	1
1309.999004	T7 promoter phi3.8	0
1309.999004	T7 promoter phi4.3	1
1309.999004	T7 promoter phi4.7	1
1309.999004	T7 promoter phi4c	0
1309.999004	T7 promoter phi6.5	1
1309.999004	T7 promoter phi9	1
1309.999004	bound_ecolipol	0
1309.999004	bound_ecolipol_p	454
1309.999004	bound_ribosome	1307
1309.999004	degraded_transcript	71797
1309.999004	ecoli_genome	1346
1309.999004	ecoli_transcript	26355
1309.999004	ecolipol	0
1309.999004	ecolipol-2	0
1309.999004	ecolipol-2-p	1343
1309.999004	ecolipol-p	3
1309.999004	gene 0.3	2280
1309.999004	gene 1.1	6455
1309.999004	gene 1.2	5518
1309.999004	gene 1.3	9971
1309.999004	gene 1.4	8350
1309.999004	gene 1.5	8126
1309.999004	gene 1.6	10488
1309.999004	gene 1.7	10906
1309.999004	gene 1.8	10099
1309.999004	gene 10A	48729
1309.999004	gene 11	7151
1309.999004	gene 12	6004
1309.999004	gene 13	12194
1309.999004	gene 14	10706
1309.999004	gene 15	9575
1309.999004	gene 16	8348
1309.999004	gene 17	12074
1309.999004	gene 17.5	13046
1309.999004	gene 18	12203
1309.999004	gene 18.5	12486
1309.999004	gene 18.7	10672
1309.999004	gene 19	11126
1309.999004	gene 19.2	11069
1309.999004	gene 19.3	11229
1309.999004	gene 19.5	12075
1309.999004	gene 2.5	14505
1309.999004	gene 2.8	12383
1309.999004	gene 3	10928
1309.999004	gene 3.8	14762
1309.999004	gene 4.2	13259
1309.999004	gene 4.3	16517
1309.999004	gene 4.5	18103
1309.999004	gene 4.7	18038
1309.999004	gene 4A	8583
1309.999004	gene 5	15753
1309.999004	gene 5.3	17271
1309.999004	gene 5.5	16977
1309.999004	gene 5.7	15451
1309.999004	gene 5.9	15296
1309.999004	gene 6	12850
1309.999004	gene 6.3	15566
1309.999004	gene 6.5	20895
1309.999004	gene 6.7	18582
1309.999004	gene 7	19576
1309.999004	gene 7.3	20833
1309.999004	gene 7.7	20963
1309.999004	gene 8	15692
1309.999004	gene 9	29370
1309.999004	gp-2	9766
1309.999004	lysozyme-3.5	10714
1309.999004	protein_kinase-0.7	1932
1309.999004	rbs	56770
1309.999004	ribosome	1
1309.999004	rnapol-1	6
1309.999004	rnapol-3.5	1750
1314.999000	E. coli B promoter	1
1314.999000	E. coli C promoter	1
1314.999000	E. coli promoter A1	1
1314.999000	E. coli promoter A2	1
1314.999000	E. coli promoter A3	1
1314.999000	T7 promoter phi1.1A	1
1314.999000	T7 promoter phi1.1B	0
1314.999000	T7 promoter phi1.3	1
1314.999000	T7 promoter phi1.5	1
1314.999000	T7 promoter phi1.6	1
1314.999000	T7 promoter phi10	0
1314.999000	T7 promoter phi13	1
1314.999000	T7 promoter phi17	0
1314.999000	T7 promoter phi2.5	1
1314.999000	T7 promoter phi3.8	0
1314.999000	T7 promoter phi4.3	1
1314.999000	T7 promoter phi4.7	0
1314.999000	T7 promoter phi4c	1
1314.999000	T7 promoter phi6.5	0
1314.999000	T7 promoter phi9	0
1314.999000	bound_ecolipol	0
1314.999000	bound_ecolipol_p	454
1314.999000	bound_ribosome	1292
1314.999000	degraded_transcript	72058
1314.999000	ecoli_genome	1346
1314.999000	ecoli_transcript	26187
1314.999000	ecolipol	0
1314.999000	ecolipol-2	0
1314.999000	ecolipol-2-p	1344
1314.999000	ecolipol-p	2
1314.999000	gene 0.3	2283
1314.999000	gene 1.1	6495
1314.999000	gene 1.2	5547
1314.999000	gene 1.3	10044
1314.999000	gene 1.4	8410
1314.999000	gene 1.5	8193
1314.999000	gene 1.6	10574
1314.999000	gene 1.7	10991
1314.999000	gene 1.8	10179
1314.999000	gene 10A	49023
1314.999000	gene 11	7196
1314.999000	gene 12	6043
1314.999000	gene 13	12271
1314.999000	gene 14	10778
1314.999000	gene 15	9641
1314.999000	gene 16	8418
1314.999000	gene 17	12157
1314.999000	gene 17.5	13148
1314.999000	gene 18	12275
1314.999000	gene 18.5	12577
1314.999000	gene 18.7	10745
1314.999000	gene 19	11217
1314.999000	gene 19.2	11152
1314.999000	gene 19.3	11334
1314.999000	gene 19.5	12170
1314.999000	gene 2.5	14618
1314.999000	gene 2.8	12490
1314.999000	gene 3	11017
1314.999000	gene 3.8	14875
1314.999000	gene 4.2	13376
1314.999000	gene 4.3	16630
1314.999000	gene 4.5	18232
1314.999000	gene 4.7	18178
1314.999000	gene 4A	8682
1314.999000	gene 5	15877
1314.999000	gene 5.3	17401
1314.999000	gene 5.5	17095
1314.999000	gene 5.7	15565
1314.999000	gene 5.9	15440
1314.999000	gene 6	12982
1314.999000	gene 6.3	15679
1314.999000	gene 6.5	21070
1314.999000	gene 6.7	18737
1314.999000	gene 7	19740
1314.999000	gene 7.3	20978
1314.999000	gene 7.7	21104
1314.999000	gene 8	15825
1314.999000	gene 9	29588
1314.999000	gp-2	9852
1314.999000	lysozyme-3.5	10814
1314.999000	protein_kinase-0.7	1934
1314.999000	rbs	57268
1314.999000	ribosome	1
1314.999000	rnapol-1	8
1314.999000	rnapol-3.5	1760
1319.999001	E. coli B promoter	1
1319.999001	E. coli C promoter	1
1319.999001	E. coli promoter A1	1
1319.999001	E. coli promoter A2	1
1319.999001	E. coli promoter A3	1
1319.999001	T7 promoter phi1.1A	1
1319.999001	T7 promoter phi1.1B	1
1319.999001	T7 promoter phi1.3	1
1319.999001	T7 promoter phi1.5	1
1319.999001	T7 promoter phi1.6	1
1319.999001	T7 promoter phi10	0
1319.999001	T7 promoter phi13	1
1319.999001	T7 promoter phi17	0
1319.999001	T7 promoter phi2.5	0
1319.999001	T7 promoter phi3.8	1
1319.999001	T7 promoter phi4.3	0
1319.999001	T7 promoter phi4.7	1
1319.999001	T7 promoter phi4c	0
1319.999001	T7 promoter phi6.5	1
1319.999001	T7 promoter phi9	0
1319.999001	bound_ecolipol	0
1319.999001	bound_ecolipol_p	437
1319.999001	bound_ribosome	1266
1319.999001	degraded_transcript	72326
1319.999001	ecoli_genome	1363
1319.999001	ecoli_transcript	26027
1319.999001	ecolipol	0
1319.999001	ecolipol-2	0
1319.999001	ecolipol-2-p	1363
1319.999001	ecolipol-p	0
1319.999001	gene 0.3	2285
1319.999001	gene 1.1	6542
1319.999001	gene 1.2	5571
1319.999001	gene 1.3	10102
1319.999001	gene 1.4	8463
1319.999001	gene 1.5	8261
1319.999001	gene 1.6	10644
1319.999001	gene 1.7	11070
1319.999001	gene 1.8	10264
1319.999001	gene 10A	49298
1319.999001	gene 11	7228
1319.999001	gene 12	6085
1319.999001	gene 13	12334
1319.999001	gene 14	10845
1319.999001	gene 15	9710
1319.999001	gene 16	8499
1319.999001	gene 17	12253
1319.999001	gene 17.5	13238
1319.999001	gene 18	12376
1319.999001	gene 18.5	12655
1319.999001	gene 18.7	10834
1319.999001	gene 19	11315
1319.999001	gene 19.2	11238
1319.999001	gene 19.3	11426
1319.999001	gene 19.5	12266
1319.999001	gene 2.5	14729
1319.999001	gene 2.8	12587
1319.999001	gene 3	11119
1319.999001	gene 3.8	15009
1319.999001	gene 4.2	13495
1319.999001	gene 4.3	16762
1319.999001	gene 4.5	18366
1319.999001	gene 4.7	18300
1319.999001	gene 4A	8761
1319.999001	gene 5	16023
1319.999001	gene 5.3	17538
1319.999001	gene 5.5	17217
1319.999001	gene 5.7	15690
1319.999001	gene 5.9	15556
1319.999001	gene 6	13102
1319.999001	gene 6.3	15818
1319.999001	gene 6.5	21226
1319.999001	gene 6.7	18908
1319.999001	gene 7	19887
1319.999001	gene 7.3	21148
1319.999001	gene 7.7	21276
1319.999001	gene 8	15984
1319.999001	gene 9	29766
1319.999001	gp-2	9918
1319.999001	lysozyme-3.5	10906
1319.999001	protein_kinase-0.7	1937
1319.999001	rbs	57816
1319.999001	ribosome	2
1319.999001	rnapol-1	16
1319.999001	rnapol-3.5	1751
1324.999003	E. coli B promoter	1
1324.999003	E. coli C promoter	1
1324.999003	E. coli promoter A1	1
1324.999003	E. coli promoter A2	1
1324.999003	E. coli promoter A3	1
1324.999003	T7 promoter phi1.1A	1
1324.999003	T7 promoter phi1.1B	0
1324.999003	T7 promoter phi1.3	1
1324.999003	T7 promoter phi1.5	1
1324.999003	T7 promoter phi1.6	0
1324.999003	T7 promoter phi10	0
1324.999003	T7 promoter phi13	0
1324.999003	T7 promoter phi17	1
1324.999003	T7 promoter phi2.5	1
1324.999003	T7 promoter phi3.8	1
1324.999003	T7 promoter phi4.3	0
1324.999003	T7 promoter phi4.7	1
1324.999003	T7 promoter phi4c	1
1324.999003	T7 promoter phi6.5	1
1324.999003	T7 promoter phi9	0
1324.999003	bound_ecolipol	0
1324.999003	bound_ecolipol_p	416
1324.999003	bound_ribosome	1279
1324.999003	degraded_transcript	72589
1324.999003	ecoli_genome	1384
1324.999003	ecoli_transcript	25842
1324.999003	ecolipol	0
1324.999003	ecolipol-2	0
1324.999003	ecolipol-2-p	1383
1324.999003	ecolipol-p	1
1324.999003	gene 0.3	2286
1324.999003	gene 1.1	6583
1324.999003	gene 1.2	5607
1324.999003	gene 1.3	10167
1324.999003	gene 1.4	8524
1324.999003	gene 1.5	8337
1324.999003	gene 1.6	10717
1324.999003	gene 1.7	11153
1324.999003	gene 1.8	10346
1324.999003	gene 10A	49581
1324.999003	gene 11	7275
1324.999003	gene 12	6121
1324.999003	gene 13	12415
1324.999003	gene 14	10906
1324.999003	gene 15	9771
1324.999003	gene 16	8577
1324.999003	gene 17	12328
1324.999003	gene 17.5	13341
1324.999003	gene 18	12468
1324.999003	gene 18.5	12761
1324.999003	gene 18.7	10920
1324.999003	gene 19	11403
1324.999003	gene 19.2	11326
1324.999003	gene 19.3	11508
1324.999003	gene 19.5	12346
1324.999003	gene 2.5	14841
1324.999003	gene 2.8	12690
1324.999003	gene 3	11216
1324.999003	gene 3.8	15130
1324.999003	gene 4.2	13600
1324.999003	gene 4.3	16882
1324.999003	gene 4.5	18503
1324.999003	gene 4.7	18429
1324.999003	gene 4A	8852
1324.999003	gene 5	16149
1324.999003	gene 5.3	17679
1324.999003	gene 5.5	17339
1324.999003	gene 5.7	15800
1324.999003	gene 5.9	15681
1324.999003	gene 6	13225
1324.999003	gene 6.3	15962
1324.999003	gene 6.5	21380
1324.999003	gene 6.7	19041
1324.999003	gene 7	20051
1324.999003	gene 7.3	21312
1324.999003	gene 7.7	21410
1324.999003	gene 8	16117
1324.999003	gene 9	29975
1324.999003	gp-2	9974
1324.999003	lysozyme-3.5	11001
1324.999003	protein_kinase-0.7	1937
1324.999003	rbs	58294
1324.999003	ribosome	1
1324.999003	rnapol-1	10
1324.999003	rnapol-3.5	1753
1329.999001	E. coli B promoter	1
1329.999001	E. coli C promoter	1
1329.999001	E. coli promoter A1	1
1329.999001	E. coli promoter A2	1
1329.999001	E. coli promoter A3	1
1329.999001	T7 promoter phi1.1A	1
1329.999001	T7 promoter phi1.1B	1
1329.999001	T7 promoter phi1.3	1
1329.999001	T7 promoter phi1.5	1
1329.999001	T7 promoter phi1.6	1
1329.999001	T7 promoter phi10	0
1329.999001	T7 promoter phi13	1
1329.999001	T7 promoter phi17	1
1329.999001	T7 promoter phi2.5	1
1329.999001	T7 promoter phi3.8	0
1329.999001	T7 promoter phi4.3	0
1329.999001	T7 promoter phi4.7	1
1329.999001	T7 promoter phi4c	0
1329.999001	T7 promoter phi6.5	1
1329.999001	T7 promoter phi9	0
1329.999001	bound_ecolipol	0
1329.999001	bound_ecolipol_p	417
1329.999001	bound_ribosome	1291
1329.999001	degraded_transcript	72868
1329.999001	ecoli_genome	1383
1329.999001	ecoli_transcript	25624
1329.999001	ecolipol	0
1329.999001	ecolipol-2	0
1329.999001	ecolipol-2-p	1379
1329.999001	ecolipol-p	4
1329.999001	gene 0.3	2286
1329.999001	gene 1.1	6628
1329.999001	gene 1.2	5639
1329.999001	gene 1.3	10233
1329.999001	gene 1.4	8595
1329.999001	gene 1.5	8393
1329.999001	gene 1.6	10800
1329.999001	gene 1.7	11232
1329.999001	gene 1.8	10419
1329.999001	gene 10A	49830
1329.999001	gene 11	7326
1329.999001	gene 12	6165
1329.999001	gene 13	12487
1329.999001	gene 14	10984
1329.999001	gene 15	9838
1329.999001	gene 16	8652
1329.999001	gene 17	12421
1329.999001	gene 17.5	13438
1329.999001	gene 18	12562
1329.999001	gene 18.5	12842
1329.999001	gene 18.7	10999
1329.999001	gene 19	11489
1329.999001	gene 19.2	11413
1329.999001	gene 19.3	11584
1329.999001	gene 19.5	12423
1329.999001	gene 2.5	14923
1329.999001	gene 2.8	12775
1329.999001	gene 3	11303
1329.999001	gene 3.8	15254
1329.999001	gene 4.2	13716
1329.999001	gene 4.3	17011
1329.999001	gene 4.5	18634
1329.999001	gene 4.7	18581
1329.999001	gene 4A	8948
1329.999001	gene 5	16292
1329.999001	gene 5.3	17822
1329.999001	gene 5.5	17493
1329.999001	gene 5.7	15923
1329.999001	gene 5.9	15822
1329.999001	gene 6	13340
1329.999001	gene 6.3	16079
1329.999001	gene 6.5	21540
1329.999001	gene 6.7	19201
1329.999001	gene 7	20207
1329.999001	gene 7.3	21459
1329.999001	gene 7.7	21562
1329.999001	gene 8	16267
1329.999001	gene 9	30154
1329.999001	gp-2	10058
1329.999001	lysozyme-3.5	11092
1329.999001	protein_kinase-0.7	1941
1329.999001	rbs	58618
1329.999001	ribosome	0
1329.999001	rnapol-1	12
1329.999001	rnapol-3.5	1763
1334.999000	E. coli B promoter	1
1334.999000	E. coli C promoter	1
1334.999000	E. coli promoter A1	1
1334.999000	E. coli promoter A2	1
1334.999000	E. coli promoter A3	1
1334.999000	T7 promoter phi1.1A	1
1334.999000	T7 promoter phi1.1B	1
1334.999000	T7 promoter phi1.3	0
1334.999000	T7 promoter phi1.5	1
1334.999000	T7 promoter phi1.6	0
1334.999000	T7 promoter phi10	0
1334.999000	T7 promoter phi13	1
1334.999000	T7 promoter phi17	0
1334.999000	T7 promoter phi2.5	0
1334.999000	T7 promoter phi3.8	1
1334.999000	T7 promoter phi4.3	0
1334.999000	T7 promoter phi4.7	1
1334.999000	T7 promoter phi4c	1
1334.999000	T7 promoter phi6.5	1
1334.999000	T7 promoter phi9	0
1334.999000	bound_ecolipol	0
1334.999000	bound_ecolipol_p	428
1334.999000	bound_ribosome	1277
1334.999000	degraded_transcript	73115
1334.999000	ecoli_genome	1372
1334.999000	ecoli_transcript	25474
1334.999000	ecolipol	0
1334.999000	ecolipol-2	0
1334.999000	ecolipol-2-p	1369
1334.999000	ecolipol-p	3
1334.999000	gene 0.3	2289
1334.999000	gene 1.1	6667
1334.999000	gene 1.2	5671
1334.999000	gene 1.3	10291
1334.999000	gene 1.4	8650
1334.999000	gene 1.5	8459
1334.999000	gene 1.6	10882
1334.999000	gene 1.7	11337
1334.999000	gene 1.8	10497
1334.999000	gene 10A	50093
1334.999000	gene 11	7354
1334.999000	gene 12	6200
1334.999000	gene 13	12563
1334.999000	gene 14	11053
1334.999000	gene 15	9914
1334.999000	gene 16	8718
1334.999000	gene 17	12502
1334.999000	gene 17.5	13525
1334.999000	gene 18	12668
1334.999000	gene 18.5	12938
1334.999000	gene 18.7	11067
1334.999000	gene 19	11567
1334.999000	gene 19.2	11498
1334.999000	gene 19.3	11664
1334.999000	gene 19.5	12510
1334.999000	gene 2.5	15008
1334.999000	gene 2.8	12885
1334.999000	gene 3	11403
1334.999000	gene 3.8	15366
1334.999000	gene 4.2	13838
1334.999000	gene 4.3	17123
1334.999000	gene 4.5	18772
1334.999000	gene 4.7	18713
1334.999000	gene 4A	9042
1334.999000	gene 5	16434
1334.999000	gene 5.3	17973
1334.999000	gene 5.5	17625
1334.999000	gene 5.7	16032
1334.999000	gene 5.9	15960
1334.999000	gene 6	13460
1334.999000	gene 6.3	16213
1334.999000	gene 6.5	21706
1334.999000	gene 6.7	19353
1334.999000	gene 7	20358
1334.999000	gene 7.3	21619
1334.999000	gene 7.7	21707
1334.999000	gene 8	16394
1334.999000	gene 9	30349
1334.999000	gp-2	10155
1334.999000	lysozyme-3.5	11184
1334.999000	protein_kinase-0.7	1944
1334.999000	rbs	59098
1334.999000	ribosome	1
1334.999000	rnapol-1	12
1334.999000	rnapol-3.5	1763
1339.999001	E. coli B promoter	1
1339.999001	E. coli C promoter	1
1339.999001	E. coli promoter A1	1
1339.999001	E. coli promoter A2	1
1339.999001	E. coli promoter A3	1
1339.999001	T7 promoter phi1.1A	1
1339.999001	T7 promoter phi1.1B	1
1339.999001	T7 promoter phi1.3	1
1339.999001	T7 promoter phi1.5	1
1339.999001	T7 promoter phi1.6	1
1339.999001	T7 promoter phi10	0
1339.999001	T7 promoter phi13	0
1339.999001	T7 promoter phi17	0
1339.999001	T7 promoter phi2.5	1
1339.999001	T7 promoter phi3.8	0
1339.999001	T7 promoter phi4.3	1
1339.999001	T7 promoter phi4.7	0
1339.999001	T7 promoter phi4c	1
1339.999001	T7 promoter phi6.5	0
1339.999001	T7 promoter phi9	1
1339.999001	bound_ecolipol	0
1339.999001	bound_ecolipol_p	438
1339.999001	bound_ribosome	1229
1339.999001	degraded_transcript	73356
1339.999001	ecoli_genome	1362
1339.999001	ecoli_transcript	25351
1339.999001	ecolipol	0
1339.999001	ecolipol-2	0
1339.999001	ecolipol-2-p	1358
1339.999001	ecolipol-p	4
1339.999001	gene 0.3	2290
1339.999001	gene 1.1	6711
1339.999001	gene 1.2	5708
1339.999001	gene 1.3	10362
1339.999001	gene 1.4	8708
1339.999001	gene 1.5	8513
1339.999001	gene 1.6	10951
1339.999001	gene 1.7	11413
1339.999001	gene 1.8	10573
1339.999001	gene 10A	50405
1339.999001	gene 11	7396
1339.999001	gene 12	6239
1339.999001	gene 13	12627
1339.999001	gene 14	11130
1339.999001	gene 15	9986
1339.999001	gene 16	8787
1339.999001	gene 17	12591
1339.999001	gene 17.5	13601
1339.999001	gene 18	12757
1339.999001	gene 18.5	13036
1339.999001	gene 18.7	11163
1339.999001	gene 19	11656
1339.999001	gene 19.2	11575
1339.999001	gene 19.3	11754
1339.999001	gene 19.5	12595
1339.999001	gene 2.5	15114
1339.999001	gene 2.8	12993
1339.999001	gene 3	11501
1339.999001	gene 3.8	15466
1339.999001	gene 4.2	13951
1339.999001	gene 4.3	17252
1339.999001	gene 4.5	18903
1339.999001	gene 4.7	18851
1339.999001	gene 4A	9139
1339.999001	gene 5	16580
1339.999001	gene 5.3	18099
1339.999001	gene 5.5	17763
1339.999001	gene 5.7	16182
1339.999001	gene 5.9	16083
1339.999001	gene 6	13565
1339.999001	gene 6.3	16341
1339.999001	gene 6.5	21869
1339.999001	gene 6.7	19505
1339.999001	gene 7	20501
1339.999001	gene 7.3	21782
1339.999001	gene 7.7	21861
1339.999001	gene 8	16563
1339.999001	gene 9	30548
1339.999001	gp-2	10260
1339.999001	lysozyme-3.5	11285
1339.999001	protein_kinase-0.7	1944
1339.999001	rbs	59649
1339.999001	ribosome	2
1339.999001	rnapol-1	12
1339.999001	rnapol-3.5	1771
1344.999001	E. coli B promoter	1
1344.999001	E. coli C promoter	1
1344.999001	E. coli promoter A1	1
1344.999001	E. coli promoter A2	1
1344.999001	E. coli promoter A3	1
1344.999001	T7 promoter phi1.1A	1
1344.999001	T7 promoter phi1.1B	1
1344.999001	T7 promoter phi1.3	1
1344.999001	T7 promoter phi1.5	1
1344.999001	T7 promoter phi1.6	0
1344.999001	T7 promoter phi10	0
1344.999001	T7 promoter phi13	0
1344.999001	T7 promoter phi17	1
1344.999001	T7 promoter phi2.5	0
1344.999001	T7 promoter phi3.8	0
1344.999001	T7 promoter phi4.3	1
1344.999001	T7 promoter phi4.7	1
1344.999001	T7 promoter phi4c	1
1344.999001	T7 promoter phi6.5	1
1344.999001	T7 promoter phi9	0
1344.999001	bound_ecolipol	0
1344.999001	bound_ecolipol_p	433
1344.999001	bound_ribosome	1194
1344.999001	degraded_transcript	73571
1344.999001	ecoli_genome	1367
1344.999001	ecoli_transcript	25260
1344.999001	ecolipol	0
1344.999001	ecolipol-2	0
1344.999001	ecolipol-2-p	1365
1344.999001	ecolipol-p	2
1344.999001	gene 0.3	2292
1344.999001	gene 1.1	6764
1344.999001	gene 1.2	5747
1344.999001	gene 1.3	10428
1344.999001	gene 1.4	8779
1344.999001	gene 1.5	8578
1344.999001	gene 1.6	11026
1344.999001	gene 1.7	11494
1344.999001	gene 1.8	10662
1344.999001	gene 10A	50675
1344.999001	gene 11	7449
1344.999001	gene 12	6278
1344.999001	gene 13	12694
1344.999001	gene 14	11204
1344.999001	gene 15	10059
1344.999001	gene 16	8848
1344.999001	gene 17	12694
1344.999001	gene 17.5	13698
1344.999001	gene 18	12833
1344.999001	gene 18.5	13114
1344.999001	gene 18.7	11254
1344.999001	gene 19	11749
1344.999001	gene 19.2	11657
1344.999001	gene 19.3	11857
1344.999001	gene 19.5	12676
1344.999001	gene 2.5	15219
1344.999001	gene 2.8	13085
1344.999001	gene 3	11593
1344.999001	gene 3.8	15567
1344.999001	gene 4.2	14049
1344.999001	gene 4.3	17378
1344.999001	gene 4.5	19019
1344.999001	gene 4.7	18989
1344.999001	gene 4A	9258
1344.999001	gene 5	16703
1344.999001	gene 5.3	18226
1344.999001	gene 5.5	17888
1344.999001	gene 5.7	16308
1344.999001	gene 5.9	16215
1344.999001	gene 6	13666
1344.999001	gene 6.3	16491
1344.999001	gene 6.5	22011
1344.999001	gene 6.7	19657
1344.999001	gene 7	20652
1344.999001	gene 7.3	21941
1344.999001	gene 7.7	22015
1344.999001	gene 8	16722
1344.999001	gene 9	30734
1344.999001	gp-2	10329
1344.999001	lysozyme-3.5	11357
1344.999001	protein_kinase-0.7	1946
1344.999001	rbs	60023
1344.999001	ribosome	0
1344.999001	rnapol-1	6
1344.999001	rnapol-3.5	1781
1349.999001	E. coli B promoter	1
1349.999001	E. coli C promoter	1
1349.999001	E. coli promoter A1	1
1349.999001	E. coli promoter A2	1
1349.999001	E. coli promoter A3	1
1349.999001	T7 promoter phi1.1A	1
1349.999001	T7 promoter phi1.1B	1
1349.999001	T7 promoter phi1.3	1
1349.999001	T7 promoter phi1.5	1
1349.999001	T7 promoter phi1.6	1
1349.999001	T7 promoter phi10	0
1349.999001	T7 promoter phi13	1
1349.999001	T7 promoter phi17	0
1349.999001	T7 promoter phi2.5	0
1349.999001	T7 promoter phi3.8	1
1349.999001	T7 promoter phi4.3	1
1349.999001	T7 promoter phi4.7	0
1349.999001	T7 promoter phi4c	0
1349.999001	T7 promoter phi6.5	1
1349.999001	T7 promoter phi9	0
1349.999001	bound_ecolipol	0
1349.999001	bound_ecolipol_p	440
1349.999001	bound_ribosome	1192
1349.999001	degraded_transcript	73812
1349.999001	ecoli_genome	1360
1349.999001	ecoli_transcript	25090
1349.999001	ecolipol	0
1349.999001	ecolipol-2	0
1349.999001	ecolipol-2-p	1358
1349.999001	ecolipol-p	2
1349.999001	gene 0.3	2295
1349.999001	gene 1.1	6811
1349.999001	gene 1.2	5777
1349.999001	gene 1.3	10485
1349.999001	gene 1.4	8837
1349.999001	gene 1.5	8634
1349.999001	gene 1.6	11095
1349.999001	gene 1.7	11574
1349.999001	gene 1.8	10759
1349.999001	gene 10A	50982
1349.999001	gene 11	7489
1349.999001	gene 12	6318
1349.999001	gene 13	12759
1349.999001	gene 14	11284
1349.999001	gene 15	10145
1349.999001	gene 16	8933
1349.999001	gene 17	12781
1349.999001	gene 17.5	13803
1349.999001	gene 18	12928
1349.999001	gene 18.5	13194
1349.999001	gene 18.7	11335
1349.999001	gene 19	11832
1349.999001	gene 19.2	11738
1349.999001	gene 19.3	11940
1349.999001	gene 19.5	12765
1349.999001	gene 2.5	15333
1349.999001	gene 2.8	13178
1349.999001	gene 3	11690
1349.999001	gene 3.8	15685
1349.999001	gene 4.2	14153
1349.999001	gene 4.3	17520
1349.999001	gene 4.5	19157
1349.999001	gene 4.7	19138
1349.999001	gene 4A	9348
1349.999001	gene 5	16818
1349.999001	gene 5.3	18369
1349.999001	gene 5.5	18026
1349.999001	gene 5.7	16451
1349.999001	gene 5.9	16320
1349.999001	gene 6	13787
1349.999001	gene 6.3	16626
1349.999001	gene 6.5	22176
1349.999001	gene 6.7	19802
1349.999001	gene 7	20782
1349.999001	gene 7.3	22088
1349.999001	gene 7.7	22177
1349.999001	gene 8	16873
1349.999001	gene 9	30945
1349.999001	gp-2	10442
1349.999001	lysozyme-3.5	11462
1349.999001	protein_kinase-0.7	1948
1349.999001	rbs	60397
1349.999001	ribosome	2
1349.999001	rnapol-1	13
1349.999001	rnapol-3.5	1780
1354.999000	E. coli B promoter	1
1354.999000	E. coli C promoter	1
1354.999000	E. coli promoter A1	1
1354.999000	E. coli promoter A2	1
1354.999000	E. coli promoter A3	1
1354.999000	T7 promoter phi1.1A	1
1354.999000	T7 promoter phi1.1B	1
1354.999000	T7 promoter phi1.3	1
1354.999000	T7 promoter phi1.5	1
1354.999000	T7 promoter phi1.6	0
1354.999000	T7 promoter phi10	0
1354.999000	T7 promoter phi13	1
1354.999000	T7 promoter phi17	0
1354.999000	T7 promoter phi2.5	1
1354.999000	T7 promoter phi3.8	1
1354.999000	T7 promoter phi4.3	0
1354.999000	T7 promoter phi4.7	1
1354.999000	T7 promoter phi4c	0
1354.999000	T7 promoter phi6.5	0
1354.999000	T7 promoter phi9	0
1354.999000	bound_ecolipol	0
1354.999000	bound_ecolipol_p	427
1354.999000	bound_ribosome	1212
1354.999000	degraded_transcript	74038
1354.999000	ecoli_genome	1373
1354.999000	ecoli_transcript	24932
1354.999000	ecolipol	0
1354.999000	ecolipol-2	0
1354.999000	ecolipol-2-p	1372
1354.999000	ecolipol-p	1
1354.999000	gene 0.3	2298
1354.999000	gene 1.1	6857
1354.999000	gene 1.2	5809
1354.999000	gene 1.3	10551
1354.999000	gene 1.4	8885
1354.999000	gene 1.5	8707
1354.999000	gene 1.6	11175
1354.999000	gene 1.7	11657
1354.999000	gene 1.8	10847
1354.999000	gene 10A	51260
1354.999000	gene 11	7527
1354.999000	gene 12	6360
1354.999000	gene 13	12848
1354.999000	gene 14	11357
1354.999000	gene 15	10222
1354.999000	gene 16	9010
1354.999000	gene 17	12856
1354.999000	gene 17.5	13874
1354.999000	gene 18	13005
1354.999000	gene 18.5	13291
1354.999000	gene 18.7	11430
1354.999000	gene 19	11919
1354.999000	gene 19.2	11824
1354.999000	gene 19.3	12019
1354.999000	gene 19.5	12836
1354.999000	gene 2.5	15424
1354.999000	gene 2.8	13276
1354.999000	gene 3	11783
1354.999000	gene 3.8	15791
1354.999000	gene 4.2	14258
1354.999000	gene 4.3	17654
1354.999000	gene 4.5	19278
1354.999000	gene 4.7	19283
1354.999000	gene 4A	9433
1354.999000	gene 5	16950
1354.999000	gene 5.3	18504
1354.999000	gene 5.5	18154
1354.999000	gene 5.7	16585
1354.999000	gene 5.9	16441
1354.999000	gene 6	13919
1354.999000	gene 6.3	16760
1354.999000	gene 6.5	22346
1354.999000	gene 6.7	19969
1354.999000	gene 7	20925
1354.999000	gene 7.3	22229
1354.999000	gene 7.7	22337
1354.999000	gene 8	17027
1354.999000	gene 9	31178
1354.999000	gp-2	10528
1354.999000	lysozyme-3.5	11578
1354.999000	protein_kinase-0.7	1949
1354.999000	rbs	60834
1354.999000	ribosome	1
1354.999000	rnapol-1	16
1354.999000	rnapol-3.5	1776
1359.999001	E. coli B promoter	1
1359.999001	E. coli C promoter	1
1359.999001	E. coli promoter A1	1
1359.999001	E. coli promoter A2	1
1359.999001	E. coli promoter A3	1
1359.999001	T7 promoter phi1.1A	0
1359.999001	T7 promoter phi1.1B	1
1359.999001	T7 promoter phi1.3	1
1359.999001	T7 promoter phi1.5	1
1359.999001	T7 promoter phi1.6	1
1359.999001	T7 promoter phi10	0
1359.999001	T7 promoter phi13	0
1359.999001	T7 promoter phi17	0
1359.999001	T7 promoter phi2.5	0
1359.999001	T7 promoter phi3.8	1
1359.999001	T7 promoter phi4.3	1
1359.999001	T7 promoter phi4.7	1
1359.999001	T7 promoter phi4c	0
1359.999001	T7 promoter phi6.5	0
1359.999001	T7 promoter phi9	0
1359.999001	bound_ecolipol	0
1359.999001	bound_ecolipol_p	432
1359.999001	bound_ribosome	1176
1359.999001	degraded_transcript	74279
1359.999001	ecoli_genome	1368
1359.999001	ecoli_transcript	24809
1359.999001	ecolipol	0
1359.999001	ecolipol-2	0
1359.999001	ecolipol-2-p	1366
1359.999001	ecolipol-p	2
1359.999001	gene 0.3	2304
1359.999001	gene 1.1	6910
1359.999001	gene 1.2	5845
1359.999001	gene 1.3	10616
1359.999001	gene 1.4	8952
1359.999001	gene 1.5	8774
1359.999001	gene 1.6	11259
1359.999001	gene 1.7	11741
1359.999001	gene 1.8	10916
1359.999001	gene 10A	51535
1359.999001	gene 11	7574
1359.999001	gene 12	6396
1359.999001	gene 13	12915
1359.999001	gene 14	11439
1359.999001	gene 15	10295
1359.999001	gene 16	9091
1359.999001	gene 17	12952
1359.999001	gene 17.5	13970
1359.999001	gene 18	13077
1359.999001	gene 18.5	13379
1359.999001	gene 18.7	11498
1359.999001	gene 19	11995
1359.999001	gene 19.2	11900
1359.999001	gene 19.3	12101
1359.999001	gene 19.5	12917
1359.999001	gene 2.5	15532
1359.999001	gene 2.8	13381
1359.999001	gene 3	11872
1359.999001	gene 3.8	15888
1359.999001	gene 4.2	14372
1359.999001	gene 4.3	17764
1359.999001	gene 4.5	19420
1359.999001	gene 4.7	19426
1359.999001	gene 4A	9530
1359.999001	gene 5	17076
1359.999001	gene 5.3	18651
1359.999001	gene 5.5	18297
1359.999001	gene 5.7	16705
1359.999001	gene 5.9	16577
1359.999001	gene 6	14051
1359.999001	gene 6.3	16900
1359.999001	gene 6.5	22533
1359.999001	gene 6.7	20125
1359.999001	gene 7	21084
1359.999001	gene 7.3	22394
1359.999001	gene 7.7	22516
1359.999001	gene 8	17170
1359.999001	gene 9	31411
1359.999001	gp-2	10615
1359.999001	lysozyme-3.5	11678
1359.999001	protein_kinase-0.7	1954
1359.999001	rbs	61273
1359.999001	ribosome	1
1359.999001	rnapol-1	6
1359.999001	rnapol-3.5	1780
1364.999000	E. coli B promoter	1
1364.999000	E. coli C promoter	1
1364.999000	E. coli promoter A1	1
1364.999000	E. coli promoter A2	1
1364.999000	E. coli promoter A3	1
1364.999000	T7 promoter phi1.1A	0
1364.999000	T7 promoter phi1.1B	0
1364.999000	T7 promoter phi1.3	1
1364.999000	T7 promoter phi1.5	0
1364.999000	T7 promoter phi1.6	0
1364.999000	T7 promoter phi10	0
1364.999000	T7 promoter phi13	1
1364.999000	T7 promoter phi17	1
1364.999000	T7 promoter phi2.5	1
1364.999000	T7 promoter phi3.8	1
1364.999000	T7 promoter phi4.3	1
1364.999000	T7 promoter phi4.7	0
1364.999000	T7 promoter phi4c	0
1364.999000	T7 promoter phi6.5	1
1364.999000	T7 promoter phi9	0
1364.999000	bound_ecolipol	0
1364.999000	bound_ecolipol_p	432
1364.999000	bound_ribosome	1123
1364.999000	degraded_transcript	74511
1364.999000	ecoli_genome	1368
1364.999000	ecoli_transcript	24706
1364.999000	ecolipol	0
1364.999000	ecolipol-2	0
1364.999000	ecolipol-2-p	1365
1364.999000	ecolipol-p	3
1364.999000	gene 0.3	2306
1364.999000	gene 1.1	6939
1364.999000	gene 1.2	5869
1364.999000	gene 1.3	10682
1364.999000	gene 1.4	9018
1364.999000	gene 1.5	8848
1364.999000	gene 1.6	11337
1364.999000	gene 1.7	11824
1364.999000	gene 1.8	10994
1364.999000	gene 10A	51824
1364.999000	gene 11	7615
1364.999000	gene 12	6434
1364.999000	gene 13	12992
1364.999000	gene 14	11500
1364.999000	gene 15	10370
1364.999000	gene 16	9174
1364.999000	gene 17	13053
1364.999000	gene 17.5	14053
1364.999000	gene 18	13154
1364.999000	gene 18.5	13452
1364.999000	gene 18.7	11577
1364.999000	gene 19	12059
1364.999000	gene 19.2	12002
1364.999000	gene 19.3	12175
1364.999000	gene 19.5	13027
1364.999000	gene 2.5	15636
1364.999000	gene 2.8	13497
1364.999000	gene 3	11967
1364.999000	gene 3.8	15991
1364.999000	gene 4.2	14477
1364.999000	gene 4.3	17889
1364.999000	gene 4.5	19563
1364.999000	gene 4.7	19583
1364.999000	gene 4A	9634
1364.999000	gene 5	17214
1364.999000	gene 5.3	18788
1364.999000	gene 5.5	18412
1364.999000	gene 5.7	16839
1364.999000	gene 5.9	16716
1364.999000	gene 6	14154
1364.999000	gene 6.3	17019
1364.999000	gene 6.5	22686
1364.999000	gene 6.7	20278
1364.999000	gene 7	21224
1364.999000	gene 7.3	22543
1364.999000	gene 7.7	22673
1364.999000	gene 8	17319
1364.999000	gene 9	31628
1364.999000	gp-2	10698
1364.999000	lysozyme-3.5	11797
1364.999000	protein_kinase-0.7	1957
1364.999000	rbs	61760
1364.999000	ribosome	2
1364.999000	rnapol-1	8
1364.999000	rnapol-3.5	1775
1369.999002	E. coli B promoter	1
1369.999002	E. coli C promoter	1
1369.999002	E. coli promoter A1	1
1369.999002	E. coli promoter A2	1
1369.999002	E. coli promoter A3	1
1369.999002	T7 promoter phi1.1A	1
1369.999002	T7 promoter phi1.1B	0
1369.999002	T7 promoter phi1.3	1
1369.999002	T7 promoter phi1.5	0
1369.999002	T7 promoter phi1.6	0
1369.999002	T7 promoter phi10	0
1369.999002	T7 promoter phi13	1
1369.999002	T7 promoter phi17	1
1369.999002	T7 promoter phi2.5	1
1369.999002	T7 promoter phi3.8	1
1369.999002	T7 promoter phi4.3	1
1369.999002	T7 promoter phi4.7	1
1369.999002	T7 promoter phi4c	1
1369.999002	T7 promoter phi6.5	1
1369.999002	T7 promoter phi9	0
1369.999002	bound_ecolipol	0
1369.999002	bound_ecolipol_p	416
1369.999002	bound_ribosome	1112
1369.999002	degraded_transcript	74740
1369.999002	ecoli_genome	1384
1369.999002	ecoli_transcript	24571
1369.999002	ecolipol	0
1369.999002	ecolipol-2	0
1369.999002	ecolipol-2-p	1383
1369.999002	ecolipol-p	1
1369.999002	gene 0.3	2309
1369.999002	gene 1.1	6995
1369.999002	gene 1.2	5898
1369.999002	gene 1.3	10752
1369.999002	gene 1.4	9079
1369.999002	gene 1.5	8907
1369.999002	gene 1.6	11431
1369.999002	gene 1.7	11904
1369.999002	gene 1.8	11092
1369.999002	gene 10A	52088
1369.999002	gene 11	7653
1369.999002	gene 12	6484
1369.999002	gene 13	13078
1369.999002	gene 14	11557
1369.999002	gene 15	10433
1369.999002	gene 16	9242
1369.999002	gene 17	13142
1369.999002	gene 17.5	14147
1369.999002	gene 18	13249
1369.999002	gene 18.5	13540
1369.999002	gene 18.7	11658
1369.999002	gene 19	12151
1369.999002	gene 19.2	12077
1369.999002	gene 19.3	12268
1369.999002	gene 19.5	13118
1369.999002	gene 2.5	15780
1369.999002	gene 2.8	13595
1369.999002	gene 3	12064
1369.999002	gene 3.8	16113
1369.999002	gene 4.2	14563
1369.999002	gene 4.3	18000
1369.999002	gene 4.5	19688
1369.999002	gene 4.7	19727
1369.999002	gene 4A	9740
1369.999002	gene 5	17333
1369.999002	gene 5.3	18915
1369.999002	gene 5.5	18554
1369.999002	gene 5.7	16986
1369.999002	gene 5.9	16843
1369.999002	gene 6	14271
1369.999002	gene 6.3	17138
1369.999002	gene 6.5	22838
1369.999002	gene 6.7	20434
1369.999002	gene 7	21395
1369.999002	gene 7.3	22685
1369.999002	gene 7.7	22813
1369.999002	gene 8	17471
1369.999002	gene 9	31840
1369.999002	gp-2	10780
1369.999002	lysozyme-3.5	11908
1369.999002	protein_kinase-0.7	1958
1369.999002	rbs	62105
1369.999002	ribosome	0
1369.999002	rnapol-1	10
1369.999002	rnapol-3.5	1780
1374.999001	E. coli B promoter	1
1374.999001	E. coli C promoter	1
1374.999001	E. coli promoter A1	1
1374.999001	E. coli promoter A2	1
1374.999001	E. coli promoter A3	1
1374.999001	T7 promoter phi1.1A	1
1374.999001	T7 promoter phi1.1B	0
1374.999001	T7 promoter phi1.3	1
1374.999001	T7 promoter phi1.5	1
1374.999001	T7 promoter phi1.6	1
1374.999001	T7 promoter phi10	0
1374.999001	T7 promoter phi13	1
1374.999001	T7 promoter phi17	0
1374.999001	T7 promoter phi2.5	1
1374.999001	T7 promoter phi3.8	1
1374.999001	T7 promoter phi4.3	1
1374.999001	T7 promoter phi4.7	1
1374.999001	T7 promoter phi4c	0
1374.999001	T7 promoter phi6.5	1
1374.999001	T7 promoter phi9	0
1374.999001	bound_ecolipol	0
1374.999001	bound_ecolipol_p	400
1374.999001	bound_ribosome	1107
1374.999001	degraded_transcript	74966
1374.999001	ecoli_genome	1400
1374.999001	ecoli_transcript	24439
1374.999001	ecolipol	0
1374.999001	ecolipol-2	0
1374.999001	ecolipol-2-p	1398
1374.999001	ecolipol-p	2
1374.999001	gene 0.3	2311
1374.999001	gene 1.1	7042
1374.999001	gene 1.2	5922
1374.999001	gene 1.3	10823
1374.999001	gene 1.4	9126
1374.999001	gene 1.5	8978
1374.999001	gene 1.6	11502
1374.999001	gene 1.7	11998
1374.999001	gene 1.8	11172
1374.999001	gene 10A	52349
1374.999001	gene 11	7690
1374.999001	gene 12	6518
1374.999001	gene 13	13159
1374.999001	gene 14	11624
1374.999001	gene 15	10517
1374.999001	gene 16	9326
1374.999001	gene 17	13236
1374.999001	gene 17.5	14244
1374.999001	gene 18	13328
1374.999001	gene 18.5	13633
1374.999001	gene 18.7	11741
1374.999001	gene 19	12241
1374.999001	gene 19.2	12164
1374.999001	gene 19.3	12349
1374.999001	gene 19.5	13203
1374.999001	gene 2.5	15880
1374.999001	gene 2.8	13693
1374.999001	gene 3	12175
1374.999001	gene 3.8	16218
1374.999001	gene 4.2	14688
1374.999001	gene 4.3	18120
1374.999001	gene 4.5	19816
1374.999001	gene 4.7	19869
1374.999001	gene 4A	9835
1374.999001	gene 5	17470
1374.999001	gene 5.3	19066
1374.999001	gene 5.5	18705
1374.999001	gene 5.7	17116
1374.999001	gene 5.9	16983
1374.999001	gene 6	14391
1374.999001	gene 6.3	17287
1374.999001	gene 6.5	22991
1374.999001	gene 6.7	20584
1374.999001	gene 7	21570
1374.999001	gene 7.3	22861
1374.999001	gene 7.7	22955
1374.999001	gene 8	17661
1374.999001	gene 9	32035
1374.999001	gp-2	10838
1374.999001	lysozyme-3.5	12001
1374.999001	protein_kinase-0.7	1960
1374.999001	rbs	62541
1374.999001	ribosome	1
1374.999001	rnapol-1	6
1374.999001	rnapol-3.5	1786
1379.999002	E. coli B promoter	1
1379.999002	E. coli C promoter	1
1379.999002	E. coli promoter A1	1
1379.999002	E. coli promoter A2	1
1379.999002	E. coli promoter A3	1
1379.999002	T7 promoter phi1.1A	1
1379.999002	T7 promoter phi1.1B	1
1379.999002	T7 promoter phi1.3	1
1379.999002	T7 promoter phi1.5	0
1379.999002	T7 promoter phi1.6	1
1379.999002	T7 promoter phi10	0
1379.999002	T7 promoter phi13	0
1379.999002	T7 promoter phi17	0
1379.999002	T7 promoter phi2.5	1
1379.999002	T7 promoter phi3.8	0
1379.999002	T7 promoter phi4.3	1
1379.999002	T7 promoter phi4.7	1
1379.999002	T7 promoter phi4c	1
1379.999002	T7 promoter phi6.5	1
1379.999002	T7 promoter phi9	0
1379.999002	bound_ecolipol	0
1379.999002	bound_ecolipol_p	407
1379.999002	bound_ribosome	1071
1379.999002	degraded_transcript	75209
1379.999002	ecoli_genome	1393
1379.999002	ecoli_transcript	24310
1379.999002	ecolipol	0
1379.999002	ecolipol-2	0
1379.999002	ecolipol-2-p	1390
1379.999002	ecolipol-p	3
1379.999002	gene 0.3	2314
1379.999002	gene 1.1	7086
1379.999002	gene 1.2	5961
1379.999002	gene 1.3	10892
1379.999002	gene 1.4	9197
1379.999002	gene 1.5	9035
1379.999002	gene 1.6	11574
1379.999002	gene 1.7	12070
1379.999002	gene 1.8	11255
1379.999002	gene 10A	52587
1379.999002	gene 11	7718
1379.999002	gene 12	6566
1379.999002	gene 13	13236
1379.999002	gene 14	11704
1379.999002	gene 15	10603
1379.999002	gene 16	9395
1379.999002	gene 17	13318
1379.999002	gene 17.5	14336
1379.999002	gene 18	13401
1379.999002	gene 18.5	13721
1379.999002	gene 18.7	11834
1379.999002	gene 19	12318
1379.999002	gene 19.2	12242
1379.999002	gene 19.3	12440
1379.999002	gene 19.5	13285
1379.999002	gene 2.5	15980
1379.999002	gene 2.8	13803
1379.999002	gene 3	12263
1379.999002	gene 3.8	16323
1379.999002	gene 4.2	14806
1379.999002	gene 4.3	18238
1379.999002	gene 4.5	19951
1379.999002	gene 4.7	20011
1379.999002	gene 4A	9926
1379.999002	gene 5	17618
1379.999002	gene 5.3	19217
1379.999002	gene 5.5	18857
1379.999002	gene 5.7	17237
1379.999002	gene 5.9	17098
1379.999002	gene 6	14509
1379.999002	gene 6.3	17404
1379.999002	gene 6.5	23146
1379.999002	gene 6.7	20760
1379.999002	gene 7	21733
1379.999002	gene 7.3	23003
1379.999002	gene 7.7	23109
1379.999002	gene 8	17814
1379.999002	gene 9	32262
1379.999002	gp-2	10937
1379.999002	lysozyme-3.5	12107
1379.999002	protein_kinase-0.7	1963
1379.999002	rbs	63075
1379.999002	ribosome	1
1379.999002	rnapol-1	9
1379.999002	rnapol-3.5	1790
1384.999000	E. coli B promoter	1
1384.999000	E. coli C promoter	1
1384.999000	E. coli promoter A1	1
1384.999000	E. coli promoter A2	1
1384.999000	E. coli promoter A3	1
1384.999000	T7 promoter phi1.1A	1
1384.999000	T7 promoter phi1.1B	1
1384.999000	T7 promoter phi1.3	1
1384.999000	T7 promoter phi1.5	1
1384.999000	T7 promoter phi1.6	1
1384.999000	T7 promoter phi10	0
1384.999000	T7 promoter phi13	1
1384.999000	T7 promoter phi17	1
1384.999000	T7 promoter phi2.5	0
1384.999000	T7 promoter phi3.8	0
1384.999000	T7 promoter phi4.3	0
1384.999000	T7 promoter phi4.7	1
1384.999000	T7 promoter phi4c	0
1384.999000	T7 promoter phi6.5	0
1384.999000	T7 promoter phi9	0
1384.999000	bound_ecolipol	0
1384.999000	bound_ecolipol_p	413
1384.999000	bound_ribosome	1039
1384.999000	degraded_transcript	75442
1384.999000	ecoli_genome	1387
1384.999000	ecoli_transcript	24181
1384.999000	ecolipol	0
1384.999000	ecolipol-2	0
1384.999000	ecolipol-2-p	1383
1384.999000	ecolipol-p	4
1384.999000	gene 0.3	2316
1384.999000	gene 1.1	7130
1384.999000	gene 1.2	5986
1384.999000	gene 1.3	10945
1384.999000	gene 1.4	9260
1384.999000	gene 1.5	9107
1384.999000	gene 1.6	11643
1384.999000	gene 1.7	12147
1384.999000	gene 1.8	11354
1384.999000	gene 10A	52860
1384.999000	gene 11	7748
1384.999000	gene 12	6612
1384.999000	gene 13	13327
1384.999000	gene 14	11769
1384.999000	gene 15	10666
1384.999000	gene 16	9468
1384.999000	gene 17	13400
1384.999000	gene 17.5	14433
1384.999000	gene 18	13495
1384.999000	gene 18.5	13811
1384.999000	gene 18.7	11920
1384.999000	gene 19	12406
1384.999000	gene 19.2	12322
1384.999000	gene 19.3	12534
1384.999000	gene 19.5	13369
1384.999000	gene 2.5	16077
1384.999000	gene 2.8	13895
1384.999000	gene 3	12361
1384.999000	gene 3.8	16445
1384.999000	gene 4.2	14937
1384.999000	gene 4.3	18373
1384.999000	gene 4.5	20083
1384.999000	gene 4.7	20165
1384.999000	gene 4A	10029
1384.999000	gene 5	17742
1384.999000	gene 5.3	19340
1384.999000	gene 5.5	18994
1384.999000	gene 5.7	17350
1384.999000	gene 5.9	17224
1384.999000	gene 6	14604
1384.999000	gene 6.3	17522
1384.999000	gene 6.5	23313
1384.999000	gene 6.7	20937
1384.999000	gene 7	21878
1384.999000	gene 7.3	23156
1384.999000	gene 7.7	23284
1384.999000	gene 8	17979
1384.999000	gene 9	32455
1384.999000	gp-2	11036
1384.999000	lysozyme-3.5	12197
1384.999000	protein_kinase-0.7	1963
1384.999000	rbs	63490
1384.999000	ribosome	1
1384.999000	rnapol-1	4
1384.999000	rnapol-3.5	1783
1389.999001	E. coli B promoter	1
1389.999001	E. coli C promoter	1
1389.999001	E. coli promoter A1	1
1389.999001	E. coli promoter A2	1
1389.999001	E. coli promoter A3	1
1389.999001	T7 promoter phi1.1A	1
1389.999001	T7 promoter phi1.1B	1
1389.999001	T7 promoter phi1.3	1
1389.999001	T7 promoter phi1.5	0
1389.999001	T7 promoter phi1.6	1
1389.999001	T7 promoter phi10	0
1389.999001	T7 promoter phi13	0
1389.999001	T7 promoter phi17	0
1389.999001	T7 promoter phi2.5	0
1389.999001	T7 promoter phi3.8	0
1389.999001	T7 promoter phi4.3	1
1389.999001	T7 promoter phi4.7	0
1389.999001	T7 promoter phi4c	0
1389.999001	T7 promoter phi6.5	1
1389.999001	T7 promoter phi9	0
1389.999001	bound_ecolipol	0
1389.999001	bound_ecolipol_p	414
1389.999001	bound_ribosome	1026
1389.999001	degraded_transcript	75676
1389.999001	ecoli_genome	1386
1389.999001	ecoli_transcript	24036
1389.999001	ecolipol	0
1389.999001	ecolipol-2	0
1389.999001	ecolipol-2-p	1386
1389.999001	ecolipol-p	0
1389.999001	gene 0.3	2318
1389.999001	gene 1.1	7192
1389.999001	gene 1.2	6016
1389.999001	gene 1.3	11002
1389.999001	gene 1.4	9326
1389.999001	gene 1.5	9169
1389.999001	gene 1.6	11725
1389.999001	gene 1.7	12237
1389.999001	gene 1.8	11432
1389.999001	gene 10A	53112
1389.999001	gene 11	7787
1389.999001	gene 12	6645
1389.999001	gene 13	13401
1389.999001	gene 14	11844
1389.999001	gene 15	10751
1389.999001	gene 16	9528
1389.999001	gene 17	13487
1389.999001	gene 17.5	14530
1389.999001	gene 18	13577
1389.999001	gene 18.5	13902
1389.999001	gene 18.7	11998
1389.999001	gene 19	12484
1389.999001	gene 19.2	12416
1389.999001	gene 19.3	12613
1389.999001	gene 19.5	13445
1389.999001	gene 2.5	16190
1389.999001	gene 2.8	13990
1389.999001	gene 3	12446
1389.999001	gene 3.8	16566
1389.999001	gene 4.2	15059
1389.999001	gene 4.3	18487
1389.999001	gene 4.5	20207
1389.999001	gene 4.7	20304
1389.999001	gene 4A	10116
1389.999001	gene 5	17872
1389.999001	gene 5.3	19469
1389.999001	gene 5.5	19135
1389.999001	gene 5.7	17476
1389.999001	gene 5.9	17354
1389.999001	gene 6	14736
1389.999001	gene 6.3	17675
1389.999001	gene 6.5	23482
1389.999001	gene 6.7	21088
1389.999001	gene 7	22013
1389.999001	gene 7.3	23316
1389.999001	gene 7.7	23441
1389.999001	gene 8	18139
1389.999001	gene 9	32674
1389.999001	gp-2	11125
1389.999001	lysozyme-3.5	12319
1389.999001	protein_kinase-0.7	1965
1389.999001	rbs	63860
1389.999001	ribosome	2
1389.999001	rnapol-1	9
1389.999001	rnapol-3.5	1779
1394.999000	E. coli B promoter	1
1394.999000	E. coli C promoter	1
1394.999000	E. coli promoter A1	1
1394.999000	E. coli promoter A2	1
1394.999000	E. coli promoter A3	1
1394.999000	T7 promoter phi1.1A	1
1394.999000	T7 promoter phi1.1B	1
1394.999000	T7 promoter phi1.3	1
1394.999000	T7 promoter phi1.5	1
1394.999000	T7 promoter phi1.6	0
1394.999000	T7 promoter phi10	0
1394.999000	T7 promoter phi13	1
1394.999000	T7 promoter phi17	0
1394.999000	T7 promoter phi2.5	0
1394.999000	T7 promoter phi3.8	0
1394.999000	T7 promoter phi4.3	0
1394.999000	T7 promoter phi4.7	0
1394.999000	T7 promoter phi4c	0
1394.999000	T7 promoter phi6.5	0
1394.999000	T7 promoter phi9	0
1394.999000	bound_ecolipol	0
1394.999000	bound_ecolipol_p	405
1394.999000	bound_ribosome	1034
1394.999000	degraded_transcript	75924
1394.999000	ecoli_genome	1395
1394.999000	ecoli_transcript	23872
1394.999000	ecolipol	0
1394.999000	ecolipol-2	0
1394.999000	ecolipol-2-p	1391
1394.999000	ecolipol-p	4
1394.999000	gene 0.3	2319
1394.999000	gene 1.1	7242
1394.999000	gene 1.2	6043
1394.999000	gene 1.3	11062
1394.999000	gene 1.4	9382
1394.999000	gene 1.5	9221
1394.999000	gene 1.6	11808
1394.999000	gene 1.7	12314
1394.999000	gene 1.8	11524
1394.999000	gene 10A	53381
1394.999000	gene 11	7834
1394.999000	gene 12	6692
1394.999000	gene 13	13478
1394.999000	gene 14	11912
1394.999000	gene 15	10820
1394.999000	gene 16	9595
1394.999000	gene 17	13577
1394.999000	gene 17.5	14636
1394.999000	gene 18	13660
1394.999000	gene 18.5	13986
1394.999000	gene 18.7	12070
1394.999000	gene 19	12555
1394.999000	gene 19.2	12487
1394.999000	gene 19.3	12691
1394.999000	gene 19.5	13533
1394.999000	gene 2.5	16314
1394.999000	gene 2.8	14089
1394.999000	gene 3	12549
1394.999000	gene 3.8	16708
1394.999000	gene 4.2	15176
1394.999000	gene 4.3	18599
1394.999000	gene 4.5	20330
1394.999000	gene 4.7	20427
1394.999000	gene 4A	10222
1394.999000	gene 5	17998
1394.999000	gene 5.3	19603
1394.999000	gene 5.5	19288
1394.999000	gene 5.7	17602
1394.999000	gene 5.9	17469
1394.999000	gene 6	14872
1394.999000	gene 6.3	17799
1394.999000	gene 6.5	23650
1394.999000	gene 6.7	21259
1394.999000	gene 7	22163
1394.999000	gene 7.3	23472
1394.999000	gene 7.7	23583
1394.999000	gene 8	18284
1394.999000	gene 9	32870
1394.999000	gp-2	11200
1394.999000	lysozyme-3.5	12397
1394.999000	protein_kinase-0.7	1967
1394.999000	rbs	64412
1394.999000	ribosome	1
1394.999000	rnapol-1	8
1394.999000	rnapol-3.5	1782
1399.999001	E. coli B promoter	1
1399.999001	E. coli C promoter	1
1399.999001	E. coli promoter A1	1
1399.999001	E. coli promoter A2	1
1399.999001	E. coli promoter A3	1
1399.999001	T7 promoter phi1.1A	1
1399.999001	T7 promoter phi1.1B	1
1399.999001	T7 promoter phi1.3	1
1399.999001	T7 promoter phi1.5	0
1399.999001	T7 promoter phi1.6	1
1399.999001	T7 promoter phi10	0
1399.999001	T7 promoter phi13	1
1399.999001	T7 promoter phi17	0
1399.999001	T7 promoter phi2.5	0
1399.999001	T7 promoter phi3.8	1
1399.999001	T7 promoter phi4.3	1
1399.999001	T7 promoter phi4.7	0
1399.999001	T7 promoter phi4c	1
1399.999001	T7 promoter phi6.5	1
1399.999001	T7 promoter phi9	0
1399.999001	bound_ecolipol	0
1399.999001	bound_ecolipol_p	392
1399.999001	bound_ribosome	1043
1399.999001	degraded_transcript	76158
1399.999001	ecoli_genome	1408
1399.999001	ecoli_transcript	23707
1399.999001	ecolipol	0
1399.999001	ecolipol-2	0
1399.999001	ecolipol-2-p	1406
1399.999001	ecolipol-p	2
1399.999001	gene 0.3	2323
1399.999001	gene 1.1	7281
1399.999001	gene 1.2	6075
1399.999001	gene 1.3	11128
1399.999001	gene 1.4	9440
1399.999001	gene 1.5	9283
1399.999001	gene 1.6	11892
1399.999001	gene 1.7	12403
1399.999001	gene 1.8	11601
1399.999001	gene 10A	53628
1399.999001	gene 11	7866
1399.999001	gene 12	6739
1399.999001	gene 13	13549
1399.999001	gene 14	11991
1399.999001	gene 15	10894
1399.999001	gene 16	9690
1399.999001	gene 17	13650
1399.999001	gene 17.5	14725
1399.999001	gene 18	13744
1399.999001	gene 18.5	14063
1399.999001	gene 18.7	12144
1399.999001	gene 19	12644
1399.999001	gene 19.2	12580
1399.999001	gene 19.3	12785
1399.999001	gene 19.5	13601
1399.999001	gene 2.5	16418
1399.999001	gene 2.8	14195
1399.999001	gene 3	12643
1399.999001	gene 3.8	16840
1399.999001	gene 4.2	15296
1399.999001	gene 4.3	18720
1399.999001	gene 4.5	20480
1399.999001	gene 4.7	20566
1399.999001	gene 4A	10327
1399.999001	gene 5	18130
1399.999001	gene 5.3	19741
1399.999001	gene 5.5	19430
1399.999001	gene 5.7	17723
1399.999001	gene 5.9	17602
1399.999001	gene 6	14980
1399.999001	gene 6.3	17922
1399.999001	gene 6.5	23812
1399.999001	gene 6.7	21406
1399.999001	gene 7	22317
1399.999001	gene 7.3	23633
1399.999001	gene 7.7	23727
1399.999001	gene 8	18425
1399.999001	gene 9	33075
1399.999001	gp-2	11258
1399.999001	lysozyme-3.5	12498
1399.999001	protein_kinase-0.7	1967
1399.999001	rbs	64869
1399.999001	ribosome	0
1399.999001	rnapol-1	9
1399.999001	rnapol-3.5	1786
1404.999002	E. coli B promoter	1
1404.999002	E. coli C promoter	1
1404.999002	E. coli promoter A1	1
1404.999002	E. coli promoter A2	1
1404.999002	E. coli promoter A3	1
1404.999002	T7 promoter phi1.1A	1
1404.999002	T7 promoter phi1.1B	1
1404.999002	T7 promoter phi1.3	1
1404.999002	T7 promoter phi1.5	1
1404.999002	T7 promoter phi1.6	0
1404.999002	T7 promoter phi10	0
1404.999002	T7 promoter phi13	1
1404.999002	T7 promoter phi17	0
1404.999002	T7 promoter phi2.5	1
1404.999002	T7 promoter phi3.8	1
1404.999002	T7 promoter phi4.3	0
1404.999002	T7 promoter phi4.7	1
1404.999002	T7 promoter phi4c	1
1404.999002	T7 promoter phi6.5	0
1404.999002	T7 promoter phi9	0
1404.999002	bound_ecolipol	0
1404.999002	bound_ecolipol_p	405
1404.999002	bound_ribosome	1017
1404.999002	degraded_transcript	76342
1404.999002	ecoli_genome	1395
1404.999002	ecoli_transcript	23621
1404.999002	ecolipol	0
1404.999002	ecolipol-2	0
1404.999002	ecolipol-2-p	1395
1404.999002	ecolipol-p	0
1404.999002	gene 0.3	2324
1404.999002	gene 1.1	7326
1404.999002	gene 1.2	6113
1404.999002	gene 1.3	11190
1404.999002	gene 1.4	9493
1404.999002	gene 1.5	9350
1404.999002	gene 1.6	11963
1404.999002	gene 1.7	12483
1404.999002	gene 1.8	11680
1404.999002	gene 10A	53898
1404.999002	gene 11	7892
1404.999002	gene 12	6775
1404.999002	gene 13	13620
1404.999002	gene 14	12079
1404.999002	gene 15	10986
1404.999002	gene 16	9764
1404.999002	gene 17	13747
1404.999002	gene 17.5	14814
1404.999002	gene 18	13824
1404.999002	gene 18.5	14157
1404.999002	gene 18.7	12222
1404.999002	gene 19	12723
1404.999002	gene 19.2	12664
1404.999002	gene 19.3	12867
1404.999002	gene 19.5	13685
1404.999002	gene 2.5	16530
1404.999002	gene 2.8	14303
1404.999002	gene 3	12742
1404.999002	gene 3.8	16964
1404.999002	gene 4.2	15408
1404.999002	gene 4.3	18832
1404.999002	gene 4.5	20611
1404.999002	gene 4.7	20707
1404.999002	gene 4A	10423
1404.999002	gene 5	18273
1404.999002	gene 5.3	19872
1404.999002	gene 5.5	19563
1404.999002	gene 5.7	17827
1404.999002	gene 5.9	17718
1404.999002	gene 6	15103
1404.999002	gene 6.3	18045
1404.999002	gene 6.5	23956
1404.999002	gene 6.7	21567
1404.999002	gene 7	22467
1404.999002	gene 7.3	23803
1404.999002	gene 7.7	23873
1404.999002	gene 8	18552
1404.999002	gene 9	33272
1404.999002	gp-2	11354
1404.999002	lysozyme-3.5	12596
1404.999002	protein_kinase-0.7	1971
1404.999002	rbs	65255
1404.999002	ribosome	1
1404.999002	rnapol-1	9
1404.999002	rnapol-3.5	1790
1409.999000	E. coli B promoter	1
1409.999000	E. coli C promoter	1
1409.999000	E. coli promoter A1	1
1409.999000	E. coli promoter A2	1
1409.999000	E. coli promoter A3	1
1409.999000	T7 promoter phi1.1A	1
1409.999000	T7 promoter phi1.1B	1
1409.999000	T7 promoter phi1.3	1
1409.999000	T7 promoter phi1.5	1
1409.999000	T7 promoter phi1.6	0
1409.999000	T7 promoter phi10	0
1409.999000	T7 promoter phi13	1
1409.999000	T7 promoter phi17	0
1409.999000	T7 promoter phi2.5	0
1409.999000	T7 promoter phi3.8	1
1409.999000	T7 promoter phi4.3	1
1409.999000	T7 promoter phi4.7	1
1409.999000	T7 promoter phi4c	0
1409.999000	T7 promoter phi6.5	0
1409.999000	T7 promoter phi9	0
1409.999000	bound_ecolipol	0
1409.999000	bound_ecolipol_p	390
1409.999000	bound_ribosome	997
1409.999000	degraded_transcript	76568
1409.999000	ecoli_genome	1410
1409.999000	ecoli_transcript	23505
1409.999000	ecolipol	0
1409.999000	ecolipol-2	0
1409.999000	ecolipol-2-p	1408
1409.999000	ecolipol-p	2
1409.999000	gene 0.3	2326
1409.999000	gene 1.1	7382
1409.999000	gene 1.2	6147
1409.999000	gene 1.3	11253
1409.999000	gene 1.4	9563
1409.999000	gene 1.5	9409
1409.999000	gene 1.6	12042
1409.999000	gene 1.7	12569
1409.999000	gene 1.8	11744
1409.999000	gene 10A	54156
1409.999000	gene 11	7929
1409.999000	gene 12	6810
1409.999000	gene 13	13691
1409.999000	gene 14	12160
1409.999000	gene 15	11048
1409.999000	gene 16	9843
1409.999000	gene 17	13831
1409.999000	gene 17.5	14901
1409.999000	gene 18	13903
1409.999000	gene 18.5	14245
1409.999000	gene 18.7	12297
1409.999000	gene 19	12808
1409.999000	gene 19.2	12760
1409.999000	gene 19.3	12952
1409.999000	gene 19.5	13773
1409.999000	gene 2.5	16641
1409.999000	gene 2.8	14421
1409.999000	gene 3	12835
1409.999000	gene 3.8	17067
1409.999000	gene 4.2	15519
1409.999000	gene 4.3	18940
1409.999000	gene 4.5	20752
1409.999000	gene 4.7	20841
1409.999000	gene 4A	10513
1409.999000	gene 5	18415
1409.999000	gene 5.3	20012
1409.999000	gene 5.5	19716
1409.999000	gene 5.7	17944
1409.999000	gene 5.9	17837
1409.999000	gene 6	15232
1409.999000	gene 6.3	18181
1409.999000	gene 6.5	24113
1409.999000	gene 6.7	21717
1409.999000	gene 7	22614
1409.999000	gene 7.3	23948
1409.999000	gene 7.7	24041
1409.999000	gene 8	18692
1409.999000	gene 9	33485
1409.999000	gp-2	11422
1409.999000	lysozyme-3.5	12691
1409.999000	protein_kinase-0.7	1975
1409.999000	rbs	65795
1409.999000	ribosome	2
1409.999000	rnapol-1	9
1409.999000	rnapol-3.5	1776
1414.999001	E. coli B promoter	1
1414.999001	E. coli C promoter	1
1414.999001	E. coli promoter A1	1
1414.999001	E. coli promoter A2	1
1414.999001	E. coli promoter A3	1
1414.999001	T7 promoter phi1.1A	1
1414.999001	T7 promoter phi1.1B	1
1414.999001	T7 promoter phi1.3	0
1414.999001	T7 promoter phi1.5	0
1414.999001	T7 promoter phi1.6	1
1414.999001	T7 promoter phi10	0
1414.999001	T7 promoter phi13	1
1414.999001	T7 promoter phi17	0
1414.999001	T7 promoter phi2.5	0
1414.999001	T7 promoter phi3.8	0
1414.999001	T7 promoter phi4.3	1
1414.999001	T7 promoter phi4.7	0
1414.999001	T7 promoter phi4c	1
1414.999001	T7 promoter phi6.5	0
1414.999001	T7 promoter phi9	0
1414.999001	bound_ecolipol	0
1414.999001	bound_ecolipol_p	392
1414.999001	bound_ribosome	998
1414.999001	degraded_transcript	76801
1414.999001	ecoli_genome	1408
1414.999001	ecoli_transcript	23346
1414.999001	ecolipol	0
1414.999001	ecolipol-2	0
1414.999001	ecolipol-2-p	1405
1414.999001	ecolipol-p	3
1414.999001	gene 0.3	2327
1414.999001	gene 1.1	7441
1414.999001	gene 1.2	6177
1414.999001	gene 1.3	11313
1414.999001	gene 1.4	9626
1414.999001	gene 1.5	9473
1414.999001	gene 1.6	12125
1414.999001	gene 1.7	12661
1414.999001	gene 1.8	11840
1414.999001	gene 10A	54433
1414.999001	gene 11	7966
1414.999001	gene 12	6860
1414.999001	gene 13	13767
1414.999001	gene 14	12230
1414.999001	gene 15	11118
1414.999001	gene 16	9920
1414.999001	gene 17	13923
1414.999001	gene 17.5	14996
1414.999001	gene 18	13979
1414.999001	gene 18.5	14326
1414.999001	gene 18.7	12378
1414.999001	gene 19	12889
1414.999001	gene 19.2	12841
1414.999001	gene 19.3	13027
1414.999001	gene 19.5	13863
1414.999001	gene 2.5	16754
1414.999001	gene 2.8	14523
1414.999001	gene 3	12949
1414.999001	gene 3.8	17183
1414.999001	gene 4.2	15645
1414.999001	gene 4.3	19055
1414.999001	gene 4.5	20879
1414.999001	gene 4.7	20958
1414.999001	gene 4A	10615
1414.999001	gene 5	18557
1414.999001	gene 5.3	20150
1414.999001	gene 5.5	19865
1414.999001	gene 5.7	18078
1414.999001	gene 5.9	17972
1414.999001	gene 6	15363
1414.999001	gene 6.3	18291
1414.999001	gene 6.5	24265
1414.999001	gene 6.7	21853
1414.999001	gene 7	22761
1414.999001	gene 7.3	24106
1414.999001	gene 7.7	24188
1414.999001	gene 8	18870
1414.999001	gene 9	33673
1414.999001	gp-2	11504
1414.999001	lysozyme-3.5	12791
1414.999001	protein_kinase-0.7	1976
1414.999001	rbs	66188
1414.999001	ribosome	0
1414.999001	rnapol-1	7
1414.999001	rnapol-3.5	1788
1419.999002	E. coli B promoter	1
1419.999002	E. coli C promoter	1
1419.999002	E. coli promoter A1	1
1419.999002	E. coli promoter A2	1
1419.999002	E. coli promoter A3	1
1419.999002	T7 promoter phi1.1A	1
1419.999002	T7 promoter phi1.1B	1
1419.999002	T7 promoter phi1.3	1
1419.999002	T7 promoter phi1.5	1
1419.999002	T7 promoter phi1.6	1
1419.999002	T7 promoter phi10	0
1419.999002	T7 promoter phi13	1
1419.999002	T7 promoter phi17	0
1419.999002	T7 promoter phi2.5	1
1419.999002	T7 promoter phi3.8	1
1419.999002	T7 promoter phi4.3	1
1419.999002	T7 promoter phi4.7	0
1419.999002	T7 promoter phi4c	0
1419.999002	T7 promoter phi6.5	0
1419.999002	T7 promoter phi9	0
1419.999002	bound_ecolipol	0
1419.999002	bound_ecolipol_p	404
1419.999002	bound_ribosome	964
1419.999002	degraded_transcript	77035
1419.999002	ecoli_genome	1396
1419.999002	ecoli_transcript	23221
1419.999002	ecolipol	0
1419.999002	ecolipol-2	0
1419.999002	ecolipol-2-p	1391
1419.999002	ecolipol-p	5
1419.999002	gene 0.3	2328
1419.999002	gene 1.1	7482
1419.999002	gene 1.2	6198
1419.999002	gene 1.3	11378
1419.999002	gene 1.4	9686
1419.999002	gene 1.5	9523
1419.999002	gene 1.6	12219
1419.999002	gene 1.7	12766
1419.999002	gene 1.8	11933
1419.999002	gene 10A	54703
1419.999002	gene 11	8006
1419.999002	gene 12	6910
1419.999002	gene 13	13849
1419.999002	gene 14	12319
1419.999002	gene 15	11179
1419.999002	gene 16	9988
1419.999002	gene 17	14005
1419.999002	gene 17.5	15080
1419.999002	gene 18	14051
1419.999002	gene 18.5	14409
1419.999002	gene 18.7	12457
1419.999002	gene 19	12986
1419.999002	gene 19.2	12925
1419.999002	gene 19.3	13111
1419.999002	gene 19.5	13935
1419.999002	gene 2.5	16851
1419.999002	gene 2.8	14624
1419.999002	gene 3	13032
1419.999002	gene 3.8	17299
1419.999002	gene 4.2	15764
1419.999002	gene 4.3	19185
1419.999002	gene 4.5	21016
1419.999002	gene 4.7	21090
1419.999002	gene 4A	10722
1419.999002	gene 5	18671
1419.999002	gene 5.3	20283
1419.999002	gene 5.5	19986
1419.999002	gene 5.7	18210
1419.999002	gene 5.9	18107
1419.999002	gene 6	15493
1419.999002	gene 6.3	18400
1419.999002	gene 6.5	24421
1419.999002	gene 6.7	21992
1419.999002	gene 7	22921
1419.999002	gene 7.3	24252
1419.999002	gene 7.7	24343
1419.999002	gene 8	19025
1419.999002	gene 9	33869
1419.999002	gp-2	11597
1419.999002	lysozyme-3.5	12884
1419.999002	protein_kinase-0.7	1978
1419.999002	rbs	66657
1419.999002	ribosome	0
1419.999002	rnapol-1	7
1419.999002	rnapol-3.5	1785
1424.999002	E. coli B promoter	1
1424.999002	E. coli C promoter	1
1424.999002	E. coli promoter A1	1
1424.999002	E. coli promoter A2	1
1424.999002	E. coli promoter A3	1
1424.999002	T7 promoter phi1.1A	1
1424.999002	T7 promoter phi1.1B	1
1424.999002	T7 promoter phi1.3	1
1424.999002	T7 promoter phi1.5	1
1424.999002	T7 promoter phi1.6	1
1424.999002	T7 promoter phi10	0
1424.999002	T7 promoter phi13	1
1424.999002	T7 promoter phi17	1
1424.999002	T7 promoter phi2.5	1
1424.999002	T7 promoter phi3.8	1
1424.999002	T7 promoter phi4.3	0
1424.999002	T7 promoter phi4.7	1
1424.999002	T7 promoter phi4c	1
1424.999002	T7 promoter phi6.5	1
1424.999002	T7 promoter phi9	0
1424.999002	bound_ecolipol	0
1424.999002	bound_ecolipol_p	384
1424.999002	bound_ribosome	960
1424.999002	degraded_transcript	77267
1424.999002	ecoli_genome	1416
1424.999002	ecoli_transcript	23078
1424.999002	ecolipol	0
1424.999002	ecolipol-2	0
1424.999002	ecolipol-2-p	1413
1424.999002	ecolipol-p	3
1424.999002	gene 0.3	2330
1424.999002	gene 1.1	7526
1424.999002	gene 1.2	6230
1424.999002	gene 1.3	11449
1424.999002	gene 1.4	9730
1424.999002	gene 1.5	9581
1424.999002	gene 1.6	12307
1424.999002	gene 1.7	12856
1424.999002	gene 1.8	12011
1424.999002	gene 10A	54992
1424.999002	gene 11	8051
1424.999002	gene 12	6945
1424.999002	gene 13	13924
1424.999002	gene 14	12402
1424.999002	gene 15	11256
1424.999002	gene 16	10050
1424.999002	gene 17	14093
1424.999002	gene 17.5	15164
1424.999002	gene 18	14148
1424.999002	gene 18.5	14506
1424.999002	gene 18.7	12523
1424.999002	gene 19	13072
1424.999002	gene 19.2	13016
1424.999002	gene 19.3	13196
1424.999002	gene 19.5	14051
1424.999002	gene 2.5	16971
1424.999002	gene 2.8	14740
1424.999002	gene 3	13137
1424.999002	gene 3.8	17419
1424.999002	gene 4.2	15863
1424.999002	gene 4.3	19318
1424.999002	gene 4.5	21157
1424.999002	gene 4.7	21228
1424.999002	gene 4A	10833
1424.999002	gene 5	18797
1424.999002	gene 5.3	20415
1424.999002	gene 5.5	20111
1424.999002	gene 5.7	18353
1424.999002	gene 5.9	18245
1424.999002	gene 6	15617
1424.999002	gene 6.3	18542
1424.999002	gene 6.5	24576
1424.999002	gene 6.7	22152
1424.999002	gene 7	23063
1424.999002	gene 7.3	24409
1424.999002	gene 7.7	24518
1424.999002	gene 8	19177
1424.999002	gene 9	34104
1424.999002	gp-2	11662
1424.999002	lysozyme-3.5	13001
1424.999002	protein_kinase-0.7	1978
1424.999002	rbs	67153
1424.999002	ribosome	1
1424.999002	rnapol-1	10
1424.999002	rnapol-3.5	1788
1429.999000	E. coli B promoter	1
1429.999000	E. coli C promoter	1
1429.999000	E. coli promoter A1	1
1429.999000	E. coli promoter A2	1
1429.999000	E. coli promoter A3	1
1429.999000	T7 promoter phi1.1A	1
1429.999000	T7 promoter phi1.1B	1
1429.999000	T7 promoter phi1.3	1
1429.999000	T7 promoter phi1.5	1
1429.999000	T7 promoter phi1.6	1
1429.999000	T7 promoter phi10	0
1429.999000	T7 promoter phi13	0
1429.999000	T7 promoter phi17	1
1429.999000	T7 promoter phi2.5	0
1429.999000	T7 promoter phi3.8	1
1429.999000	T7 promoter phi4.3	0
1429.999000	T7 promoter phi4.7	1
1429.999000	T7 promoter phi4c	1
1429.999000	T7 promoter phi6.5	1
1429.999000	T7 promoter phi9	0
1429.999000	bound_ecolipol	0
1429.999000	bound_ecolipol_p	382
1429.999000	bound_ribosome	988
1429.999000	degraded_transcript	77486
1429.999000	ecoli_genome	1418
1429.999000	ecoli_transcript	22911
1429.999000	ecolipol	0
1429.999000	ecolipol-2	0
1429.999000	ecolipol-2-p	1412
1429.999000	ecolipol-p	6
1429.999000	gene 0.3	2334
1429.999000	gene 1.1	7572
1429.999000	gene 1.2	6260
1429.999000	gene 1.3	11516
1429.999000	gene 1.4	9793
1429.999000	gene 1.5	9640
1429.999000	gene 1.6	12389
1429.999000	gene 1.7	12953
1429.999000	gene 1.8	12120
1429.999000	gene 10A	55276
1429.999000	gene 11	8094
1429.999000	gene 12	6987
1429.999000	gene 13	14014
1429.999000	gene 14	12478
1429.999000	gene 15	11321
1429.999000	gene 16	10120
1429.999000	gene 17	14170
1429.999000	gene 17.5	15248
1429.999000	gene 18	14239
1429.999000	gene 18.5	14595
1429.999000	gene 18.7	12609
1429.999000	gene 19	13173
1429.999000	gene 19.2	13091
1429.999000	gene 19.3	13277
1429.999000	gene 19.5	14125
1429.999000	gene 2.5	17074
1429.999000	gene 2.8	14841
1429.999000	gene 3	13232
1429.999000	gene 3.8	17553
1429.999000	gene 4.2	15974
1429.999000	gene 4.3	19446
1429.999000	gene 4.5	21289
1429.999000	gene 4.7	21379
1429.999000	gene 4A	10933
1429.999000	gene 5	18916
1429.999000	gene 5.3	20549
1429.999000	gene 5.5	20247
1429.999000	gene 5.7	18486
1429.999000	gene 5.9	18366
1429.999000	gene 6	15742
1429.999000	gene 6.3	18662
1429.999000	gene 6.5	24745
1429.999000	gene 6.7	22320
1429.999000	gene 7	23193
1429.999000	gene 7.3	24574
1429.999000	gene 7.7	24671
1429.999000	gene 8	19334
1429.999000	gene 9	34309
1429.999000	gp-2	11746
1429.999000	lysozyme-3.5	13087
1429.999000	protein_kinase-0.7	1980
1429.999000	rbs	67575
1429.999000	ribosome	1
1429.999000	rnapol-1	6
1429.999000	rnapol-3.5	1799
1434.999000	E. coli B promoter	1
1434.999000	E. coli C promoter	1
1434.999000	E. coli promoter A1	1
1434.999000	E. coli promoter A2	1
1434.999000	E. coli promoter A3	1
1434.999000	T7 promoter phi1.1A	1
1434.999000	T7 promoter phi1.1B	0
1434.999000	T7 promoter phi1.3	1
1434.999000	T7 promoter phi1.5	1
1434.999000	T7 promoter phi1.6	1
1434.999000	T7 promoter phi10	0
1434.999000	T7 promoter phi13	1
1434.999000	T7 promoter phi17	0
1434.999000	T7 promoter phi2.5	0
1434.999000	T7 promoter phi3.8	0
1434.999000	T7 promoter phi4.3	1
1434.999000	T7 promoter phi4.7	0
1434.999000	T7 promoter phi4c	1
1434.999000	T7 promoter phi6.5	0
1434.999000	T7 promoter phi9	0
1434.999000	bound_ecolipol	0
1434.999000	bound_ecolipol_p	385
1434.999000	bound_ribosome	991
1434.999000	degraded_transcript	77711
1434.999000	ecoli_genome	1415
1434.999000	ecoli_transcript	22756
1434.999000	ecolipol	0
1434.999000	ecolipol-2	0
1434.999000	ecolipol-2-p	1413
1434.999000	ecolipol-p	2
1434.999000	gene 0.3	2336
1434.999000	gene 1.1	7630
1434.999000	gene 1.2	6291
1434.999000	gene 1.3	11601
1434.999000	gene 1.4	9855
1434.999000	gene 1.5	9700
1434.999000	gene 1.6	12472
1434.999000	gene 1.7	13046
1434.999000	gene 1.8	12203
1434.999000	gene 10A	55561
1434.999000	gene 11	8135
1434.999000	gene 12	7031
1434.999000	gene 13	14087
1434.999000	gene 14	12558
1434.999000	gene 15	11391
1434.999000	gene 16	10187
1434.999000	gene 17	14243
1434.999000	gene 17.5	15338
1434.999000	gene 18	14325
1434.999000	gene 18.5	14677
1434.999000	gene 18.7	12709
1434.999000	gene 19	13258
1434.999000	gene 19.2	13175
1434.999000	gene 19.3	13379
1434.999000	gene 19.5	14214
1434.999000	gene 2.5	17175
1434.999000	gene 2.8	14959
1434.999000	gene 3	13326
1434.999000	gene 3.8	17663
1434.999000	gene 4.2	16077
1434.999000	gene 4.3	19587
1434.999000	gene 4.5	21434
1434.999000	gene 4.7	21492
1434.999000	gene 4A	11031
1434.999000	gene 5	19063
1434.999000	gene 5.3	20685
1434.999000	gene 5.5	20393
1434.999000	gene 5.7	18634
1434.999000	gene 5.9	18514
1434.999000	gene 6	15857
1434.999000	gene 6.3	18784
1434.999000	gene 6.5	24881
1434.999000	gene 6.7	22472
1434.999000	gene 7	23350
1434.999000	gene 7.3	24719
1434.999000	gene 7.7	24840
1434.999000	gene 8	19485
1434.999000	gene 9	34514
1434.999000	gp-2	11834
1434.999000	lysozyme-3.5	13203
1434.999000	protein_kinase-0.7	1980
1434.999000	rbs	67996
1434.999000	ribosome	0
1434.999000	rnapol-1	8
1434.999000	rnapol-3.5	1801
1439.999005	E. coli B promoter	1
1439.999005	E. coli C promoter	1
1439.999005	E. coli promoter A1	1
1439.999005	E. coli promoter A2	1
1439.999005	E. coli promoter A3	1
1439.999005	T7 promoter phi1.1A	1
1439.999005	T7 promoter phi1.1B	0
1439.999005	T7 promoter phi1.3	0
1439.999005	T7 promoter phi1.5	0
1439.999005	T7 promoter phi1.6	1
1439.999005	T7 promoter phi10	0
1439.999005	T7 promoter phi13	0
1439.999005	T7 promoter phi17	0
1439.999005	T7 promoter phi2.5	1
1439.999005	T7 promoter phi3.8	1
1439.999005	T7 promoter phi4.3	1
1439.999005	T7 promoter phi4.7	1
1439.999005	T7 promoter phi4c	1
1439.999005	T7 promoter phi6.5	0
1439.999005	T7 promoter phi9	0
1439.999005	bound_ecolipol	0
1439.999005	bound_ecolipol_p	374
1439.999005	bound_ribosome	959
1439.999005	degraded_transcript	77920
1439.999005	ecoli_genome	1426
1439.999005	ecoli_transcript	22661
1439.999005	ecolipol	0
1439.999005	ecolipol-2	0
1439.999005	ecolipol-2-p	1426
1439.999005	ecolipol-p	0
1439.999005	gene 0.3	2338
1439.999005	gene 1.1	7680
1439.999005	gene 1.2	6321
1439.999005	gene 1.3	11660
1439.999005	gene 1.4	9926
1439.999005	gene 1.5	9766
1439.999005	gene 1.6	12554
1439.999005	gene 1.7	13147
1439.999005	gene 1.8	12271
1439.999005	gene 10A	55836
1439.999005	gene 11	8172
1439.999005	gene 12	7074
1439.999005	gene 13	14154
1439.999005	gene 14	12625
1439.999005	gene 15	11467
1439.999005	gene 16	10262
1439.999005	gene 17	14341
1439.999005	gene 17.5	15423
1439.999005	gene 18	14402
1439.999005	gene 18.5	14772
1439.999005	gene 18.7	12780
1439.999005	gene 19	13331
1439.999005	gene 19.2	13242
1439.999005	gene 19.3	13464
1439.999005	gene 19.5	14301
1439.999005	gene 2.5	17283
1439.999005	gene 2.8	15062
1439.999005	gene 3	13420
1439.999005	gene 3.8	17761
1439.999005	gene 4.2	16183
1439.999005	gene 4.3	19704
1439.999005	gene 4.5	21569
1439.999005	gene 4.7	21615
1439.999005	gene 4A	11127
1439.999005	gene 5	19212
1439.999005	gene 5.3	20834
1439.999005	gene 5.5	20536
1439.999005	gene 5.7	18757
1439.999005	gene 5.9	18652
1439.999005	gene 6	15974
1439.999005	gene 6.3	18922
1439.999005	gene 6.5	25050
1439.999005	gene 6.7	22623
1439.999005	gene 7	23491
1439.999005	gene 7.3	24870
1439.999005	gene 7.7	25007
1439.999005	gene 8	19651
1439.999005	gene 9	34750
1439.999005	gp-2	11899
1439.999005	lysozyme-3.5	13292
1439.999005	protein_kinase-0.7	1981
1439.999005	rbs	68432
1439.999005	ribosome	1
1439.999005	rnapol-1	5
1439.999005	rnapol-3.5	1818
1444.999000	E. coli B promoter	1
1444.999000	E. coli C promoter	1
1444.999000	E. coli promoter A1	1
1444.999000	E. coli promoter A2	1
1444.999000	E. coli promoter A3	1
1444.999000	T7 promoter phi1.1A	1
1444.999000	T7 promoter phi1.1B	1
1444.999000	T7 promoter phi1.3	0
1444.999000	T7 promoter phi1.5	1
1444.999000	T7 promoter phi1.6	1
1444.999000	T7 promoter phi10	0
1444.999000	T7 promoter phi13	1
1444.999000	T7 promoter phi17	1
1444.999000	T7 promoter phi2.5	1
1444.999000	T7 promoter phi3.8	0
1444.999000	T7 promoter phi4.3	1
1444.999000	T7 promoter phi4.7	0
1444.999000	T7 promoter phi4c	0
1444.999000	T7 promoter phi6.5	1
1444.999000	T7 promoter phi9	0
1444.999000	bound_ecolipol	0
1444.999000	bound_ecolipol_p	368
1444.999000	bound_ribosome	934
1444.999000	degraded_transcript	78157
1444.999000	ecoli_genome	1432
1444.999000	ecoli_transcript	22518
1444.999000	ecolipol	0
1444.999000	ecolipol-2	0
1444.999000	ecolipol-2-p	1428
1444.999000	ecolipol-p	4
1444.999000	gene 0.3	2340
1444.999000	gene 1.1	7714
1444.999000	gene 1.2	6352
1444.999000	gene 1.3	11727
1444.999000	gene 1.4	9987
1444.999000	gene 1.5	9832
1444.999000	gene 1.6	12630
1444.999000	gene 1.7	13252
1444.999000	gene 1.8	12361
1444.999000	gene 10A	56110
1444.999000	gene 11	8206
1444.999000	gene 12	7103
1444.999000	gene 13	14244
1444.999000	gene 14	12694
1444.999000	gene 15	11541
1444.999000	gene 16	10348
1444.999000	gene 17	14422
1444.999000	gene 17.5	15512
1444.999000	gene 18	14483
1444.999000	gene 18.5	14848
1444.999000	gene 18.7	12867
1444.999000	gene 19	13443
1444.999000	gene 19.2	13322
1444.999000	gene 19.3	13557
1444.999000	gene 19.5	14384
1444.999000	gene 2.5	17389
1444.999000	gene 2.8	15157
1444.999000	gene 3	13503
1444.999000	gene 3.8	17866
1444.999000	gene 4.2	16303
1444.999000	gene 4.3	19853
1444.999000	gene 4.5	21713
1444.999000	gene 4.7	21742
1444.999000	gene 4A	11224
1444.999000	gene 5	19345
1444.999000	gene 5.3	20978
1444.999000	gene 5.5	20674
1444.999000	gene 5.7	18887
1444.999000	gene 5.9	18777
1444.999000	gene 6	16100
1444.999000	gene 6.3	19040
1444.999000	gene 6.5	25216
1444.999000	gene 6.7	22777
1444.999000	gene 7	23636
1444.999000	gene 7.3	25043
1444.999000	gene 7.7	25178
1444.999000	gene 8	19810
1444.999000	gene 9	34942
1444.999000	gp-2	11998
1444.999000	lysozyme-3.5	13396
1444.999000	protein_kinase-0.7	1982
1444.999000	rbs	68818
1444.999000	ribosome	0
1444.999000	rnapol-1	9
1444.999000	rnapol-3.5	1816
1449.999003	E. coli B promoter	1
1449.999003	E. coli C promoter	1
1449.999003	E. coli promoter A1	1
1449.999003	E. coli promoter A2	1
1449.999003	E. coli promoter A3	1
1449.999003	T7 promoter phi1.1A	1
1449.999003	T7 promoter phi1.1B	0
1449.999003	T7 promoter phi1.3	0
1449.999003	T7 promoter phi1.5	0
1449.999003	T7 promoter phi1.6	0
1449.999003	T7 promoter phi10	0
1449.999003	T7 promoter phi13	1
1449.999003	T7 promoter phi17	0
1449.999003	T7 promoter phi2.5	1
1449.999003	T7 promoter phi3.8	1
1449.999003	T7 promoter phi4.3	1
1449.999003	T7 promoter phi4.7	1
1449.999003	T7 promoter phi4c	1
1449.999003	T7 promoter phi6.5	1
1449.999003	T7 promoter phi9	0
1449.999003	bound_ecolipol	0
1449.999003	bound_ecolipol_p	366
1449.999003	bound_ribosome	921
1449.999003	degraded_transcript	78403
1449.999003	ecoli_genome	1434
1449.999003	ecoli_transcript	22360
1449.999003	ecolipol	0
1449.999003	ecolipol-2	0
1449.999003	ecolipol-2-p	1432
1449.999003	ecolipol-p	2
1449.999003	gene 0.3	2341
1449.999003	gene 1.1	7754
1449.999003	gene 1.2	6385
1449.999003	gene 1.3	11792
1449.999003	gene 1.4	10051
1449.999003	gene 1.5	9896
1449.999003	gene 1.6	12721
1449.999003	gene 1.7	13345
1449.999003	gene 1.8	12455
1449.999003	gene 10A	56371
1449.999003	gene 11	8234
1449.999003	gene 12	7145
1449.999003	gene 13	14323
1449.999003	gene 14	12768
1449.999003	gene 15	11617
1449.999003	gene 16	10414
1449.999003	gene 17	14509
1449.999003	gene 17.5	15598
1449.999003	gene 18	14562
1449.999003	gene 18.5	14946
1449.999003	gene 18.7	12943
1449.999003	gene 19	13519
1449.999003	gene 19.2	13403
1449.999003	gene 19.3	13644
1449.999003	gene 19.5	14462
1449.999003	gene 2.5	17500
1449.999003	gene 2.8	15273
1449.999003	gene 3	13597
1449.999003	gene 3.8	17994
1449.999003	gene 4.2	16420
1449.999003	gene 4.3	19977
1449.999003	gene 4.5	21856
1449.999003	gene 4.7	21866
1449.999003	gene 4A	11317
1449.999003	gene 5	19483
1449.999003	gene 5.3	21115
1449.999003	gene 5.5	20795
1449.999003	gene 5.7	19022
1449.999003	gene 5.9	18911
1449.999003	gene 6	16213
1449.999003	gene 6.3	19179
1449.999003	gene 6.5	25369
1449.999003	gene 6.7	22937
1449.999003	gene 7	23779
1449.999003	gene 7.3	25211
1449.999003	gene 7.7	25346
1449.999003	gene 8	19964
1449.999003	gene 9	35137
1449.999003	gp-2	12061
1449.999003	lysozyme-3.5	13495
1449.999003	protein_kinase-0.7	1984
1449.999003	rbs	69330
1449.999003	ribosome	1
1449.999003	rnapol-1	8
1449.999003	rnapol-3.5	1815
1454.999000	E. coli B promoter	1
1454.999000	E. coli C promoter	1
1454.999000	E. coli promoter A1	1
1454.999000	E. coli promoter A2	1
1454.999000	E. coli promoter A3	1
1454.999000	T7 promoter phi1.1A	1
1454.999000	T7 promoter phi1.1B	0
1454.999000	T7 promoter phi1.3	1
1454.999000	T7 promoter phi1.5	1
1454.999000	T7 promoter phi1.6	1
1454.999000	T7 promoter phi10	0
1454.999000	T7 promoter phi13	1
1454.999000	T7 promoter phi17	0
1454.999000	T7 promoter phi2.5	1
1454.999000	T7 promoter phi3.8	0
1454.999000	T7 promoter phi4.3	0
1454.999000	T7 promoter phi4.7	1
1454.999000	T7 promoter phi4c	1
1454.999000	T7 promoter phi6.5	1
1454.999000	T7 promoter phi9	1
1454.999000	bound_ecolipol	0
1454.999000	bound_ecolipol_p	379
1454.999000	bound_ribosome	894
1454.999000	degraded_transcript	78611
1454.999000	ecoli_genome	1421
1454.999000	ecoli_transcript	22245
1454.999000	ecolipol	0
1454.999000	ecolipol-2	0
1454.999000	ecolipol-2-p	1420
1454.999000	ecolipol-p	1
1454.999000	gene 0.3	2343
1454.999000	gene 1.1	7795
1454.999000	gene 1.2	6410
1454.999000	gene 1.3	11853
1454.999000	gene 1.4	10113
1454.999000	gene 1.5	9948
1454.999000	gene 1.6	12793
1454.999000	gene 1.7	13434
1454.999000	gene 1.8	12539
1454.999000	gene 10A	56609
1454.999000	gene 11	8280
1454.999000	gene 12	7180
1454.999000	gene 13	14389
1454.999000	gene 14	12843
1454.999000	gene 15	11695
1454.999000	gene 16	10498
1454.999000	gene 17	14597
1454.999000	gene 17.5	15684
1454.999000	gene 18	14638
1454.999000	gene 18.5	15053
1454.999000	gene 18.7	13023
1454.999000	gene 19	13615
1454.999000	gene 19.2	13480
1454.999000	gene 19.3	13719
1454.999000	gene 19.5	14561
1454.999000	gene 2.5	17612
1454.999000	gene 2.8	15357
1454.999000	gene 3	13689
1454.999000	gene 3.8	18090
1454.999000	gene 4.2	16543
1454.999000	gene 4.3	20097
1454.999000	gene 4.5	21989
1454.999000	gene 4.7	22005
1454.999000	gene 4A	11423
1454.999000	gene 5	19633
1454.999000	gene 5.3	21252
1454.999000	gene 5.5	20915
1454.999000	gene 5.7	19185
1454.999000	gene 5.9	19063
1454.999000	gene 6	16350
1454.999000	gene 6.3	19305
1454.999000	gene 6.5	25548
1454.999000	gene 6.7	23113
1454.999000	gene 7	23929
1454.999000	gene 7.3	25372
1454.999000	gene 7.7	25477
1454.999000	gene 8	20099
1454.999000	gene 9	35354
1454.999000	gp-2	12165
1454.999000	lysozyme-3.5	13623
1454.999000	protein_kinase-0.7	1987
1454.999000	rbs	69775
1454.999000	ribosome	1
1454.999000	rnapol-1	14
1454.999000	rnapol-3.5	1820
1459.999007	E. coli B promoter	1
1459.999007	E. coli C promoter	1
1459.999007	E. coli promoter A1	1
1459.999007	E. coli promoter A2	1
1459.999007	E. coli promoter A3	1
1459.999007	T7 promoter phi1.1A	1
1459.999007	T7 promoter phi1.1B	1
1459.999007	T7 promoter phi1.3	1
1459.999007	T7 promoter phi1.5	1
1459.999007	T7 promoter phi1.6	1
1459.999007	T7 promoter phi10	0
1459.999007	T7 promoter phi13	1
1459.999007	T7 promoter phi17	0
1459.999007	T7 promoter phi2.5	1
1459.999007	T7 promoter phi3.8	1
1459.999007	T7 promoter phi4.3	0
1459.999007	T7 promoter phi4.7	0
1459.999007	T7 promoter phi4c	1
1459.999007	T7 promoter phi6.5	1
1459.999007	T7 promoter phi9	0
1459.999007	bound_ecolipol	0
1459.999007	bound_ecolipol_p	387
1459.999007	bound_ribosome	855
1459.999007	degraded_transcript	78827
1459.999007	ecoli_genome	1413
1459.999007	ecoli_transcript	22138
1459.999007	ecolipol	0
1459.999007	ecolipol-2	0
1459.999007	ecolipol-2-p	1411
1459.999007	ecolipol-p	2
1459.999007	gene 0.3	2345
1459.999007	gene 1.1	7844
1459.999007	gene 1.2	6439
1459.999007	gene 1.3	11921
1459.999007	gene 1.4	10181
1459.999007	gene 1.5	10006
1459.999007	gene 1.6	12871
1459.999007	gene 1.7	13518
1459.999007	gene 1.8	12621
1459.999007	gene 10A	56893
1459.999007	gene 11	8320
1459.999007	gene 12	7219
1459.999007	gene 13	14462
1459.999007	gene 14	12906
1459.999007	gene 15	11769
1459.999007	gene 16	10566
1459.999007	gene 17	14692
1459.999007	gene 17.5	15764
1459.999007	gene 18	14710
1459.999007	gene 18.5	15139
1459.999007	gene 18.7	13114
1459.999007	gene 19	13716
1459.999007	gene 19.2	13566
1459.999007	gene 19.3	13812
1459.999007	gene 19.5	14665
1459.999007	gene 2.5	17727
1459.999007	gene 2.8	15471
1459.999007	gene 3	13780
1459.999007	gene 3.8	18196
1459.999007	gene 4.2	16658
1459.999007	gene 4.3	20219
1459.999007	gene 4.5	22135
1459.999007	gene 4.7	22137
1459.999007	gene 4A	11534
1459.999007	gene 5	19763
1459.999007	gene 5.3	21376
1459.999007	gene 5.5	21028
1459.999007	gene 5.7	19300
1459.999007	gene 5.9	19192
1459.999007	gene 6	16466
1459.999007	gene 6.3	19439
1459.999007	gene 6.5	25716
1459.999007	gene 6.7	23270
1459.999007	gene 7	24085
1459.999007	gene 7.3	25545
1459.999007	gene 7.7	25633
1459.999007	gene 8	20244
1459.999007	gene 9	35551
1459.999007	gp-2	12263
1459.999007	lysozyme-3.5	13701
1459.999007	protein_kinase-0.7	1988
1459.999007	rbs	70212
1459.999007	ribosome	0
1459.999007	rnapol-1	8
1459.999007	rnapol-3.5	1829
1464.999001	E. coli B promoter	1
1464.999001	E. coli C promoter	1
1464.999001	E. coli promoter A1	1
1464.999001	E. coli promoter A2	1
1464.999001	E. coli promoter A3	1
1464.999001	T7 promoter phi1.1A	1
1464.999001	T7 promoter phi1.1B	1
1464.999001	T7 promoter phi1.3	1
1464.999001	T7 promoter phi1.5	1
1464.999001	T7 promoter phi1.6	1
1464.999001	T7 promoter phi10	0
1464.999001	T7 promoter phi13	1
1464.999001	T7 promoter phi17	0
1464.999001	T7 promoter phi2.5	1
1464.999001	T7 promoter phi3.8	0
1464.999001	T7 promoter phi4.3	1
1464.999001	T7 promoter phi4.7	1
1464.999001	T7 promoter phi4c	1
1464.999001	T7 promoter phi6.5	0
1464.999001	T7 promoter phi9	0
1464.999001	bound_ecolipol	0
1464.999001	bound_ecolipol_p	381
1464.999001	bound_ribosome	872
1464.999001	degraded_transcript	79031
1464.999001	ecoli_genome	1419
1464.999001	ecoli_transcript	21998
1464.999001	ecolipol	0
1464.999001	ecolipol-2	0
1464.999001	ecolipol-2-p	1416
1464.999001	ecolipol-p	3
1464.999001	gene 0.3	2347
1464.999001	gene 1.1	7904
1464.999001	gene 1.2	6465
1464.999001	gene 1.3	11972
1464.999001	gene 1.4	10240
1464.999001	gene 1.5	10053
1464.999001	gene 1.6	12958
1464.999001	gene 1.7	13601
1464.999001	gene 1.8	12702
1464.999001	gene 10A	57178
1464.999001	gene 11	8365
1464.999001	gene 12	7255
1464.999001	gene 13	14537
1464.999001	gene 14	12980
1464.999001	gene 15	11841
1464.999001	gene 16	10657
1464.999001	gene 17	14779
1464.999001	gene 17.5	15862
1464.999001	gene 18	14795
1464.999001	gene 18.5	15214
1464.999001	gene 18.7	13205
1464.999001	gene 19	13800
1464.999001	gene 19.2	13645
1464.999001	gene 19.3	13889
1464.999001	gene 19.5	14746
1464.999001	gene 2.5	17846
1464.999001	gene 2.8	15578
1464.999001	gene 3	13867
1464.999001	gene 3.8	18291
1464.999001	gene 4.2	16767
1464.999001	gene 4.3	20365
1464.999001	gene 4.5	22259
1464.999001	gene 4.7	22274
1464.999001	gene 4A	11625
1464.999001	gene 5	19908
1464.999001	gene 5.3	21502
1464.999001	gene 5.5	21165
1464.999001	gene 5.7	19456
1464.999001	gene 5.9	19320
1464.999001	gene 6	16593
1464.999001	gene 6.3	19566
1464.999001	gene 6.5	25876
1464.999001	gene 6.7	23449
1464.999001	gene 7	24249
1464.999001	gene 7.3	25693
1464.999001	gene 7.7	25787
1464.999001	gene 8	20415
1464.999001	gene 9	35743
1464.999001	gp-2	12338
1464.999001	lysozyme-3.5	13795
1464.999001	protein_kinase-0.7	1990
1464.999001	rbs	70602
1464.999001	ribosome	0
1464.999001	rnapol-1	5
1464.999001	rnapol-3.5	1836
1469.999003	E. coli B promoter	1
1469.999003	E. coli C promoter	1
1469.999003	E. coli promoter A1	1
1469.999003	E. coli promoter A2	1
1469.999003	E. coli promoter A3	1
1469.999003	T7 promoter phi1.1A	1
1469.999003	T7 promoter phi1.1B	1
1469.999003	T7 promoter phi1.3	1
1469.999003	T7 promoter phi1.5	1
1469.999003	T7 promoter phi1.6	1
1469.999003	T7 promoter phi10	0
1469.999003	T7 promoter phi13	0
1469.999003	T7 promoter phi17	0
1469.999003	T7 promoter phi2.5	1
1469.999003	T7 promoter phi3.8	1
1469.999003	T7 promoter phi4.3	0
1469.999003	T7 promoter phi4.7	1
1469.999003	T7 promoter phi4c	1
1469.999003	T7 promoter phi6.5	0
1469.999003	T7 promoter phi9	1
1469.999003	bound_ecolipol	0
1469.999003	bound_ecolipol_p	377
1469.999003	bound_ribosome	841
1469.999003	degraded_transcript	79223
1469.999003	ecoli_genome	1423
1469.999003	ecoli_transcript	21918
1469.999003	ecolipol	0
1469.999003	ecolipol-2	0
1469.999003	ecolipol-2-p	1422
1469.999003	ecolipol-p	1
1469.999003	gene 0.3	2350
1469.999003	gene 1.1	7959
1469.999003	gene 1.2	6493
1469.999003	gene 1.3	12034
1469.999003	gene 1.4	10303
1469.999003	gene 1.5	10109
1469.999003	gene 1.6	13032
1469.999003	gene 1.7	13685
1469.999003	gene 1.8	12794
1469.999003	gene 10A	57472
1469.999003	gene 11	8407
1469.999003	gene 12	7287
1469.999003	gene 13	14617
1469.999003	gene 14	13047
1469.999003	gene 15	11902
1469.999003	gene 16	10750
1469.999003	gene 17	14859
1469.999003	gene 17.5	15940
1469.999003	gene 18	14880
1469.999003	gene 18.5	15305
1469.999003	gene 18.7	13298
1469.999003	gene 19	13898
1469.999003	gene 19.2	13753
1469.999003	gene 19.3	13980
1469.999003	gene 19.5	14828
1469.999003	gene 2.5	17969
1469.999003	gene 2.8	15698
1469.999003	gene 3	13977
1469.999003	gene 3.8	18397
1469.999003	gene 4.2	16871
1469.999003	gene 4.3	20503
1469.999003	gene 4.5	22379
1469.999003	gene 4.7	22406
1469.999003	gene 4A	11727
1469.999003	gene 5	20040
1469.999003	gene 5.3	21634
1469.999003	gene 5.5	21293
1469.999003	gene 5.7	19584
1469.999003	gene 5.9	19433
1469.999003	gene 6	16733
1469.999003	gene 6.3	19672
1469.999003	gene 6.5	26019
1469.999003	gene 6.7	23624
1469.999003	gene 7	24399
1469.999003	gene 7.3	25848
1469.999003	gene 7.7	25948
1469.999003	gene 8	20574
1469.999003	gene 9	35925
1469.999003	gp-2	12417
1469.999003	lysozyme-3.5	13910
1469.999003	protein_kinase-0.7	1993
1469.999003	rbs	71073
1469.999003	ribosome	1
1469.999003	rnapol-1	10
1469.999003	rnapol-3.5	1831
1474.999001	E. coli B promoter	1
1474.999001	E. coli C promoter	1
1474.999001	E. coli promoter A1	1
1474.999001	E. coli promoter A2	1
1474.999001	E. coli promoter A3	1
1474.999001	T7 promoter phi1.1A	1
1474.999001	T7 promoter phi1.1B	1
1474.999001	T7 promoter phi1.3	1
1474.999001	T7 promoter phi1.5	0
1474.999001	T7 promoter phi1.6	1
1474.999001	T7 promoter phi10	0
1474.999001	T7 promoter phi13	1
1474.999001	T7 promoter phi17	0
1474.999001	T7 promoter phi2.5	1
1474.999001	T7 promoter phi3.8	0
1474.999001	T7 promoter phi4.3	0
1474.999001	T7 promoter phi4.7	0
1474.999001	T7 promoter phi4c	0
1474.999001	T7 promoter phi6.5	0
1474.999001	T7 promoter phi9	0
1474.999001	bound_ecolipol	0
1474.999001	bound_ecolipol_p	377
1474.999001	bound_ribosome	838
1474.999001	degraded_transcript	79432
1474.999001	ecoli_genome	1423
1474.999001	ecoli_transcript	21775
1474.999001	ecolipol	0
1474.999001	ecolipol-2	0
1474.999001	ecolipol-2-p	1421
1474.999001	ecolipol-p	2
1474.999001	gene 0.3	2352
1474.999001	gene 1.1	8006
1474.999001	gene 1.2	6529
1474.999001	gene 1.3	12092
1474.999001	gene 1.4	10359
1474.999001	gene 1.5	10177
1474.999001	gene 1.6	13105
1474.999001	gene 1.7	13765
1474.999001	gene 1.8	12871
1474.999001	gene 10A	57729
1474.999001	gene 11	8433
1474.999001	gene 12	7325
1474.999001	gene 13	14689
1474.999001	gene 14	13133
1474.999001	gene 15	11990
1474.999001	gene 16	10822
1474.999001	gene 17	14952
1474.999001	gene 17.5	16034
1474.999001	gene 18	14956
1474.999001	gene 18.5	15385
1474.999001	gene 18.7	13380
1474.999001	gene 19	13992
1474.999001	gene 19.2	13841
1474.999001	gene 19.3	14057
1474.999001	gene 19.5	14917
1474.999001	gene 2.5	18069
1474.999001	gene 2.8	15810
1474.999001	gene 3	14082
1474.999001	gene 3.8	18512
1474.999001	gene 4.2	17011
1474.999001	gene 4.3	20627
1474.999001	gene 4.5	22503
1474.999001	gene 4.7	22540
1474.999001	gene 4A	11837
1474.999001	gene 5	20173
1474.999001	gene 5.3	21786
1474.999001	gene 5.5	21430
1474.999001	gene 5.7	19719
1474.999001	gene 5.9	19573
1474.999001	gene 6	16872
1474.999001	gene 6.3	19797
1474.999001	gene 6.5	26168
1474.999001	gene 6.7	23792
1474.999001	gene 7	24561
1474.999001	gene 7.3	26015
1474.999001	gene 7.7	26110
1474.999001	gene 8	20736
1474.999001	gene 9	36110
1474.999001	gp-2	12503
1474.999001	lysozyme-3.5	14008
1474.999001	protein_kinase-0.7	2000
1474.999001	rbs	71464
1474.999001	ribosome	0
1474.999001	rnapol-1	11
1474.999001	rnapol-3.5	1824
1479.999002	E. coli B promoter	1
1479.999002	E. coli C promoter	1
1479.999002	E. coli promoter A1	1
1479.999002	E. coli promoter A2	1
1479.999002	E. coli promoter A3	1
1479.999002	T7 promoter phi1.1A	1
1479.999002	T7 promoter phi1.1B	1
1479.999002	T7 promoter phi1.3	1
1479.999002	T7 promoter phi1.5	1
1479.999002	T7 promoter phi1.6	1
1479.999002	T7 promoter phi10	0
1479.999002	T7 promoter phi13	0
1479.999002	T7 promoter phi17	0
1479.999002	T7 promoter phi2.5	1
1479.999002	T7 promoter phi3.8	0
1479.999002	T7 promoter phi4.3	1
1479.999002	T7 promoter phi4.7	1
1479.999002	T7 promoter phi4c	1
1479.999002	T7 promoter phi6.5	0
1479.999002	T7 promoter phi9	0
1479.999002	bound_ecolipol	0
1479.999002	bound_ecolipol_p	357
1479.999002	bound_ribosome	850
1479.999002	degraded_transcript	79629
1479.999002	ecoli_genome	1443
1479.999002	ecoli_transcript	21647
1479.999002	ecolipol	0
1479.999002	ecolipol-2	0
1479.999002	ecolipol-2-p	1439
1479.999002	ecolipol-p	4
1479.999002	gene 0.3	2355
1479.999002	gene 1.1	8064
1479.999002	gene 1.2	6546
1479.999002	gene 1.3	12159
1479.999002	gene 1.4	10429
1479.999002	gene 1.5	10242
1479.999002	gene 1.6	13174
1479.999002	gene 1.7	13842
1479.999002	gene 1.8	12962
1479.999002	gene 10A	58025
1479.999002	gene 11	8480
1479.999002	gene 12	7352
1479.999002	gene 13	14766
1479.999002	gene 14	13213
1479.999002	gene 15	12080
1479.999002	gene 16	10897
1479.999002	gene 17	15037
1479.999002	gene 17.5	16124
1479.999002	gene 18	15039
1479.999002	gene 18.5	15456
1479.999002	gene 18.7	13457
1479.999002	gene 19	14076
1479.999002	gene 19.2	13926
1479.999002	gene 19.3	14140
1479.999002	gene 19.5	15012
1479.999002	gene 2.5	18192
1479.999002	gene 2.8	15906
1479.999002	gene 3	14185
1479.999002	gene 3.8	18629
1479.999002	gene 4.2	17115
1479.999002	gene 4.3	20780
1479.999002	gene 4.5	22642
1479.999002	gene 4.7	22682
1479.999002	gene 4A	11937
1479.999002	gene 5	20314
1479.999002	gene 5.3	21930
1479.999002	gene 5.5	21554
1479.999002	gene 5.7	19865
1479.999002	gene 5.9	19689
1479.999002	gene 6	16996
1479.999002	gene 6.3	19917
1479.999002	gene 6.5	26338
1479.999002	gene 6.7	23954
1479.999002	gene 7	24717
1479.999002	gene 7.3	26159
1479.999002	gene 7.7	26266
1479.999002	gene 8	20885
1479.999002	gene 9	36301
1479.999002	gp-2	12578
1479.999002	lysozyme-3.5	14118
1479.999002	protein_kinase-0.7	2002
1479.999002	rbs	72035
1479.999002	ribosome	0
1479.999002	rnapol-1	9
1479.999002	rnapol-3.5	1830
1484.999001	E. coli B promoter	1
1484.999001	E. coli C promoter	1
1484.999001	E. coli promoter A1	1
1484.999001	E. coli promoter A2	1
1484.999001	E. coli promoter A3	1
1484.999001	T7 promoter phi1.1A	1
1484.999001	T7 promoter phi1.1B	1
1484.999001	T7 promoter phi1.3	1
1484.999001	T7 promoter phi1.5	1
1484.999001	T7 promoter phi1.6	1
1484.999001	T7 promoter phi10	0
1484.999001	T7 promoter phi13	1
1484.999001	T7 promoter phi17	0
1484.999001	T7 promoter phi2.5	1
1484.999001	T7 promoter phi3.8	1
1484.999001	T7 promoter phi4.3	0
1484.999001	T7 promoter phi4.7	0
1484.999001	T7 promoter phi4c	0
1484.999001	T7 promoter phi6.5	0
1484.999001	T7 promoter phi9	0
1484.999001	bound_ecolipol	0
1484.999001	bound_ecolipol_p	349
1484.999001	bound_ribosome	849
1484.999001	degraded_transcript	79847
1484.999001	ecoli_genome	1451
1484.999001	ecoli_transcript	21503
1484.999001	ecolipol	0
1484.999001	ecolipol-2	0
1484.999001	ecolipol-2-p	1448
1484.999001	ecolipol-p	3
1484.999001	gene 0.3	2357
1484.999001	gene 1.1	8112
1484.999001	gene 1.2	6573
1484.999001	gene 1.3	12228
1484.999001	gene 1.4	10497
1484.999001	gene 1.5	10296
1484.999001	gene 1.6	13269
1484.999001	gene 1.7	13929
1484.999001	gene 1.8	13056
1484.999001	gene 10A	58302
1484.999001	gene 11	8524
1484.999001	gene 12	7395
1484.999001	gene 13	14838
1484.999001	gene 14	13298
1484.999001	gene 15	12151
1484.999001	gene 16	10979
1484.999001	gene 17	15124
1484.999001	gene 17.5	16201
1484.999001	gene 18	15139
1484.999001	gene 18.5	15541
1484.999001	gene 18.7	13537
1484.999001	gene 19	14172
1484.999001	gene 19.2	14004
1484.999001	gene 19.3	14223
1484.999001	gene 19.5	15082
1484.999001	gene 2.5	18297
1484.999001	gene 2.8	16015
1484.999001	gene 3	14285
1484.999001	gene 3.8	18739
1484.999001	gene 4.2	17226
1484.999001	gene 4.3	20911
1484.999001	gene 4.5	22772
1484.999001	gene 4.7	22815
1484.999001	gene 4A	12029
1484.999001	gene 5	20454
1484.999001	gene 5.3	22057
1484.999001	gene 5.5	21686
1484.999001	gene 5.7	20000
1484.999001	gene 5.9	19816
1484.999001	gene 6	17094
1484.999001	gene 6.3	20066
1484.999001	gene 6.5	26487
1484.999001	gene 6.7	24131
1484.999001	gene 7	24857
1484.999001	gene 7.3	26309
1484.999001	gene 7.7	26432
1484.999001	gene 8	21034
1484.999001	gene 9	36502
1484.999001	gp-2	12642
1484.999001	lysozyme-3.5	14214
1484.999001	protein_kinase-0.7	2003
1484.999001	rbs	72410
1484.999001	ribosome	2
1484.999001	rnapol-1	12
1484.999001	rnapol-3.5	1820
1489.999001	E. coli B promoter	1
1489.999001	E. coli C promoter	1
1489.999001	E. coli promoter A1	1
1489.999001	E. coli promoter A2	1
1489.999001	E. coli promoter A3	1
1489.999001	T7 promoter phi1.1A	1
1489.999001	T7 promoter phi1.1B	1
1489.999001	T7 promoter phi1.3	1
1489.999001	T7 promoter phi1.5	1
1489.999001	T7 promoter phi1.6	0
1489.999001	T7 promoter phi10	0
1489.999001	T7 promoter phi13	1
1489.999001	T7 promoter phi17	0
1489.999001	T7 promoter phi2.5	0
1489.999001	T7 promoter phi3.8	0
1489.999001	T7 promoter phi4.3	0
1489.999001	T7 promoter phi4.7	0
1489.999001	T7 promoter phi4c	1
1489.999001	T7 promoter phi6.5	1
1489.999001	T7 promoter phi9	0
1489.999001	bound_ecolipol	0
1489.999001	bound_ecolipol_p	346
1489.999001	bound_ribosome	858
1489.999001	degraded_transcript	80058
1489.999001	ecoli_genome	1454
1489.999001	ecoli_transcript	21351
1489.999001	ecolipol	0
1489.999001	ecolipol-2	0
1489.999001	ecolipol-2-p	1448
1489.999001	ecolipol-p	6
1489.999001	gene 0.3	2357
1489.999001	gene 1.1	8165
1489.999001	gene 1.2	6602
1489.999001	gene 1.3	12295
1489.999001	gene 1.4	10568
1489.999001	gene 1.5	10356
1489.999001	gene 1.6	13362
1489.999001	gene 1.7	14015
1489.999001	gene 1.8	13137
1489.999001	gene 10A	58555
1489.999001	gene 11	8563
1489.999001	gene 12	7447
1489.999001	gene 13	14920
1489.999001	gene 14	13351
1489.999001	gene 15	12231
1489.999001	gene 16	11058
1489.999001	gene 17	15226
1489.999001	gene 17.5	16285
1489.999001	gene 18	15229
1489.999001	gene 18.5	15623
1489.999001	gene 18.7	13608
1489.999001	gene 19	14251
1489.999001	gene 19.2	14094
1489.999001	gene 19.3	14292
1489.999001	gene 19.5	15160
1489.999001	gene 2.5	18393
1489.999001	gene 2.8	16120
1489.999001	gene 3	14385
1489.999001	gene 3.8	18859
1489.999001	gene 4.2	17338
1489.999001	gene 4.3	21054
1489.999001	gene 4.5	22915
1489.999001	gene 4.7	22945
1489.999001	gene 4A	12135
1489.999001	gene 5	20598
1489.999001	gene 5.3	22192
1489.999001	gene 5.5	21806
1489.999001	gene 5.7	20133
1489.999001	gene 5.9	19955
1489.999001	gene 6	17210
1489.999001	gene 6.3	20203
1489.999001	gene 6.5	26650
1489.999001	gene 6.7	24305
1489.999001	gene 7	25015
1489.999001	gene 7.3	26492
1489.999001	gene 7.7	26591
1489.999001	gene 8	21177
1489.999001	gene 9	36717
1489.999001	gp-2	12734
1489.999001	lysozyme-3.5	14312
1489.999001	protein_kinase-0.7	2003
1489.999001	rbs	72839
1489.999001	ribosome	4
1489.999001	rnapol-1	6
1489.999001	rnapol-3.5	1826
1494.999000	E. coli B promoter	1
1494.999000	E. coli C promoter	1
1494.999000	E. coli promoter A1	1
1494.999000	E. coli promoter A2	1
1494.999000	E. coli promoter A3	1
1494.999000	T7 promoter phi1.1A	1
1494.999000	T7 promoter phi1.1B	1
1494.999000	T7 promoter phi1.3	1
1494.999000	T7 promoter phi1.5	1
1494.999000	T7 promoter phi1.6	1
1494.999000	T7 promoter phi10	0
1494.999000	T7 promoter phi13	1
1494.999000	T7 promoter phi17	0
1494.999000	T7 promoter phi2.5	1
1494.999000	T7 promoter phi3.8	1
1494.999000	T7 promoter phi4.3	0
1494.999000	T7 promoter phi4.7	1
1494.999000	T7 promoter phi4c	1
1494.999000	T7 promoter phi6.5	1
1494.999000	T7 promoter phi9	0
1494.999000	bound_ecolipol	0
1494.999000	bound_ecolipol_p	346
1494.999000	bound_ribosome	825
1494.999000	degraded_transcript	80258
1494.999000	ecoli_genome	1454
1494.999000	ecoli_transcript	21253
1494.999000	ecolipol	0
1494.999000	ecolipol-2	0
1494.999000	ecolipol-2-p	1452
1494.999000	ecolipol-p	2
1494.999000	gene 0.3	2358
1494.999000	gene 1.1	8203
1494.999000	gene 1.2	6630
1494.999000	gene 1.3	12366
1494.999000	gene 1.4	10643
1494.999000	gene 1.5	10422
1494.999000	gene 1.6	13445
1494.999000	gene 1.7	14108
1494.999000	gene 1.8	13218
1494.999000	gene 10A	58836
1494.999000	gene 11	8602
1494.999000	gene 12	7481
1494.999000	gene 13	15000
1494.999000	gene 14	13427
1494.999000	gene 15	12325
1494.999000	gene 16	11158
1494.999000	gene 17	15310
1494.999000	gene 17.5	16371
1494.999000	gene 18	15300
1494.999000	gene 18.5	15705
1494.999000	gene 18.7	13700
1494.999000	gene 19	14329
1494.999000	gene 19.2	14166
1494.999000	gene 19.3	14379
1494.999000	gene 19.5	15240
1494.999000	gene 2.5	18511
1494.999000	gene 2.8	16228
1494.999000	gene 3	14485
1494.999000	gene 3.8	18981
1494.999000	gene 4.2	17450
1494.999000	gene 4.3	21149
1494.999000	gene 4.5	23048
1494.999000	gene 4.7	23081
1494.999000	gene 4A	12234
1494.999000	gene 5	20718
1494.999000	gene 5.3	22309
1494.999000	gene 5.5	21953
1494.999000	gene 5.7	20272
1494.999000	gene 5.9	20107
1494.999000	gene 6	17336
1494.999000	gene 6.3	20338
1494.999000	gene 6.5	26811
1494.999000	gene 6.7	24467
1494.999000	gene 7	25183
1494.999000	gene 7.3	26652
1494.999000	gene 7.7	26753
1494.999000	gene 8	21339
1494.999000	gene 9	36928
1494.999000	gp-2	12814
1494.999000	lysozyme-3.5	14398
1494.999000	protein_kinase-0.7	2004
1494.999000	rbs	73302
1494.999000	ribosome	1
1494.999000	rnapol-1	2
1494.999000	rnapol-3.5	1844
1499.999001	E. coli B promoter	1
1499.999001	E. coli C promoter	1
1499.999001	E. coli promoter A1	1
1499.999001	E. coli promoter A2	1
1499.999001	E. coli promoter A3	1
1499.999001	T7 promoter phi1.1A	1
1499.999001	T7 promoter phi1.1B	1
1499.999001	T7 promoter phi1.3	0
1499.999001	T7 promoter phi1.5	1
1499.999001	T7 promoter phi1.6	1
1499.999001	T7 promoter phi10	0
1499.999001	T7 promoter phi13	1
1499.999001	T7 promoter phi17	0
1499.999001	T7 promoter phi2.5	0
1499.999001	T7 promoter phi3.8	0
1499.999001	T7 promoter phi4.3	0
1499.999001	T7 promoter phi4.7	1
1499.999001	T7 promoter phi4c	1
1499.999001	T7 promoter phi6.5	1
1499.999001	T7 promoter phi9	0
1499.999001	bound_ecolipol	0
1499.999001	bound_ecolipol_p	341
1499.999001	bound_ribosome	796
1499.999001	degraded_transcript	80485
1499.999001	ecoli_genome	1459
1499.999001	ecoli_transcript	21136
1499.999001	ecolipol	0
1499.999001	ecolipol-2	0
1499.999001	ecolipol-2-p	1457
1499.999001	ecolipol-p	2
1499.999001	gene 0.3	2359
1499.999001	gene 1.1	8257
1499.999001	gene 1.2	6650
1499.999001	gene 1.3	12425
1499.999001	gene 1.4	10707
1499.999001	gene 1.5	10491
1499.999001	gene 1.6	13536
1499.999001	gene 1.7	14210
1499.999001	gene 1.8	13312
1499.999001	gene 10A	59111
1499.999001	gene 11	8638
1499.999001	gene 12	7526
1499.999001	gene 13	15092
1499.999001	gene 14	13500
1499.999001	gene 15	12402
1499.999001	gene 16	11233
1499.999001	gene 17	15382
1499.999001	gene 17.5	16464
1499.999001	gene 18	15371
1499.999001	gene 18.5	15783
1499.999001	gene 18.7	13796
1499.999001	gene 19	14404
1499.999001	gene 19.2	14242
1499.999001	gene 19.3	14458
1499.999001	gene 19.5	15316
1499.999001	gene 2.5	18599
1499.999001	gene 2.8	16345
1499.999001	gene 3	14585
1499.999001	gene 3.8	19082
1499.999001	gene 4.2	17581
1499.999001	gene 4.3	21285
1499.999001	gene 4.5	23172
1499.999001	gene 4.7	23222
1499.999001	gene 4A	12342
1499.999001	gene 5	20845
1499.999001	gene 5.3	22441
1499.999001	gene 5.5	22104
1499.999001	gene 5.7	20395
1499.999001	gene 5.9	20239
1499.999001	gene 6	17469
1499.999001	gene 6.3	20467
1499.999001	gene 6.5	26962
1499.999001	gene 6.7	24609
1499.999001	gene 7	25335
1499.999001	gene 7.3	26802
1499.999001	gene 7.7	26913
1499.999001	gene 8	21498
1499.999001	gene 9	37135
1499.999001	gp-2	12898
1499.999001	lysozyme-3.5	14502
1499.999001	protein_kinase-0.7	2004
1499.999001	rbs	73619
1499.999001	ribosome	0
1499.999001	rnapol-1	11
1499.999001	rnapol-3.5	1851
1504.999000	E. coli B promoter	1
1504.999000	E. coli C promoter	1
1504.999000	E. coli promoter A1	1
1504.999000	E. coli promoter A2	1
1504.999000	E. coli promoter A3	1
1504.999000	T7 promoter phi1.1A	0
1504.999000	T7 promoter phi1.1B	1
1504.999000	T7 promoter phi1.3	1
1504.999000	T7 promoter phi1.5	1
1504.999000	T7 promoter phi1.6	1
1504.999000	T7 promoter phi10	0
1504.999000	T7 promoter phi13	1
1504.999000	T7 promoter phi17	1
1504.999000	T7 promoter phi2.5	1
1504.999000	T7 promoter phi3.8	1
1504.999000	T7 promoter phi4.3	0
1504.999000	T7 promoter phi4.7	0
1504.999000	T7 promoter phi4c	1
1504.999000	T7 promoter phi6.5	0
1504.999000	T7 promoter phi9	1
1504.999000	bound_ecolipol	0
1504.999000	bound_ecolipol_p	357
1504.999000	bound_ribosome	804
1504.999000	degraded_transcript	80705
1504.999000	ecoli_genome	1443
1504.999000	ecoli_transcript	20979
1504.999000	ecolipol	0
1504.999000	ecolipol-2	0
1504.999000	ecolipol-2-p	1442
1504.999000	ecolipol-p	1
1504.999000	gene 0.3	2361
1504.999000	gene 1.1	8304
1504.999000	gene 1.2	6684
1504.999000	gene 1.3	12503
1504.999000	gene 1.4	10776
1504.999000	gene 1.5	10548
1504.999000	gene 1.6	13631
1504.999000	gene 1.7	14292
1504.999000	gene 1.8	13406
1504.999000	gene 10A	59398
1504.999000	gene 11	8685
1504.999000	gene 12	7558
1504.999000	gene 13	15170
1504.999000	gene 14	13589
1504.999000	gene 15	12473
1504.999000	gene 16	11320
1504.999000	gene 17	15470
1504.999000	gene 17.5	16549
1504.999000	gene 18	15460
1504.999000	gene 18.5	15867
1504.999000	gene 18.7	13897
1504.999000	gene 19	14486
1504.999000	gene 19.2	14313
1504.999000	gene 19.3	14534
1504.999000	gene 19.5	15395
1504.999000	gene 2.5	18705
1504.999000	gene 2.8	16431
1504.999000	gene 3	14674
1504.999000	gene 3.8	19200
1504.999000	gene 4.2	17692
1504.999000	gene 4.3	21411
1504.999000	gene 4.5	23312
1504.999000	gene 4.7	23353
1504.999000	gene 4A	12445
1504.999000	gene 5	20982
1504.999000	gene 5.3	22594
1504.999000	gene 5.5	22248
1504.999000	gene 5.7	20518
1504.999000	gene 5.9	20384
1504.999000	gene 6	17603
1504.999000	gene 6.3	20580
1504.999000	gene 6.5	27127
1504.999000	gene 6.7	24750
1504.999000	gene 7	25481
1504.999000	gene 7.3	26974
1504.999000	gene 7.7	27084
1504.999000	gene 8	21635
1504.999000	gene 9	37331
1504.999000	gp-2	13006
1504.999000	lysozyme-3.5	14616
1504.999000	protein_kinase-0.7	2006
1504.999000	rbs	74144
1504.999000	ribosome	1
1504.999000	rnapol-1	16
1504.999000	rnapol-3.5	1845
1509.999000	E. coli B promoter	1
1509.999000	E. coli C promoter	1
1509.999000	E. coli promoter A1	1
1509.999000	E. coli promoter A2	1
1509.999000	E. coli promoter A3	1
1509.999000	T7 promoter phi1.1A	1
1509.999000	T7 promoter phi1.1B	1
1509.999000	T7 promoter phi1.3	1
1509.999000	T7 promoter phi1.5	1
1509.999000	T7 promoter phi1.6	1
1509.999000	T7 promoter phi10	0
1509.999000	T7 promoter phi13	1
1509.999000	T7 promoter phi17	0
1509.999000	T7 promoter phi2.5	1
1509.999000	T7 promoter phi3.8	0
1509.999000	T7 promoter phi4.3	1
1509.999000	T7 promoter phi4.7	0
1509.999000	T7 promoter phi4c	0
1509.999000	T7 promoter phi6.5	0
1509.999000	T7 promoter phi9	1
1509.999000	bound_ecolipol	0
1509.999000	bound_ecolipol_p	346
1509.999000	bound_ribosome	808
1509.999000	degraded_transcript	80916
1509.999000	ecoli_genome	1454
1509.999000	ecoli_transcript	20849
1509.999000	ecolipol	0
1509.999000	ecolipol-2	0
1509.999000	ecolipol-2-p	1451
1509.999000	ecolipol-p	3
1509.999000	gene 0.3	2362
1509.999000	gene 1.1	8343
1509.999000	gene 1.2	6707
1509.999000	gene 1.3	12566
1509.999000	gene 1.4	10846
1509.999000	gene 1.5	10597
1509.999000	gene 1.6	13700
1509.999000	gene 1.7	14400
1509.999000	gene 1.8	13483
1509.999000	gene 10A	59650
1509.999000	gene 11	8722
1509.999000	gene 12	7589
1509.999000	gene 13	15228
1509.999000	gene 14	13659
1509.999000	gene 15	12544
1509.999000	gene 16	11399
1509.999000	gene 17	15573
1509.999000	gene 17.5	16663
1509.999000	gene 18	15555
1509.999000	gene 18.5	15967
1509.999000	gene 18.7	13990
1509.999000	gene 19	14570
1509.999000	gene 19.2	14399
1509.999000	gene 19.3	14626
1509.999000	gene 19.5	15477
1509.999000	gene 2.5	18804
1509.999000	gene 2.8	16548
1509.999000	gene 3	14764
1509.999000	gene 3.8	19303
1509.999000	gene 4.2	17801
1509.999000	gene 4.3	21542
1509.999000	gene 4.5	23427
1509.999000	gene 4.7	23471
1509.999000	gene 4A	12524
1509.999000	gene 5	21111
1509.999000	gene 5.3	22725
1509.999000	gene 5.5	22383
1509.999000	gene 5.7	20657
1509.999000	gene 5.9	20516
1509.999000	gene 6	17722
1509.999000	gene 6.3	20713
1509.999000	gene 6.5	27270
1509.999000	gene 6.7	24921
1509.999000	gene 7	25644
1509.999000	gene 7.3	27123
1509.999000	gene 7.7	27243
1509.999000	gene 8	21792
1509.999000	gene 9	37575
1509.999000	gp-2	13080
1509.999000	lysozyme-3.5	14688
1509.999000	protein_kinase-0.7	2006
1509.999000	rbs	74485
1509.999000	ribosome	0
1509.999000	rnapol-1	7
1509.999000	rnapol-3.5	1863
1514.999002	E. coli B promoter	1
1514.999002	E. coli C promoter	1
1514.999002	E. coli promoter A1	1
1514.999002	E. coli promoter A2	1
1514.999002	E. coli promoter A3	1
1514.999002	T7 promoter phi1.1A	1
1514.999002	T7 promoter phi1.1B	1
1514.999002	T7 promoter phi1.3	1
1514.999002	T7 promoter phi1.5	1
1514.999002	T7 promoter phi1.6	1
1514.999002	T7 promoter phi10	0
1514.999002	T7 promoter phi13	1
1514.999002	T7 promoter phi17	0
1514.999002	T7 promoter phi2.5	1
1514.999002	T7 promoter phi3.8	1
1514.999002	T7 promoter phi4.3	0
1514.999002	T7 promoter phi4.7	0
1514.999002	T7 promoter phi4c	1
1514.999002	T7 promoter phi6.5	0
1514.999002	T7 promoter phi9	0
1514.999002	bound_ecolipol	0
1514.999002	bound_ecolipol_p	344
1514.999002	bound_ribosome	786
1514.999002	degraded_transcript	81112
1514.999002	ecoli_genome	1456
1514.999002	ecoli_transcript	20744
1514.999002	ecolipol	0
1514.999002	ecolipol-2	0
1514.999002	ecolipol-2-p	1453
1514.999002	ecolipol-p	3
1514.999002	gene 0.3	2364
1514.999002	gene 1.1	8393
1514.999002	gene 1.2	6728
1514.999002	gene 1.3	12638
1514.999002	gene 1.4	10902
1514.999002	gene 1.5	10654
1514.999002	gene 1.6	13777
1514.999002	gene 1.7	14495
1514.999002	gene 1.8	13562
1514.999002	gene 10A	59926
1514.999002	gene 11	8769
1514.999002	gene 12	7625
1514.999002	gene 13	15302
1514.999002	gene 14	13734
1514.999002	gene 15	12630
1514.999002	gene 16	11480
1514.999002	gene 17	15660
1514.999002	gene 17.5	16760
1514.999002	gene 18	15628
1514.999002	gene 18.5	16056
1514.999002	gene 18.7	14084
1514.999002	gene 19	14648
1514.999002	gene 19.2	14492
1514.999002	gene 19.3	14720
1514.999002	gene 19.5	15567
1514.999002	gene 2.5	18914
1514.999002	gene 2.8	16661
1514.999002	gene 3	14851
1514.999002	gene 3.8	19417
1514.999002	gene 4.2	17911
1514.999002	gene 4.3	21660
1514.999002	gene 4.5	23548
1514.999002	gene 4.7	23608
1514.999002	gene 4A	12620
1514.999002	gene 5	21251
1514.999002	gene 5.3	22858
1514.999002	gene 5.5	22524
1514.999002	gene 5.7	20778
1514.999002	gene 5.9	20683
1514.999002	gene 6	17845
1514.999002	gene 6.3	20838
1514.999002	gene 6.5	27447
1514.999002	gene 6.7	25080
1514.999002	gene 7	25800
1514.999002	gene 7.3	27278
1514.999002	gene 7.7	27412
1514.999002	gene 8	21945
1514.999002	gene 9	37775
1514.999002	gp-2	13161
1514.999002	lysozyme-3.5	14773
1514.999002	protein_kinase-0.7	2006
1514.999002	rbs	74865
1514.999002	ribosome	1
1514.999002	rnapol-1	10
1514.999002	rnapol-3.5	1847
1519.999001	E. coli B promoter	1
1519.999001	E. coli C promoter	1
1519.999001	E. coli promoter A1	1
1519.999001	E. coli promoter A2	1
1519.999001	E. coli promoter A3	1
1519.999001	T7 promoter phi1.1A	1
1519.999001	T7 promoter phi1.1B	1
1519.999001	T7 promoter phi1.3	1
1519.999001	T7 promoter phi1.5	1
1519.999001	T7 promoter phi1.6	1
1519.999001	T7 promoter phi10	0
1519.999001	T7 promoter phi13	0
1519.999001	T7 promoter phi17	0
1519.999001	T7 promoter phi2.5	1
1519.999001	T7 promoter phi3.8	0
1519.999001	T7 promoter phi4.3	0
1519.999001	T7 promoter phi4.7	1
1519.999001	T7 promoter phi4c	1
1519.999001	T7 promoter phi6.5	1
1519.999001	T7 promoter phi9	0
1519.999001	bound_ecolipol	0
1519.999001	bound_ecolipol_p	332
1519.999001	bound_ribosome	761
1519.999001	degraded_transcript	81312
1519.999001	ecoli_genome	1468
1519.999001	ecoli_transcript	20637
1519.999001	ecolipol	0
1519.999001	ecolipol-2	0
1519.999001	ecolipol-2-p	1467
1519.999001	ecolipol-p	1
1519.999001	gene 0.3	2366
1519.999001	gene 1.1	8436
1519.999001	gene 1.2	6747
1519.999001	gene 1.3	12713
1519.999001	gene 1.4	10961
1519.999001	gene 1.5	10700
1519.999001	gene 1.6	13870
1519.999001	gene 1.7	14599
1519.999001	gene 1.8	13658
1519.999001	gene 10A	60170
1519.999001	gene 11	8815
1519.999001	gene 12	7667
1519.999001	gene 13	15388
1519.999001	gene 14	13815
1519.999001	gene 15	12696
1519.999001	gene 16	11555
1519.999001	gene 17	15744
1519.999001	gene 17.5	16849
1519.999001	gene 18	15712
1519.999001	gene 18.5	16140
1519.999001	gene 18.7	14175
1519.999001	gene 19	14731
1519.999001	gene 19.2	14576
1519.999001	gene 19.3	14821
1519.999001	gene 19.5	15645
1519.999001	gene 2.5	19022
1519.999001	gene 2.8	16768
1519.999001	gene 3	14944
1519.999001	gene 3.8	19532
1519.999001	gene 4.2	18033
1519.999001	gene 4.3	21796
1519.999001	gene 4.5	23678
1519.999001	gene 4.7	23729
1519.999001	gene 4A	12731
1519.999001	gene 5	21377
1519.999001	gene 5.3	23000
1519.999001	gene 5.5	22660
1519.999001	gene 5.7	20902
1519.999001	gene 5.9	20820
1519.999001	gene 6	17960
1519.999001	gene 6.3	20974
1519.999001	gene 6.5	27592
1519.999001	gene 6.7	25247
1519.999001	gene 7	25935
1519.999001	gene 7.3	27438
1519.999001	gene 7.7	27579
1519.999001	gene 8	22099
1519.999001	gene 9	37986
1519.999001	gp-2	13258
1519.999001	lysozyme-3.5	14865
1519.999001	protein_kinase-0.7	2008
1519.999001	rbs	75370
1519.999001	ribosome	1
1519.999001	rnapol-1	10
1519.999001	rnapol-3.5	1855
1524.999002	E. coli B promoter	1
1524.999002	E. coli C promoter	1
1524.999002	E. coli promoter A1	1
1524.999002	E. coli promoter A2	1
1524.999002	E. coli promoter A3	1
1524.999002	T7 promoter phi1.1A	1
1524.999002	T7 promoter phi1.1B	1
1524.999002	T7 promoter phi1.3	1
1524.999002	T7 promoter phi1.5	1
1524.999002	T7 promoter phi1.6	1
1524.999002	T7 promoter phi10	0
1524.999002	T7 promoter phi13	1
1524.999002	T7 promoter phi17	0
1524.999002	T7 promoter phi2.5	0
1524.999002	T7 promoter phi3.8	1
1524.999002	T7 promoter phi4.3	1
1524.999002	T7 promoter phi4.7	1
1524.999002	T7 promoter phi4c	1
1524.999002	T7 promoter phi6.5	1
1524.999002	T7 promoter phi9	0
1524.999002	bound_ecolipol	0
1524.999002	bound_ecolipol_p	334
1524.999002	bound_ribosome	747
1524.999002	degraded_transcript	81519
1524.999002	ecoli_genome	1466
1524.999002	ecoli_transcript	20510
1524.999002	ecolipol	0
1524.999002	ecolipol-2	0
1524.999002	ecolipol-2-p	1465
1524.999002	ecolipol-p	1
1524.999002	gene 0.3	2367
1524.999002	gene 1.1	8492
1524.999002	gene 1.2	6771
1524.999002	gene 1.3	12789
1524.999002	gene 1.4	11020
1524.999002	gene 1.5	10769
1524.999002	gene 1.6	13945
1524.999002	gene 1.7	14697
1524.999002	gene 1.8	13742
1524.999002	gene 10A	60415
1524.999002	gene 11	8864
1524.999002	gene 12	7707
1524.999002	gene 13	15464
1524.999002	gene 14	13889
1524.999002	gene 15	12766
1524.999002	gene 16	11641
1524.999002	gene 17	15826
1524.999002	gene 17.5	16956
1524.999002	gene 18	15787
1524.999002	gene 18.5	16233
1524.999002	gene 18.7	14249
1524.999002	gene 19	14818
1524.999002	gene 19.2	14668
1524.999002	gene 19.3	14900
1524.999002	gene 19.5	15728
1524.999002	gene 2.5	19114
1524.999002	gene 2.8	16875
1524.999002	gene 3	15048
1524.999002	gene 3.8	19642
1524.999002	gene 4.2	18139
1524.999002	gene 4.3	21912
1524.999002	gene 4.5	23802
1524.999002	gene 4.7	23864
1524.999002	gene 4A	12850
1524.999002	gene 5	21516
1524.999002	gene 5.3	23146
1524.999002	gene 5.5	22811
1524.999002	gene 5.7	21035
1524.999002	gene 5.9	20948
1524.999002	gene 6	18102
1524.999002	gene 6.3	21096
1524.999002	gene 6.5	27746
1524.999002	gene 6.7	25403
1524.999002	gene 7	26074
1524.999002	gene 7.3	27600
1524.999002	gene 7.7	27741
1524.999002	gene 8	22243
1524.999002	gene 9	38187
1524.999002	gp-2	13360
1524.999002	lysozyme-3.5	14971
1524.999002	protein_kinase-0.7	2008
1524.999002	rbs	75713
1524.999002	ribosome	1
1524.999002	rnapol-1	8
1524.999002	rnapol-3.5	1855
1529.999001	E. coli B promoter	1
1529.999001	E. coli C promoter	1
1529.999001	E. coli promoter A1	1
1529.999001	E. coli promoter A2	1
1529.999001	E. coli promoter A3	1
1529.999001	T7 promoter phi1.1A	1
1529.999001	T7 promoter phi1.1B	1
1529.999001	T7 promoter phi1.3	1
1529.999001	T7 promoter phi1.5	1
1529.999001	T7 promoter phi1.6	1
1529.999001	T7 promoter phi10	0
1529.999001	T7 promoter phi13	1
1529.999001	T7 promoter phi17	1
1529.999001	T7 promoter phi2.5	1
1529.999001	T7 promoter phi3.8	1
1529.999001	T7 promoter phi4.3	1
1529.999001	T7 promoter phi4.7	1
1529.999001	T7 promoter phi4c	0
1529.999001	T7 promoter phi6.5	0
1529.999001	T7 promoter phi9	1
1529.999001	bound_ecolipol	0
1529.999001	bound_ecolipol_p	340
1529.999001	bound_ribosome	752
1529.999001	degraded_transcript	81721
1529.999001	ecoli_genome	1460
1529.999001	ecoli_transcript	20368
1529.999001	ecolipol	0
1529.999001	ecolipol-2	0
1529.999001	ecolipol-2-p	1457
1529.999001	ecolipol-p	3
1529.999001	gene 0.3	2368
1529.999001	gene 1.1	8544
1529.999001	gene 1.2	6794
1529.999001	gene 1.3	12871
1529.999001	gene 1.4	11084
1529.999001	gene 1.5	10835
1529.999001	gene 1.6	14029
1529.999001	gene 1.7	14781
1529.999001	gene 1.8	13808
1529.999001	gene 10A	60664
1529.999001	gene 11	8896
1529.999001	gene 12	7746
1529.999001	gene 13	15533
1529.999001	gene 14	13959
1529.999001	gene 15	12825
1529.999001	gene 16	11721
1529.999001	gene 17	15914
1529.999001	gene 17.5	17060
1529.999001	gene 18	15875
1529.999001	gene 18.5	16336
1529.999001	gene 18.7	14318
1529.999001	gene 19	14901
1529.999001	gene 19.2	14759
1529.999001	gene 19.3	15002
1529.999001	gene 19.5	15835
1529.999001	gene 2.5	19209
1529.999001	gene 2.8	16981
1529.999001	gene 3	15142
1529.999001	gene 3.8	19751
1529.999001	gene 4.2	18245
1529.999001	gene 4.3	22030
1529.999001	gene 4.5	23950
1529.999001	gene 4.7	23984
1529.999001	gene 4A	12960
1529.999001	gene 5	21642
1529.999001	gene 5.3	23271
1529.999001	gene 5.5	22935
1529.999001	gene 5.7	21170
1529.999001	gene 5.9	21087
1529.999001	gene 6	18235
1529.999001	gene 6.3	21232
1529.999001	gene 6.5	27905
1529.999001	gene 6.7	25553
1529.999001	gene 7	26245
1529.999001	gene 7.3	27746
1529.999001	gene 7.7	27924
1529.999001	gene 8	22404
1529.999001	gene 9	38405
1529.999001	gp-2	13457
1529.999001	lysozyme-3.5	15041
1529.999001	protein_kinase-0.7	2010
1529.999001	rbs	76174
1529.999001	ribosome	0
1529.999001	rnapol-1	7
1529.999001	rnapol-3.5	1861
1534.999004	E. coli B promoter	1
1534.999004	E. coli C promoter	1
1534.999004	E. coli promoter A1	1
1534.999004	E. coli promoter A2	1
1534.999004	E. coli promoter A3	1
1534.999004	T7 promoter phi1.1A	1
1534.999004	T7 promoter phi1.1B	1
1534.999004	T7 promoter phi1.3	1
1534.999004	T7 promoter phi1.5	1
1534.999004	T7 promoter phi1.6	1
1534.999004	T7 promoter phi10	0
1534.999004	T7 promoter phi13	1
1534.999004	T7 promoter phi17	0
1534.999004	T7 promoter phi2.5	0
1534.999004	T7 promoter phi3.8	1
1534.999004	T7 promoter phi4.3	0
1534.999004	T7 promoter phi4.7	0
1534.999004	T7 promoter phi4c	1
1534.999004	T7 promoter phi6.5	1
1534.999004	T7 promoter phi9	1
1534.999004	bound_ecolipol	0
1534.999004	bound_ecolipol_p	325
1534.999004	bound_ribosome	765
1534.999004	degraded_transcript	81931
1534.999004	ecoli_genome	1475
1534.999004	ecoli_transcript	20210
1534.999004	ecolipol	0
1534.999004	ecolipol-2	0
1534.999004	ecolipol-2-p	1472
1534.999004	ecolipol-p	3
1534.999004	gene 0.3	2368
1534.999004	gene 1.1	8598
1534.999004	gene 1.2	6816
1534.999004	gene 1.3	12943
1534.999004	gene 1.4	11149
1534.999004	gene 1.5	10913
1534.999004	gene 1.6	14100
1534.999004	gene 1.7	14850
1534.999004	gene 1.8	13889
1534.999004	gene 10A	60939
1534.999004	gene 11	8933
1534.999004	gene 12	7802
1534.999004	gene 13	15600
1534.999004	gene 14	14024
1534.999004	gene 15	12899
1534.999004	gene 16	11796
1534.999004	gene 17	16009
1534.999004	gene 17.5	17153
1534.999004	gene 18	15982
1534.999004	gene 18.5	16424
1534.999004	gene 18.7	14385
1534.999004	gene 19	15002
1534.999004	gene 19.2	14858
1534.999004	gene 19.3	15085
1534.999004	gene 19.5	15926
1534.999004	gene 2.5	19306
1534.999004	gene 2.8	17098
1534.999004	gene 3	15250
1534.999004	gene 3.8	19873
1534.999004	gene 4.2	18353
1534.999004	gene 4.3	22147
1534.999004	gene 4.5	24078
1534.999004	gene 4.7	24122
1534.999004	gene 4A	13066
1534.999004	gene 5	21767
1534.999004	gene 5.3	23402
1534.999004	gene 5.5	23068
1534.999004	gene 5.7	21289
1534.999004	gene 5.9	21213
1534.999004	gene 6	18365
1534.999004	gene 6.3	21370
1534.999004	gene 6.5	28057
1534.999004	gene 6.7	25708
1534.999004	gene 7	26401
1534.999004	gene 7.3	27906
1534.999004	gene 7.7	28100
1534.999004	gene 8	22591
1534.999004	gene 9	38644
1534.999004	gp-2	13540
1534.999004	lysozyme-3.5	15146
1534.999004	protein_kinase-0.7	2013
1534.999004	rbs	76528
1534.999004	ribosome	0
1534.999004	rnapol-1	8
1534.999004	rnapol-3.5	1866
1539.999001	E. coli B promoter	1
1539.999001	E. coli C promoter	1
1539.999001	E. coli promoter A1	1
1539.999001	E. coli promoter A2	1
1539.999001	E. coli promoter A3	1
1539.999001	T7 promoter phi1.1A	1
1539.999001	T7 promoter phi1.1B	1
1539.999001	T7 promoter phi1.3	1
1539.999001	T7 promoter phi1.5	1
1539.999001	T7 promoter phi1.6	1
1539.999001	T7 promoter phi10	0
1539.999001	T7 promoter phi13	1
1539.999001	T7 promoter phi17	1
1539.999001	T7 promoter phi2.5	0
1539.999001	T7 promoter phi3.8	1
1539.999001	T7 promoter phi4.3	0
1539.999001	T7 promoter phi4.7	1
1539.999001	T7 promoter phi4c	0
1539.999001	T7 promoter phi6.5	0
1539.999001	T7 promoter phi9	1
1539.999001	bound_ecolipol	0
1539.999001	bound_ecolipol_p	331
1539.999001	bound_ribosome	772
1539.999001	degraded_transcript	82137
1539.999001	ecoli_genome	1469
1539.999001	ecoli_transcript	20060
1539.999001	ecolipol	0
1539.999001	ecolipol-2	0
1539.999001	ecolipol-2-p	1469
1539.999001	ecolipol-p	0
1539.999001	gene 0.3	2368
1539.999001	gene 1.1	8641
1539.999001	gene 1.2	6841
1539.999001	gene 1.3	13022
1539.999001	gene 1.4	11222
1539.999001	gene 1.5	10968
1539.999001	gene 1.6	14184
1539.999001	gene 1.7	14938
1539.999001	gene 1.8	13988
1539.999001	gene 10A	61218
1539.999001	gene 11	8967
1539.999001	gene 12	7845
1539.999001	gene 13	15677
1539.999001	gene 14	14095
1539.999001	gene 15	12971
1539.999001	gene 16	11865
1539.999001	gene 17	16093
1539.999001	gene 17.5	17243
1539.999001	gene 18	16069
1539.999001	gene 18.5	16510
1539.999001	gene 18.7	14473
1539.999001	gene 19	15093
1539.999001	gene 19.2	14943
1539.999001	gene 19.3	15161
1539.999001	gene 19.5	16014
1539.999001	gene 2.5	19409
1539.999001	gene 2.8	17211
1539.999001	gene 3	15356
1539.999001	gene 3.8	19988
1539.999001	gene 4.2	18454
1539.999001	gene 4.3	22267
1539.999001	gene 4.5	24222
1539.999001	gene 4.7	24230
1539.999001	gene 4A	13178
1539.999001	gene 5	21909
1539.999001	gene 5.3	23541
1539.999001	gene 5.5	23179
1539.999001	gene 5.7	21428
1539.999001	gene 5.9	21368
1539.999001	gene 6	18486
1539.999001	gene 6.3	21510
1539.999001	gene 6.5	28240
1539.999001	gene 6.7	25855
1539.999001	gene 7	26570
1539.999001	gene 7.3	28087
1539.999001	gene 7.7	28274
1539.999001	gene 8	22748
1539.999001	gene 9	38870
1539.999001	gp-2	13607
1539.999001	lysozyme-3.5	15238
1539.999001	protein_kinase-0.7	2015
1539.999001	rbs	77082
1539.999001	ribosome	1
1539.999001	rnapol-1	6
1539.999001	rnapol-3.5	1878
1544.999001	E. coli B promoter	1
1544.999001	E. coli C promoter	1
1544.999001	E. coli promoter A1	1
1544.999001	E. coli promoter A2	1
1544.999001	E. coli promoter A3	1
1544.999001	T7 promoter phi1.1A	1
1544.999001	T7 promoter phi1.1B	1
1544.999001	T7 promoter phi1.3	1
1544.999001	T7 promoter phi1.5	1
1544.999001	T7 promoter phi1.6	1
1544.999001	T7 promoter phi10	0
1544.999001	T7 promoter phi13	0
1544.999001	T7 promoter phi17	1
1544.999001	T7 promoter phi2.5	0
1544.999001	T7 promoter phi3.8	1
1544.999001	T7 promoter phi4.3	0
1544.999001	T7 promoter phi4.7	0
1544.999001	T7 promoter phi4c	1
1544.999001	T7 promoter phi6.5	1
1544.999001	T7 promoter phi9	1
1544.999001	bound_ecolipol	0
1544.999001	bound_ecolipol_p	333
1544.999001	bound_ribosome	761
1544.999001	degraded_transcript	82316
1544.999001	ecoli_genome	1467
1544.999001	ecoli_transcript	19952
1544.999001	ecolipol	0
1544.999001	ecolipol-2	0
1544.999001	ecolipol-2-p	1465
1544.999001	ecolipol-p	2
1544.999001	gene 0.3	2371
1544.999001	gene 1.1	8693
1544.999001	gene 1.2	6870
1544.999001	gene 1.3	13105
1544.999001	gene 1.4	11282
1544.999001	gene 1.5	11044
1544.999001	gene 1.6	14262
1544.999001	gene 1.7	15030
1544.999001	gene 1.8	14068
1544.999001	gene 10A	61466
1544.999001	gene 11	9013
1544.999001	gene 12	7881
1544.999001	gene 13	15752
1544.999001	gene 14	14163
1544.999001	gene 15	13037
1544.999001	gene 16	11948
1544.999001	gene 17	16183
1544.999001	gene 17.5	17336
1544.999001	gene 18	16169
1544.999001	gene 18.5	16601
1544.999001	gene 18.7	14562
1544.999001	gene 19	15178
1544.999001	gene 19.2	15039
1544.999001	gene 19.3	15230
1544.999001	gene 19.5	16097
1544.999001	gene 2.5	19509
1544.999001	gene 2.8	17303
1544.999001	gene 3	15439
1544.999001	gene 3.8	20104
1544.999001	gene 4.2	18576
1544.999001	gene 4.3	22416
1544.999001	gene 4.5	24331
1544.999001	gene 4.7	24371
1544.999001	gene 4A	13290
1544.999001	gene 5	22065
1544.999001	gene 5.3	23693
1544.999001	gene 5.5	23296
1544.999001	gene 5.7	21583
1544.999001	gene 5.9	21496
1544.999001	gene 6	18618
1544.999001	gene 6.3	21653
1544.999001	gene 6.5	28407
1544.999001	gene 6.7	26035
1544.999001	gene 7	26741
1544.999001	gene 7.3	28263
1544.999001	gene 7.7	28445
1544.999001	gene 8	22894
1544.999001	gene 9	39087
1544.999001	gp-2	13691
1544.999001	lysozyme-3.5	15334
1544.999001	protein_kinase-0.7	2015
1544.999001	rbs	77419
1544.999001	ribosome	2
1544.999001	rnapol-1	9
1544.999001	rnapol-3.5	1877
1549.999001	E. coli B promoter	1
1549.999001	E. coli C promoter	1
1549.999001	E. coli promoter A1	1
1549.999001	E. coli promoter A2	1
1549.999001	E. coli promoter A3	1
1549.999001	T7 promoter phi1.1A	1
1549.999001	T7 promoter phi1.1B	1
1549.999001	T7 promoter phi1.3	0
1549.999001	T7 promoter phi1.5	1
1549.999001	T7 promoter phi1.6	0
1549.999001	T7 promoter phi10	0
1549.999001	T7 promoter phi13	1
1549.999001	T7 promoter phi17	1
1549.999001	T7 promoter phi2.5	1
1549.999001	T7 promoter phi3.8	1
1549.999001	T7 promoter phi4.3	1
1549.999001	T7 promoter phi4.7	1
1549.999001	T7 promoter phi4c	1
1549.999001	T7 promoter phi6.5	1
1549.999001	T7 promoter phi9	0
1549.999001	bound_ecolipol	0
1549.999001	bound_ecolipol_p	344
1549.999001	bound_ribosome	716
1549.999001	degraded_transcript	82499
1549.999001	ecoli_genome	1456
1549.999001	ecoli_transcript	19875
1549.999001	ecolipol	0
1549.999001	ecolipol-2	0
1549.999001	ecolipol-2-p	1455
1549.999001	ecolipol-p	1
1549.999001	gene 0.3	2374
1549.999001	gene 1.1	8751
1549.999001	gene 1.2	6907
1549.999001	gene 1.3	13172
1549.999001	gene 1.4	11347
1549.999001	gene 1.5	11107
1549.999001	gene 1.6	14351
1549.999001	gene 1.7	15119
1549.999001	gene 1.8	14155
1549.999001	gene 10A	61727
1549.999001	gene 11	9063
1549.999001	gene 12	7917
1549.999001	gene 13	15806
1549.999001	gene 14	14245
1549.999001	gene 15	13124
1549.999001	gene 16	12010
1549.999001	gene 17	16274
1549.999001	gene 17.5	17438
1549.999001	gene 18	16256
1549.999001	gene 18.5	16678
1549.999001	gene 18.7	14632
1549.999001	gene 19	15271
1549.999001	gene 19.2	15127
1549.999001	gene 19.3	15305
1549.999001	gene 19.5	16193
1549.999001	gene 2.5	19598
1549.999001	gene 2.8	17407
1549.999001	gene 3	15534
1549.999001	gene 3.8	20212
1549.999001	gene 4.2	18698
1549.999001	gene 4.3	22555
1549.999001	gene 4.5	24480
1549.999001	gene 4.7	24497
1549.999001	gene 4A	13392
1549.999001	gene 5	22197
1549.999001	gene 5.3	23826
1549.999001	gene 5.5	23433
1549.999001	gene 5.7	21722
1549.999001	gene 5.9	21626
1549.999001	gene 6	18756
1549.999001	gene 6.3	21784
1549.999001	gene 6.5	28551
1549.999001	gene 6.7	26201
1549.999001	gene 7	26897
1549.999001	gene 7.3	28429
1549.999001	gene 7.7	28622
1549.999001	gene 8	23043
1549.999001	gene 9	39302
1549.999001	gp-2	13780
1549.999001	lysozyme-3.5	15413
1549.999001	protein_kinase-0.7	2016
1549.999001	rbs	77840
1549.999001	ribosome	1
1549.999001	rnapol-1	6
1549.999001	rnapol-3.5	1878
1554.999001	E. coli B promoter	1
1554.999001	E. coli C promoter	1
1554.999001	E. coli promoter A1	1
1554.999001	E. coli promoter A2	1
1554.999001	E. coli promoter A3	1
1554.999001	T7 promoter phi1.1A	1
1554.999001	T7 promoter phi1.1B	1
1554.999001	T7 promoter phi1.3	1
1554.999001	T7 promoter phi1.5	1
1554.999001	T7 promoter phi1.6	1
1554.999001	T7 promoter phi10	0
1554.999001	T7 promoter phi13	0
1554.999001	T7 promoter phi17	1
1554.999001	T7 promoter phi2.5	0
1554.999001	T7 promoter phi3.8	0
1554.999001	T7 promoter phi4.3	0
1554.999001	T7 promoter phi4.7	1
1554.999001	T7 promoter phi4c	1
1554.999001	T7 promoter phi6.5	0
1554.999001	T7 promoter phi9	0
1554.999001	bound_ecolipol	0
1554.999001	bound_ecolipol_p	350
1554.999001	bound_ribosome	708
1554.999001	degraded_transcript	82695
1554.999001	ecoli_genome	1450
1554.999001	ecoli_transcript	19754
1554.999001	ecolipol	0
1554.999001	ecolipol-2	0
1554.999001	ecolipol-2-p	1448
1554.999001	ecolipol-p	2
1554.999001	gene 0.3	2379
1554.999001	gene 1.1	8801
1554.999001	gene 1.2	6930
1554.999001	gene 1.3	13242
1554.999001	gene 1.4	11414
1554.999001	gene 1.5	11154
1554.999001	gene 1.6	14436
1554.999001	gene 1.7	15194
1554.999001	gene 1.8	14250
1554.999001	gene 10A	62006
1554.999001	gene 11	9103
1554.999001	gene 12	7956
1554.999001	gene 13	15896
1554.999001	gene 14	14314
1554.999001	gene 15	13199
1554.999001	gene 16	12077
1554.999001	gene 17	16358
1554.999001	gene 17.5	17542
1554.999001	gene 18	16343
1554.999001	gene 18.5	16773
1554.999001	gene 18.7	14721
1554.999001	gene 19	15348
1554.999001	gene 19.2	15214
1554.999001	gene 19.3	15392
1554.999001	gene 19.5	16281
1554.999001	gene 2.5	19716
1554.999001	gene 2.8	17510
1554.999001	gene 3	15613
1554.999001	gene 3.8	20313
1554.999001	gene 4.2	18824
1554.999001	gene 4.3	22692
1554.999001	gene 4.5	24611
1554.999001	gene 4.7	24631
1554.999001	gene 4A	13494
1554.999001	gene 5	22327
1554.999001	gene 5.3	23952
1554.999001	gene 5.5	23575
1554.999001	gene 5.7	21845
1554.999001	gene 5.9	21772
1554.999001	gene 6	18887
1554.999001	gene 6.3	21898
1554.999001	gene 6.5	28704
1554.999001	gene 6.7	26338
1554.999001	gene 7	27051
1554.999001	gene 7.3	28589
1554.999001	gene 7.7	28769
1554.999001	gene 8	23191
1554.999001	gene 9	39511
1554.999001	gp-2	13870
1554.999001	lysozyme-3.5	15512
1554.999001	protein_kinase-0.7	2016
1554.999001	rbs	78279
1554.999001	ribosome	0
1554.999001	rnapol-1	8
1554.999001	rnapol-3.5	1883
1559.999000	E. coli B promoter	1
1559.999000	E. coli C promoter	1
1559.999000	E. coli promoter A1	1
1559.999000	E. coli promoter A2	1
1559.999000	E. coli promoter A3	1
1559.999000	T7 promoter phi1.1A	1
1559.999000	T7 promoter phi1.1B	1
1559.999000	T7 promoter phi1.3	1
1559.999000	T7 promoter phi1.5	1
1559.999000	T7 promoter phi1.6	1
1559.999000	T7 promoter phi10	0
1559.999000	T7 promoter phi13	1
1559.999000	T7 promoter phi17	1
1559.999000	T7 promoter phi2.5	0
1559.999000	T7 promoter phi3.8	1
1559.999000	T7 promoter phi4.3	0
1559.999000	T7 promoter phi4.7	1
1559.999000	T7 promoter phi4c	1
1559.999000	T7 promoter phi6.5	0
1559.999000	T7 promoter phi9	0
1559.999000	bound_ecolipol	0
1559.999000	bound_ecolipol_p	346
1559.999000	bound_ribosome	700
1559.999000	degraded_transcript	82880
1559.999000	ecoli_genome	1454
1559.999000	ecoli_transcript	19660
1559.999000	ecolipol	0
1559.999000	ecolipol-2	0
1559.999000	ecolipol-2-p	1454
1559.999000	ecolipol-p	0
1559.999000	gene 0.3	2379
1559.999000	gene 1.1	8844
1559.999000	gene 1.2	6954
1559.999000	gene 1.3	13306
1559.999000	gene 1.4	11477
1559.999000	gene 1.5	11220
1559.999000	gene 1.6	14511
1559.999000	gene 1.7	15261
1559.999000	gene 1.8	14345
1559.999000	gene 10A	62268
1559.999000	gene 11	9141
1559.999000	gene 12	7992
1559.999000	gene 13	15988
1559.999000	gene 14	14382
1559.999000	gene 15	13275
1559.999000	gene 16	12140
1559.999000	gene 17	16438
1559.999000	gene 17.5	17652
1559.999000	gene 18	16414
1559.999000	gene 18.5	16858
1559.999000	gene 18.7	14796
1559.999000	gene 19	15436
1559.999000	gene 19.2	15300
1559.999000	gene 19.3	15492
1559.999000	gene 19.5	16373
1559.999000	gene 2.5	19830
1559.999000	gene 2.8	17629
1559.999000	gene 3	15702
1559.999000	gene 3.8	20422
1559.999000	gene 4.2	18926
1559.999000	gene 4.3	22815
1559.999000	gene 4.5	24741
1559.999000	gene 4.7	24763
1559.999000	gene 4A	13582
1559.999000	gene 5	22470
1559.999000	gene 5.3	24087
1559.999000	gene 5.5	23709
1559.999000	gene 5.7	21962
1559.999000	gene 5.9	21929
1559.999000	gene 6	19012
1559.999000	gene 6.3	22025
1559.999000	gene 6.5	28862
1559.999000	gene 6.7	26520
1559.999000	gene 7	27209
1559.999000	gene 7.3	28760
1559.999000	gene 7.7	28936
1559.999000	gene 8	23334
1559.999000	gene 9	39699
1559.999000	gp-2	13951
1559.999000	lysozyme-3.5	15620
1559.999000	protein_kinase-0.7	2019
1559.999000	rbs	78756
1559.999000	ribosome	1
1559.999000	rnapol-1	9
1559.999000	rnapol-3.5	1877
1564.999001	E. coli B promoter	1
1564.999001	E. coli C promoter	1
1564.999001	E. coli promoter A1	1
1564.999001	E. coli promoter A2	1
1564.999001	E. coli promoter A3	1
1564.999001	T7 promoter phi1.1A	1
1564.999001	T7 promoter phi1.1B	1
1564.999001	T7 promoter phi1.3	1
1564.999001	T7 promoter phi1.5	0
1564.999001	T7 promoter phi1.6	1
1564.999001	T7 promoter phi10	0
1564.999001	T7 promoter phi13	0
1564.999001	T7 promoter phi17	1
1564.999001	T7 promoter phi2.5	1
1564.999001	T7 promoter phi3.8	0
1564.999001	T7 promoter phi4.3	1
1564.999001	T7 promoter phi4.7	0
1564.999001	T7 promoter phi4c	0
1564.999001	T7 promoter phi6.5	1
1564.999001	T7 promoter phi9	0
1564.999001	bound_ecolipol	0
1564.999001	bound_ecolipol_p	349
1564.999001	bound_ribosome	687
1564.999001	degraded_transcript	83069
1564.999001	ecoli_genome	1451
1564.999001	ecoli_transcript	19549
1564.999001	ecolipol	0
1564.999001	ecolipol-2	0
1564.999001	ecolipol-2-p	1446
1564.999001	ecolipol-p	5
1564.999001	gene 0.3	2381
1564.999001	gene 1.1	8887
1564.999001	gene 1.2	6975
1564.999001	gene 1.3	13366
1564.999001	gene 1.4	11526
1564.999001	gene 1.5	11276
1564.999001	gene 1.6	14586
1564.999001	gene 1.7	15337
1564.999001	gene 1.8	14429
1564.999001	gene 10A	62574
1564.999001	gene 11	9173
1564.999001	gene 12	8026
1564.999001	gene 13	16060
1564.999001	gene 14	14450
1564.999001	gene 15	13341
1564.999001	gene 16	12200
1564.999001	gene 17	16523
1564.999001	gene 17.5	17741
1564.999001	gene 18	16520
1564.999001	gene 18.5	16946
1564.999001	gene 18.7	14885
1564.999001	gene 19	15522
1564.999001	gene 19.2	15378
1564.999001	gene 19.3	15581
1564.999001	gene 19.5	16466
1564.999001	gene 2.5	19923
1564.999001	gene 2.8	17734
1564.999001	gene 3	15785
1564.999001	gene 3.8	20513
1564.999001	gene 4.2	19052
1564.999001	gene 4.3	22930
1564.999001	gene 4.5	24867
1564.999001	gene 4.7	24887
1564.999001	gene 4A	13697
1564.999001	gene 5	22593
1564.999001	gene 5.3	24219
1564.999001	gene 5.5	23832
1564.999001	gene 5.7	22085
1564.999001	gene 5.9	22057
1564.999001	gene 6	19135
1564.999001	gene 6.3	22168
1564.999001	gene 6.5	29015
1564.999001	gene 6.7	26680
1564.999001	gene 7	27381
1564.999001	gene 7.3	28927
1564.999001	gene 7.7	29095
1564.999001	gene 8	23473
1564.999001	gene 9	39934
1564.999001	gp-2	14053
1564.999001	lysozyme-3.5	15723
1564.999001	protein_kinase-0.7	2020
1564.999001	rbs	79154
1564.999001	ribosome	0
1564.999001	rnapol-1	12
1564.999001	rnapol-3.5	1862
1569.999000	E. coli B promoter	1
1569.999000	E. coli C promoter	1
1569.999000	E. coli promoter A1	1
1569.999000	E. coli promoter A2	1
1569.999000	E. coli promoter A3	1
1569.999000	T7 promoter phi1.1A	1
1569.999000	T7 promoter phi1.1B	1
1569.999000	T7 promoter phi1.3	1
1569.999000	T7 promoter phi1.5	1
1569.999000	T7 promoter phi1.6	1
1569.999000	T7 promoter phi10	0
1569.999000	T7 promoter phi13	1
1569.999000	T7 promoter phi17	0
1569.999000	T7 promoter phi2.5	1
1569.999000	T7 promoter phi3.8	1
1569.999000	T7 promoter phi4.3	0
1569.999000	T7 promoter phi4.7	1
1569.999000	T7 promoter phi4c	1
1569.999000	T7 promoter phi6.5	1
1569.999000	T7 promoter phi9	0
1569.999000	bound_ecolipol	0
1569.999000	bound_ecolipol_p	332
1569.999000	bound_ribosome	663
1569.999000	degraded_transcript	83278
1569.999000	ecoli_genome	1468
1569.999000	ecoli_transcript	19448
1569.999000	ecolipol	0
1569.999000	ecolipol-2	0
1569.999000	ecolipol-2-p	1467
1569.999000	ecolipol-p	1
1569.999000	gene 0.3	2382
1569.999000	gene 1.1	8942
1569.999000	gene 1.2	6997
1569.999000	gene 1.3	13417
1569.999000	gene 1.4	11584
1569.999000	gene 1.5	11347
1569.999000	gene 1.6	14658
1569.999000	gene 1.7	15418
1569.999000	gene 1.8	14507
1569.999000	gene 10A	62819
1569.999000	gene 11	9216
1569.999000	gene 12	8066
1569.999000	gene 13	16124
1569.999000	gene 14	14516
1569.999000	gene 15	13397
1569.999000	gene 16	12264
1569.999000	gene 17	16600
1569.999000	gene 17.5	17838
1569.999000	gene 18	16617
1569.999000	gene 18.5	17050
1569.999000	gene 18.7	14975
1569.999000	gene 19	15614
1569.999000	gene 19.2	15476
1569.999000	gene 19.3	15669
1569.999000	gene 19.5	16563
1569.999000	gene 2.5	20021
1569.999000	gene 2.8	17833
1569.999000	gene 3	15858
1569.999000	gene 3.8	20634
1569.999000	gene 4.2	19170
1569.999000	gene 4.3	23032
1569.999000	gene 4.5	25005
1569.999000	gene 4.7	25013
1569.999000	gene 4A	13800
1569.999000	gene 5	22730
1569.999000	gene 5.3	24376
1569.999000	gene 5.5	23975
1569.999000	gene 5.7	22245
1569.999000	gene 5.9	22177
1569.999000	gene 6	19268
1569.999000	gene 6.3	22285
1569.999000	gene 6.5	29187
1569.999000	gene 6.7	26817
1569.999000	gene 7	27545
1569.999000	gene 7.3	29073
1569.999000	gene 7.7	29246
1569.999000	gene 8	23611
1569.999000	gene 9	40147
1569.999000	gp-2	14111
1569.999000	lysozyme-3.5	15829
1569.999000	protein_kinase-0.7	2022
1569.999000	rbs	79561
1569.999000	ribosome	0
1569.999000	rnapol-1	11
1569.999000	rnapol-3.5	1860
1574.999001	E. coli B promoter	1
1574.999001	E. coli C promoter	1
1574.999001	E. coli promoter A1	1
1574.999001	E. coli promoter A2	1
1574.999001	E. coli promoter A3	1
1574.999001	T7 promoter phi1.1A	1
1574.999001	T7 promoter phi1.1B	1
1574.999001	T7 promoter phi1.3	1
1574.999001	T7 promoter phi1.5	1
1574.999001	T7 promoter phi1.6	0
1574.999001	T7 promoter phi10	0
1574.999001	T7 promoter phi13	0
1574.999001	T7 promoter phi17	0
1574.999001	T7 promoter phi2.5	0
1574.999001	T7 promoter phi3.8	1
1574.999001	T7 promoter phi4.3	0
1574.999001	T7 promoter phi4.7	1
1574.999001	T7 promoter phi4c	1
1574.999001	T7 promoter phi6.5	0
1574.999001	T7 promoter phi9	1
1574.999001	bound_ecolipol	0
1574.999001	bound_ecolipol_p	335
1574.999001	bound_ribosome	665
1574.999001	degraded_transcript	83464
1574.999001	ecoli_genome	1465
1574.999001	ecoli_transcript	19320
1574.999001	ecolipol	0
1574.999001	ecolipol-2	0
1574.999001	ecolipol-2-p	1461
1574.999001	ecolipol-p	4
1574.999001	gene 0.3	2386
1574.999001	gene 1.1	8986
1574.999001	gene 1.2	7018
1574.999001	gene 1.3	13478
1574.999001	gene 1.4	11632
1574.999001	gene 1.5	11413
1574.999001	gene 1.6	14743
1574.999001	gene 1.7	15504
1574.999001	gene 1.8	14584
1574.999001	gene 10A	63083
1574.999001	gene 11	9257
1574.999001	gene 12	8102
1574.999001	gene 13	16200
1574.999001	gene 14	14591
1574.999001	gene 15	13475
1574.999001	gene 16	12329
1574.999001	gene 17	16692
1574.999001	gene 17.5	17912
1574.999001	gene 18	16708
1574.999001	gene 18.5	17140
1574.999001	gene 18.7	15053
1574.999001	gene 19	15721
1574.999001	gene 19.2	15536
1574.999001	gene 19.3	15756
1574.999001	gene 19.5	16656
1574.999001	gene 2.5	20138
1574.999001	gene 2.8	17944
1574.999001	gene 3	15963
1574.999001	gene 3.8	20747
1574.999001	gene 4.2	19268
1574.999001	gene 4.3	23172
1574.999001	gene 4.5	25138
1574.999001	gene 4.7	25137
1574.999001	gene 4A	13896
1574.999001	gene 5	22880
1574.999001	gene 5.3	24507
1574.999001	gene 5.5	24104
1574.999001	gene 5.7	22362
1574.999001	gene 5.9	22308
1574.999001	gene 6	19374
1574.999001	gene 6.3	22408
1574.999001	gene 6.5	29345
1574.999001	gene 6.7	26992
1574.999001	gene 7	27680
1574.999001	gene 7.3	29241
1574.999001	gene 7.7	29427
1574.999001	gene 8	23775
1574.999001	gene 9	40367
1574.999001	gp-2	14209
1574.999001	lysozyme-3.5	15925
1574.999001	protein_kinase-0.7	2024
1574.999001	rbs	79979
1574.999001	ribosome	0
1574.999001	rnapol-1	4
1574.999001	rnapol-3.5	1864
1579.999003	E. coli B promoter	1
1579.999003	E. coli C promoter	1
1579.999003	E. coli promoter A1	1
1579.999003	E. coli promoter A2	1
1579.999003	E. coli promoter A3	1
1579.999003	T7 promoter phi1.1A	1
1579.999003	T7 promoter phi1.1B	1
1579.999003	T7 promoter phi1.3	0
1579.999003	T7 promoter phi1.5	0
1579.999003	T7 promoter phi1.6	1
1579.999003	T7 promoter phi10	0
1579.999003	T7 promoter phi13	0
1579.999003	T7 promoter phi17	0
1579.999003	T7 promoter phi2.5	0
1579.999003	T7 promoter phi3.8	0
1579.999003	T7 promoter phi4.3	0
1579.999003	T7 promoter phi4.7	1
1579.999003	T7 promoter phi4c	0
1579.999003	T7 promoter phi6.5	1
1579.999003	T7 promoter phi9	0
1579.999003	bound_ecolipol	0
1579.999003	bound_ecolipol_p	328
1579.999003	bound_ribosome	679
1579.999003	degraded_transcript	83653
1579.999003	ecoli_genome	1472
1579.999003	ecoli_transcript	19188
1579.999003	ecolipol	0
1579.999003	ecolipol-2	0
1579.999003	ecolipol-2-p	1470
1579.999003	ecolipol-p	2
1579.999003	gene 0.3	2386
1579.999003	gene 1.1	9037
1579.999003	gene 1.2	7056
1579.999003	gene 1.3	13543
1579.999003	gene 1.4	11698
1579.999003	gene 1.5	11476
1579.999003	gene 1.6	14823
1579.999003	gene 1.7	15587
1579.999003	gene 1.8	14667
1579.999003	gene 10A	63342
1579.999003	gene 11	9310
1579.999003	gene 12	8141
1579.999003	gene 13	16275
1579.999003	gene 14	14673
1579.999003	gene 15	13558
1579.999003	gene 16	12408
1579.999003	gene 17	16775
1579.999003	gene 17.5	18003
1579.999003	gene 18	16788
1579.999003	gene 18.5	17215
1579.999003	gene 18.7	15155
1579.999003	gene 19	15808
1579.999003	gene 19.2	15621
1579.999003	gene 19.3	15847
1579.999003	gene 19.5	16742
1579.999003	gene 2.5	20256
1579.999003	gene 2.8	18037
1579.999003	gene 3	16057
1579.999003	gene 3.8	20856
1579.999003	gene 4.2	19366
1579.999003	gene 4.3	23302
1579.999003	gene 4.5	25267
1579.999003	gene 4.7	25253
1579.999003	gene 4A	13992
1579.999003	gene 5	23020
1579.999003	gene 5.3	24646
1579.999003	gene 5.5	24254
1579.999003	gene 5.7	22497
1579.999003	gene 5.9	22437
1579.999003	gene 6	19501
1579.999003	gene 6.3	22543
1579.999003	gene 6.5	29499
1579.999003	gene 6.7	27145
1579.999003	gene 7	27858
1579.999003	gene 7.3	29408
1579.999003	gene 7.7	29580
1579.999003	gene 8	23919
1579.999003	gene 9	40563
1579.999003	gp-2	14289
1579.999003	lysozyme-3.5	16035
1579.999003	protein_kinase-0.7	2026
1579.999003	rbs	80469
1579.999003	ribosome	1
1579.999003	rnapol-1	7
1579.999003	rnapol-3.5	1864
1584.999000	E. coli B promoter	1
1584.999000	E. coli C promoter	1
1584.999000	E. coli promoter A1	1
1584.999000	E. coli promoter A2	1
1584.999000	E. coli promoter A3	1
1584.999000	T7 promoter phi1.1A	1
1584.999000	T7 promoter phi1.1B	1
1584.999000	T7 promoter phi1.3	1
1584.999000	T7 promoter phi1.5	1
1584.999000	T7 promoter phi1.6	0
1584.999000	T7 promoter phi10	0
1584.999000	T7 promoter phi13	1
1584.999000	T7 promoter phi17	0
1584.999000	T7 promoter phi2.5	1
1584.999000	T7 promoter phi3.8	1
1584.999000	T7 promoter phi4.3	1
1584.999000	T7 promoter phi4.7	1
1584.999000	T7 promoter phi4c	1
1584.999000	T7 promoter phi6.5	0
1584.999000	T7 promoter phi9	1
1584.999000	bound_ecolipol	0
1584.999000	bound_ecolipol_p	330
1584.999000	bound_ribosome	657
1584.999000	degraded_transcript	83824
1584.999000	ecoli_genome	1470
1584.999000	ecoli_transcript	19097
1584.999000	ecolipol	0
1584.999000	ecolipol-2	0
1584.999000	ecolipol-2-p	1467
1584.999000	ecolipol-p	3
1584.999000	gene 0.3	2386
1584.999000	gene 1.1	9084
1584.999000	gene 1.2	7080
1584.999000	gene 1.3	13611
1584.999000	gene 1.4	11749
1584.999000	gene 1.5	11544
1584.999000	gene 1.6	14894
1584.999000	gene 1.7	15669
1584.999000	gene 1.8	14747
1584.999000	gene 10A	63631
1584.999000	gene 11	9345
1584.999000	gene 12	8183
1584.999000	gene 13	16347
1584.999000	gene 14	14735
1584.999000	gene 15	13649
1584.999000	gene 16	12493
1584.999000	gene 17	16879
1584.999000	gene 17.5	18093
1584.999000	gene 18	16872
1584.999000	gene 18.5	17316
1584.999000	gene 18.7	15238
1584.999000	gene 19	15897
1584.999000	gene 19.2	15717
1584.999000	gene 19.3	15936
1584.999000	gene 19.5	16819
1584.999000	gene 2.5	20375
1584.999000	gene 2.8	18129
1584.999000	gene 3	16168
1584.999000	gene 3.8	20979
1584.999000	gene 4.2	19490
1584.999000	gene 4.3	23442
1584.999000	gene 4.5	25408
1584.999000	gene 4.7	25392
1584.999000	gene 4A	14094
1584.999000	gene 5	23143
1584.999000	gene 5.3	24782
1584.999000	gene 5.5	24382
1584.999000	gene 5.7	22618
1584.999000	gene 5.9	22566
1584.999000	gene 6	19631
1584.999000	gene 6.3	22672
1584.999000	gene 6.5	29666
1584.999000	gene 6.7	27292
1584.999000	gene 7	28017
1584.999000	gene 7.3	29595
1584.999000	gene 7.7	29737
1584.999000	gene 8	24061
1584.999000	gene 9	40783
1584.999000	gp-2	14367
1584.999000	lysozyme-3.5	16141
1584.999000	protein_kinase-0.7	2026
1584.999000	rbs	80710
1584.999000	ribosome	1
1584.999000	rnapol-1	9
1584.999000	rnapol-3.5	1860
