0.003455	E. coli B promoter	0
0.003455	E. coli C promoter	0
0.003455	E. coli promoter A1	1
0.003455	E. coli promoter A2	0
0.003455	E. coli promoter A3	0
0.003455	T7 promoter phi1.1A	0
0.003455	T7 promoter phi1.1B	0
0.003455	T7 promoter phi1.3	0
0.003455	T7 promoter phi1.5	0
0.003455	T7 promoter phi1.6	0
0.003455	T7 promoter phi10	0
0.003455	T7 promoter phi13	0
0.003455	T7 promoter phi17	0
0.003455	T7 promoter phi2.5	0
0.003455	T7 promoter phi3.8	0
0.003455	T7 promoter phi4.3	0
0.003455	T7 promoter phi4.7	0
0.003455	T7 promoter phi4c	0
0.003455	T7 promoter phi6.5	0
0.003455	T7 promoter phi9	0
0.003455	bound_ecolipol	1800
0.003455	bound_ecolipol_p	0
0.003455	bound_ribosome	9999
0.003455	degraded_transcript	0
0.003455	ecoli_genome	0
0.003455	ecoli_transcript	1
0.003455	ecolipol	0
0.003455	ecolipol-2	0
0.003455	ecolipol-2-p	0
0.003455	ecolipol-p	0
0.003455	gp-2	0
0.003455	lysozyme-3.5	0
0.003455	protein_kinase-0.7	0
0.003455	rbs	0
0.003455	ribosome	1
0.003455	rnapol-1	0
0.003455	rnapol-3.5	0
4.999801	E. coli B promoter	0
4.999801	E. coli C promoter	0
4.999801	E. coli promoter A1	1
4.999801	E. coli promoter A2	0
4.999801	E. coli promoter A3	0
4.999801	T7 promoter phi1.1A	0
4.999801	T7 promoter phi1.1B	0
4.999801	T7 promoter phi1.3	0
4.999801	T7 promoter phi1.5	0
4.999801	T7 promoter phi1.6	0
4.999801	T7 promoter phi10	0
4.999801	T7 promoter phi13	0
4.999801	T7 promoter phi17	0
4.999801	T7 promoter phi2.5	0
4.999801	T7 promoter phi3.8	0
4.999801	T7 promoter phi4.3	0
4.999801	T7 promoter phi4.7	0
4.999801	T7 promoter phi4c	0
4.999801	T7 promoter phi6.5	0
4.999801	T7 promoter phi9	0
4.999801	bound_ecolipol	1734
4.999801	bound_ecolipol_p	0
4.999801	bound_ribosome	9602
4.999801	degraded_transcript	7
4.999801	ecoli_genome	66
4.999801	ecoli_transcript	742
4.999801	ecolipol	66
4.999801	ecolipol-2	0
4.999801	ecolipol-2-p	0
4.999801	ecolipol-p	0
4.999801	gp-2	0
4.999801	lysozyme-3.5	0
4.999801	protein_kinase-0.7	0
4.999801	rbs	0
4.999801	ribosome	398
4.999801	rnapol-1	0
4.999801	rnapol-3.5	0
9.999924	E. coli B promoter	0
9.999924	E. coli C promoter	0
9.999924	E. coli promoter A1	1
9.999924	E. coli promoter A2	0
9.999924	E. coli promoter A3	0
9.999924	T7 promoter phi1.1A	0
9.999924	T7 promoter phi1.1B	0
9.999924	T7 promoter phi1.3	0
9.999924	T7 promoter phi1.5	0
9.999924	T7 promoter phi1.6	0
9.999924	T7 promoter phi10	0
9.999924	T7 promoter phi13	0
9.999924	T7 promoter phi17	0
9.999924	T7 promoter phi2.5	0
9.999924	T7 promoter phi3.8	0
9.999924	T7 promoter phi4.3	0
9.999924	T7 promoter phi4.7	0
9.999924	T7 promoter phi4c	0
9.999924	T7 promoter phi6.5	0
9.999924	T7 promoter phi9	0
9.999924	bound_ecolipol	1724
9.999924	bound_ecolipol_p	0
9.999924	bound_ribosome	9729
9.999924	degraded_transcript	13
9.999924	ecoli_genome	76
9.999924	ecoli_transcript	1007
9.999924	ecolipol	76
9.999924	ecolipol-2	0
9.999924	ecolipol-2-p	0
9.999924	ecolipol-p	0
9.999924	gp-2	0
9.999924	lysozyme-3.5	0
9.999924	protein_kinase-0.7	0
9.999924	rbs	0
9.999924	ribosome	271
9.999924	rnapol-1	0
9.999924	rnapol-3.5	0
15.000066	E. coli B promoter	0
15.000066	E. coli C promoter	0
15.000066	E. coli promoter A1	1
15.000066	E. coli promoter A2	0
15.000066	E. coli promoter A3	0
15.000066	T7 promoter phi1.1A	0
15.000066	T7 promoter phi1.1B	0
15.000066	T7 promoter phi1.3	0
15.000066	T7 promoter phi1.5	0
15.000066	T7 promoter phi1.6	0
15.000066	T7 promoter phi10	0
15.000066	T7 promoter phi13	0
15.000066	T7 promoter phi17	0
15.000066	T7 promoter phi2.5	0
15.000066	T7 promoter phi3.8	0
15.000066	T7 promoter phi4.3	0
15.000066	T7 promoter phi4.7	0
15.000066	T7 promoter phi4c	0
15.000066	T7 promoter phi6.5	0
15.000066	T7 promoter phi9	0
15.000066	bound_ecolipol	1725
15.000066	bound_ecolipol_p	0
15.000066	bound_ribosome	9781
15.000066	degraded_transcript	28
15.000066	ecoli_genome	75
15.000066	ecoli_transcript	1243
15.000066	ecolipol	75
15.000066	ecolipol-2	0
15.000066	ecolipol-2-p	0
15.000066	ecolipol-p	0
15.000066	gp-2	0
15.000066	lysozyme-3.5	0
15.000066	protein_kinase-0.7	0
15.000066	rbs	0
15.000066	ribosome	219
15.000066	rnapol-1	0
15.000066	rnapol-3.5	0
19.999294	E. coli B promoter	0
19.999294	E. coli C promoter	0
19.999294	E. coli promoter A1	1
19.999294	E. coli promoter A2	0
19.999294	E. coli promoter A3	0
19.999294	T7 promoter phi1.1A	0
19.999294	T7 promoter phi1.1B	0
19.999294	T7 promoter phi1.3	0
19.999294	T7 promoter phi1.5	0
19.999294	T7 promoter phi1.6	0
19.999294	T7 promoter phi10	0
19.999294	T7 promoter phi13	0
19.999294	T7 promoter phi17	0
19.999294	T7 promoter phi2.5	0
19.999294	T7 promoter phi3.8	0
19.999294	T7 promoter phi4.3	0
19.999294	T7 promoter phi4.7	0
19.999294	T7 promoter phi4c	0
19.999294	T7 promoter phi6.5	0
19.999294	T7 promoter phi9	0
19.999294	bound_ecolipol	1726
19.999294	bound_ecolipol_p	0
19.999294	bound_ribosome	9820
19.999294	degraded_transcript	41
19.999294	ecoli_genome	74
19.999294	ecoli_transcript	1574
19.999294	ecolipol	74
19.999294	ecolipol-2	0
19.999294	ecolipol-2-p	0
19.999294	ecolipol-p	0
19.999294	gp-2	0
19.999294	lysozyme-3.5	0
19.999294	protein_kinase-0.7	0
19.999294	rbs	0
19.999294	ribosome	180
19.999294	rnapol-1	0
19.999294	rnapol-3.5	0
24.999710	E. coli B promoter	0
24.999710	E. coli C promoter	0
24.999710	E. coli promoter A1	1
24.999710	E. coli promoter A2	0
24.999710	E. coli promoter A3	0
24.999710	T7 promoter phi1.1A	0
24.999710	T7 promoter phi1.1B	0
24.999710	T7 promoter phi1.3	0
24.999710	T7 promoter phi1.5	0
24.999710	T7 promoter phi1.6	0
24.999710	T7 promoter phi10	0
24.999710	T7 promoter phi13	0
24.999710	T7 promoter phi17	0
24.999710	T7 promoter phi2.5	0
24.999710	T7 promoter phi3.8	0
24.999710	T7 promoter phi4.3	0
24.999710	T7 promoter phi4.7	0
24.999710	T7 promoter phi4c	0
24.999710	T7 promoter phi6.5	0
24.999710	T7 promoter phi9	0
24.999710	bound_ecolipol	1735
24.999710	bound_ecolipol_p	0
24.999710	bound_ribosome	9838
24.999710	degraded_transcript	58
24.999710	ecoli_genome	65
24.999710	ecoli_transcript	1871
24.999710	ecolipol	65
24.999710	ecolipol-2	0
24.999710	ecolipol-2-p	0
24.999710	ecolipol-p	0
24.999710	gp-2	0
24.999710	lysozyme-3.5	0
24.999710	protein_kinase-0.7	0
24.999710	rbs	0
24.999710	ribosome	162
24.999710	rnapol-1	0
24.999710	rnapol-3.5	0
29.999472	E. coli B promoter	0
29.999472	E. coli C promoter	0
29.999472	E. coli promoter A1	1
29.999472	E. coli promoter A2	0
29.999472	E. coli promoter A3	0
29.999472	T7 promoter phi1.1A	0
29.999472	T7 promoter phi1.1B	0
29.999472	T7 promoter phi1.3	0
29.999472	T7 promoter phi1.5	0
29.999472	T7 promoter phi1.6	0
29.999472	T7 promoter phi10	0
29.999472	T7 promoter phi13	0
29.999472	T7 promoter phi17	0
29.999472	T7 promoter phi2.5	0
29.999472	T7 promoter phi3.8	0
29.999472	T7 promoter phi4.3	0
29.999472	T7 promoter phi4.7	0
29.999472	T7 promoter phi4c	0
29.999472	T7 promoter phi6.5	0
29.999472	T7 promoter phi9	0
29.999472	bound_ecolipol	1731
29.999472	bound_ecolipol_p	0
29.999472	bound_ribosome	9870
29.999472	degraded_transcript	86
29.999472	ecoli_genome	69
29.999472	ecoli_transcript	2165
29.999472	ecolipol	69
29.999472	ecolipol-2	0
29.999472	ecolipol-2-p	0
29.999472	ecolipol-p	0
29.999472	gp-2	0
29.999472	lysozyme-3.5	0
29.999472	protein_kinase-0.7	0
29.999472	rbs	0
29.999472	ribosome	130
29.999472	rnapol-1	0
29.999472	rnapol-3.5	0
35.002635	E. coli B promoter	0
35.002635	E. coli C promoter	0
35.002635	E. coli promoter A1	1
35.002635	E. coli promoter A2	0
35.002635	E. coli promoter A3	0
35.002635	T7 promoter phi1.1A	0
35.002635	T7 promoter phi1.1B	0
35.002635	T7 promoter phi1.3	0
35.002635	T7 promoter phi1.5	0
35.002635	T7 promoter phi1.6	0
35.002635	T7 promoter phi10	0
35.002635	T7 promoter phi13	0
35.002635	T7 promoter phi17	0
35.002635	T7 promoter phi2.5	0
35.002635	T7 promoter phi3.8	0
35.002635	T7 promoter phi4.3	0
35.002635	T7 promoter phi4.7	0
35.002635	T7 promoter phi4c	0
35.002635	T7 promoter phi6.5	0
35.002635	T7 promoter phi9	0
35.002635	bound_ecolipol	1746
35.002635	bound_ecolipol_p	0
35.002635	bound_ribosome	9873
35.002635	degraded_transcript	101
35.002635	ecoli_genome	54
35.002635	ecoli_transcript	2470
35.002635	ecolipol	54
35.002635	ecolipol-2	0
35.002635	ecolipol-2-p	0
35.002635	ecolipol-p	0
35.002635	gp-2	0
35.002635	lysozyme-3.5	0
35.002635	protein_kinase-0.7	0
35.002635	rbs	0
35.002635	ribosome	127
35.002635	rnapol-1	0
35.002635	rnapol-3.5	0
40.001400	E. coli B promoter	0
40.001400	E. coli C promoter	0
40.001400	E. coli promoter A1	1
40.001400	E. coli promoter A2	0
40.001400	E. coli promoter A3	0
40.001400	T7 promoter phi1.1A	0
40.001400	T7 promoter phi1.1B	0
40.001400	T7 promoter phi1.3	0
40.001400	T7 promoter phi1.5	0
40.001400	T7 promoter phi1.6	0
40.001400	T7 promoter phi10	0
40.001400	T7 promoter phi13	0
40.001400	T7 promoter phi17	0
40.001400	T7 promoter phi2.5	0
40.001400	T7 promoter phi3.8	0
40.001400	T7 promoter phi4.3	0
40.001400	T7 promoter phi4.7	0
40.001400	T7 promoter phi4c	0
40.001400	T7 promoter phi6.5	0
40.001400	T7 promoter phi9	0
40.001400	bound_ecolipol	1741
40.001400	bound_ecolipol_p	0
40.001400	bound_ribosome	9904
40.001400	degraded_transcript	119
40.001400	ecoli_genome	59
40.001400	ecoli_transcript	2745
40.001400	ecolipol	59
40.001400	ecolipol-2	0
40.001400	ecolipol-2-p	0
40.001400	ecolipol-p	0
40.001400	gp-2	0
40.001400	lysozyme-3.5	0
40.001400	protein_kinase-0.7	0
40.001400	rbs	0
40.001400	ribosome	96
40.001400	rnapol-1	0
40.001400	rnapol-3.5	0
45.000034	E. coli B promoter	0
45.000034	E. coli C promoter	0
45.000034	E. coli promoter A1	1
45.000034	E. coli promoter A2	0
45.000034	E. coli promoter A3	0
45.000034	T7 promoter phi1.1A	0
45.000034	T7 promoter phi1.1B	0
45.000034	T7 promoter phi1.3	0
45.000034	T7 promoter phi1.5	0
45.000034	T7 promoter phi1.6	0
45.000034	T7 promoter phi10	0
45.000034	T7 promoter phi13	0
45.000034	T7 promoter phi17	0
45.000034	T7 promoter phi2.5	0
45.000034	T7 promoter phi3.8	0
45.000034	T7 promoter phi4.3	0
45.000034	T7 promoter phi4.7	0
45.000034	T7 promoter phi4c	0
45.000034	T7 promoter phi6.5	0
45.000034	T7 promoter phi9	0
45.000034	bound_ecolipol	1736
45.000034	bound_ecolipol_p	0
45.000034	bound_ribosome	9911
45.000034	degraded_transcript	145
45.000034	ecoli_genome	64
45.000034	ecoli_transcript	3037
45.000034	ecolipol	64
45.000034	ecolipol-2	0
45.000034	ecolipol-2-p	0
45.000034	ecolipol-p	0
45.000034	gp-2	0
45.000034	lysozyme-3.5	0
45.000034	protein_kinase-0.7	0
45.000034	rbs	0
45.000034	ribosome	89
45.000034	rnapol-1	0
45.000034	rnapol-3.5	0
49.999647	E. coli B promoter	0
49.999647	E. coli C promoter	0
49.999647	E. coli promoter A1	1
49.999647	E. coli promoter A2	0
49.999647	E. coli promoter A3	0
49.999647	T7 promoter phi1.1A	0
49.999647	T7 promoter phi1.1B	0
49.999647	T7 promoter phi1.3	0
49.999647	T7 promoter phi1.5	0
49.999647	T7 promoter phi1.6	0
49.999647	T7 promoter phi10	0
49.999647	T7 promoter phi13	0
49.999647	T7 promoter phi17	0
49.999647	T7 promoter phi2.5	0
49.999647	T7 promoter phi3.8	0
49.999647	T7 promoter phi4.3	0
49.999647	T7 promoter phi4.7	0
49.999647	T7 promoter phi4c	0
49.999647	T7 promoter phi6.5	0
49.999647	T7 promoter phi9	0
49.999647	bound_ecolipol	1733
49.999647	bound_ecolipol_p	0
49.999647	bound_ribosome	9910
49.999647	degraded_transcript	176
49.999647	ecoli_genome	67
49.999647	ecoli_transcript	3349
49.999647	ecolipol	67
49.999647	ecolipol-2	0
49.999647	ecolipol-2-p	0
49.999647	ecolipol-p	0
49.999647	gp-2	0
49.999647	lysozyme-3.5	0
49.999647	protein_kinase-0.7	0
49.999647	rbs	0
49.999647	ribosome	90
49.999647	rnapol-1	0
49.999647	rnapol-3.5	0
54.999002	E. coli B promoter	0
54.999002	E. coli C promoter	0
54.999002	E. coli promoter A1	1
54.999002	E. coli promoter A2	0
54.999002	E. coli promoter A3	0
54.999002	T7 promoter phi1.1A	0
54.999002	T7 promoter phi1.1B	0
54.999002	T7 promoter phi1.3	0
54.999002	T7 promoter phi1.5	0
54.999002	T7 promoter phi1.6	0
54.999002	T7 promoter phi10	0
54.999002	T7 promoter phi13	0
54.999002	T7 promoter phi17	0
54.999002	T7 promoter phi2.5	0
54.999002	T7 promoter phi3.8	0
54.999002	T7 promoter phi4.3	0
54.999002	T7 promoter phi4.7	0
54.999002	T7 promoter phi4c	0
54.999002	T7 promoter phi6.5	0
54.999002	T7 promoter phi9	0
54.999002	bound_ecolipol	1725
54.999002	bound_ecolipol_p	0
54.999002	bound_ribosome	9927
54.999002	degraded_transcript	207
54.999002	ecoli_genome	75
54.999002	ecoli_transcript	3650
54.999002	ecolipol	75
54.999002	ecolipol-2	0
54.999002	ecolipol-2-p	0
54.999002	ecolipol-p	0
54.999002	gp-2	0
54.999002	lysozyme-3.5	0
54.999002	protein_kinase-0.7	0
54.999002	rbs	0
54.999002	ribosome	73
54.999002	rnapol-1	0
54.999002	rnapol-3.5	0
59.999422	E. coli B promoter	0
59.999422	E. coli C promoter	0
59.999422	E. coli promoter A1	1
59.999422	E. coli promoter A2	0
59.999422	E. coli promoter A3	0
59.999422	T7 promoter phi1.1A	0
59.999422	T7 promoter phi1.1B	0
59.999422	T7 promoter phi1.3	0
59.999422	T7 promoter phi1.5	0
59.999422	T7 promoter phi1.6	0
59.999422	T7 promoter phi10	0
59.999422	T7 promoter phi13	0
59.999422	T7 promoter phi17	0
59.999422	T7 promoter phi2.5	0
59.999422	T7 promoter phi3.8	0
59.999422	T7 promoter phi4.3	0
59.999422	T7 promoter phi4.7	0
59.999422	T7 promoter phi4c	0
59.999422	T7 promoter phi6.5	0
59.999422	T7 promoter phi9	0
59.999422	bound_ecolipol	1732
59.999422	bound_ecolipol_p	0
59.999422	bound_ribosome	9923
59.999422	degraded_transcript	238
59.999422	ecoli_genome	68
59.999422	ecoli_transcript	3979
59.999422	ecolipol	68
59.999422	ecolipol-2	0
59.999422	ecolipol-2-p	0
59.999422	ecolipol-p	0
59.999422	gp-2	0
59.999422	lysozyme-3.5	0
59.999422	protein_kinase-0.7	0
59.999422	rbs	0
59.999422	ribosome	77
59.999422	rnapol-1	0
59.999422	rnapol-3.5	0
65.000185	E. coli B promoter	0
65.000185	E. coli C promoter	0
65.000185	E. coli promoter A1	1
65.000185	E. coli promoter A2	0
65.000185	E. coli promoter A3	0
65.000185	T7 promoter phi1.1A	0
65.000185	T7 promoter phi1.1B	0
65.000185	T7 promoter phi1.3	0
65.000185	T7 promoter phi1.5	0
65.000185	T7 promoter phi1.6	0
65.000185	T7 promoter phi10	0
65.000185	T7 promoter phi13	0
65.000185	T7 promoter phi17	0
65.000185	T7 promoter phi2.5	0
65.000185	T7 promoter phi3.8	0
65.000185	T7 promoter phi4.3	0
65.000185	T7 promoter phi4.7	0
65.000185	T7 promoter phi4c	0
65.000185	T7 promoter phi6.5	0
65.000185	T7 promoter phi9	0
65.000185	bound_ecolipol	1730
65.000185	bound_ecolipol_p	0
65.000185	bound_ribosome	9942
65.000185	degraded_transcript	284
65.000185	ecoli_genome	70
65.000185	ecoli_transcript	4258
65.000185	ecolipol	70
65.000185	ecolipol-2	0
65.000185	ecolipol-2-p	0
65.000185	ecolipol-p	0
65.000185	gp-2	0
65.000185	lysozyme-3.5	0
65.000185	protein_kinase-0.7	0
65.000185	rbs	0
65.000185	ribosome	58
65.000185	rnapol-1	0
65.000185	rnapol-3.5	0
70.000015	E. coli B promoter	0
70.000015	E. coli C promoter	0
70.000015	E. coli promoter A1	1
70.000015	E. coli promoter A2	0
70.000015	E. coli promoter A3	0
70.000015	T7 promoter phi1.1A	0
70.000015	T7 promoter phi1.1B	0
70.000015	T7 promoter phi1.3	0
70.000015	T7 promoter phi1.5	0
70.000015	T7 promoter phi1.6	0
70.000015	T7 promoter phi10	0
70.000015	T7 promoter phi13	0
70.000015	T7 promoter phi17	0
70.000015	T7 promoter phi2.5	0
70.000015	T7 promoter phi3.8	0
70.000015	T7 promoter phi4.3	0
70.000015	T7 promoter phi4.7	0
70.000015	T7 promoter phi4c	0
70.000015	T7 promoter phi6.5	0
70.000015	T7 promoter phi9	0
70.000015	bound_ecolipol	1730
70.000015	bound_ecolipol_p	0
70.000015	bound_ribosome	9950
70.000015	degraded_transcript	331
70.000015	ecoli_genome	70
70.000015	ecoli_transcript	4566
70.000015	ecolipol	70
70.000015	ecolipol-2	0
70.000015	ecolipol-2-p	0
70.000015	ecolipol-p	0
70.000015	gp-2	0
70.000015	lysozyme-3.5	0
70.000015	protein_kinase-0.7	0
70.000015	rbs	0
70.000015	ribosome	50
70.000015	rnapol-1	0
70.000015	rnapol-3.5	0
75.000082	E. coli B promoter	0
75.000082	E. coli C promoter	0
75.000082	E. coli promoter A1	1
75.000082	E. coli promoter A2	0
75.000082	E. coli promoter A3	0
75.000082	T7 promoter phi1.1A	0
75.000082	T7 promoter phi1.1B	0
75.000082	T7 promoter phi1.3	0
75.000082	T7 promoter phi1.5	0
75.000082	T7 promoter phi1.6	0
75.000082	T7 promoter phi10	0
75.000082	T7 promoter phi13	0
75.000082	T7 promoter phi17	0
75.000082	T7 promoter phi2.5	0
75.000082	T7 promoter phi3.8	0
75.000082	T7 promoter phi4.3	0
75.000082	T7 promoter phi4.7	0
75.000082	T7 promoter phi4c	0
75.000082	T7 promoter phi6.5	0
75.000082	T7 promoter phi9	0
75.000082	bound_ecolipol	1736
75.000082	bound_ecolipol_p	0
75.000082	bound_ribosome	9935
75.000082	degraded_transcript	372
75.000082	ecoli_genome	64
75.000082	ecoli_transcript	4872
75.000082	ecolipol	64
75.000082	ecolipol-2	0
75.000082	ecolipol-2-p	0
75.000082	ecolipol-p	0
75.000082	gp-2	0
75.000082	lysozyme-3.5	0
75.000082	protein_kinase-0.7	0
75.000082	rbs	0
75.000082	ribosome	65
75.000082	rnapol-1	0
75.000082	rnapol-3.5	0
79.999338	E. coli B promoter	0
79.999338	E. coli C promoter	0
79.999338	E. coli promoter A1	1
79.999338	E. coli promoter A2	0
79.999338	E. coli promoter A3	0
79.999338	T7 promoter phi1.1A	0
79.999338	T7 promoter phi1.1B	0
79.999338	T7 promoter phi1.3	0
79.999338	T7 promoter phi1.5	0
79.999338	T7 promoter phi1.6	0
79.999338	T7 promoter phi10	0
79.999338	T7 promoter phi13	0
79.999338	T7 promoter phi17	0
79.999338	T7 promoter phi2.5	0
79.999338	T7 promoter phi3.8	0
79.999338	T7 promoter phi4.3	0
79.999338	T7 promoter phi4.7	0
79.999338	T7 promoter phi4c	0
79.999338	T7 promoter phi6.5	0
79.999338	T7 promoter phi9	0
79.999338	bound_ecolipol	1731
79.999338	bound_ecolipol_p	0
79.999338	bound_ribosome	9942
79.999338	degraded_transcript	424
79.999338	ecoli_genome	69
79.999338	ecoli_transcript	5194
79.999338	ecolipol	69
79.999338	ecolipol-2	0
79.999338	ecolipol-2-p	0
79.999338	ecolipol-p	0
79.999338	gp-2	0
79.999338	lysozyme-3.5	0
79.999338	protein_kinase-0.7	0
79.999338	rbs	0
79.999338	ribosome	58
79.999338	rnapol-1	0
79.999338	rnapol-3.5	0
84.999032	E. coli B promoter	0
84.999032	E. coli C promoter	0
84.999032	E. coli promoter A1	1
84.999032	E. coli promoter A2	0
84.999032	E. coli promoter A3	0
84.999032	T7 promoter phi1.1A	0
84.999032	T7 promoter phi1.1B	0
84.999032	T7 promoter phi1.3	0
84.999032	T7 promoter phi1.5	0
84.999032	T7 promoter phi1.6	0
84.999032	T7 promoter phi10	0
84.999032	T7 promoter phi13	0
84.999032	T7 promoter phi17	0
84.999032	T7 promoter phi2.5	0
84.999032	T7 promoter phi3.8	0
84.999032	T7 promoter phi4.3	0
84.999032	T7 promoter phi4.7	0
84.999032	T7 promoter phi4c	0
84.999032	T7 promoter phi6.5	0
84.999032	T7 promoter phi9	0
84.999032	bound_ecolipol	1751
84.999032	bound_ecolipol_p	0
84.999032	bound_ribosome	9940
84.999032	degraded_transcript	475
84.999032	ecoli_genome	49
84.999032	ecoli_transcript	5505
84.999032	ecolipol	49
84.999032	ecolipol-2	0
84.999032	ecolipol-2-p	0
84.999032	ecolipol-p	0
84.999032	gp-2	0
84.999032	lysozyme-3.5	0
84.999032	protein_kinase-0.7	0
84.999032	rbs	0
84.999032	ribosome	60
84.999032	rnapol-1	0
84.999032	rnapol-3.5	0
90.003056	E. coli B promoter	0
90.003056	E. coli C promoter	0
90.003056	E. coli promoter A1	1
90.003056	E. coli promoter A2	0
90.003056	E. coli promoter A3	0
90.003056	T7 promoter phi1.1A	0
90.003056	T7 promoter phi1.1B	0
90.003056	T7 promoter phi1.3	0
90.003056	T7 promoter phi1.5	0
90.003056	T7 promoter phi1.6	0
90.003056	T7 promoter phi10	0
90.003056	T7 promoter phi13	0
90.003056	T7 promoter phi17	0
90.003056	T7 promoter phi2.5	0
90.003056	T7 promoter phi3.8	0
90.003056	T7 promoter phi4.3	0
90.003056	T7 promoter phi4.7	0
90.003056	T7 promoter phi4c	0
90.003056	T7 promoter phi6.5	0
90.003056	T7 promoter phi9	0
90.003056	bound_ecolipol	1727
90.003056	bound_ecolipol_p	0
90.003056	bound_ribosome	9957
90.003056	degraded_transcript	533
90.003056	ecoli_genome	73
90.003056	ecoli_transcript	5788
90.003056	ecolipol	73
90.003056	ecolipol-2	0
90.003056	ecolipol-2-p	0
90.003056	ecolipol-p	0
90.003056	gp-2	0
90.003056	lysozyme-3.5	0
90.003056	protein_kinase-0.7	0
90.003056	rbs	0
90.003056	ribosome	43
90.003056	rnapol-1	0
90.003056	rnapol-3.5	0
94.999663	E. coli B promoter	0
94.999663	E. coli C promoter	0
94.999663	E. coli promoter A1	1
94.999663	E. coli promoter A2	0
94.999663	E. coli promoter A3	0
94.999663	T7 promoter phi1.1A	0
94.999663	T7 promoter phi1.1B	0
94.999663	T7 promoter phi1.3	0
94.999663	T7 promoter phi1.5	0
94.999663	T7 promoter phi1.6	0
94.999663	T7 promoter phi10	0
94.999663	T7 promoter phi13	0
94.999663	T7 promoter phi17	0
94.999663	T7 promoter phi2.5	0
94.999663	T7 promoter phi3.8	0
94.999663	T7 promoter phi4.3	0
94.999663	T7 promoter phi4.7	0
94.999663	T7 promoter phi4c	0
94.999663	T7 promoter phi6.5	0
94.999663	T7 promoter phi9	0
94.999663	bound_ecolipol	1734
94.999663	bound_ecolipol_p	0
94.999663	bound_ribosome	9960
94.999663	degraded_transcript	594
94.999663	ecoli_genome	66
94.999663	ecoli_transcript	6056
94.999663	ecolipol	65
94.999663	ecolipol-2	0
94.999663	ecolipol-2-p	0
94.999663	ecolipol-p	0
94.999663	gp-2	0
94.999663	lysozyme-3.5	0
94.999663	protein_kinase-0.7	0
94.999663	rbs	0
94.999663	ribosome	40
94.999663	rnapol-1	0
94.999663	rnapol-3.5	0
99.999157	E. coli B promoter	0
99.999157	E. coli C promoter	0
99.999157	E. coli promoter A1	1
99.999157	E. coli promoter A2	1
99.999157	E. coli promoter A3	1
99.999157	T7 promoter phi1.1A	0
99.999157	T7 promoter phi1.1B	0
99.999157	T7 promoter phi1.3	0
99.999157	T7 promoter phi1.5	0
99.999157	T7 promoter phi1.6	0
99.999157	T7 promoter phi10	0
99.999157	T7 promoter phi13	0
99.999157	T7 promoter phi17	0
99.999157	T7 promoter phi2.5	0
99.999157	T7 promoter phi3.8	0
99.999157	T7 promoter phi4.3	0
99.999157	T7 promoter phi4.7	0
99.999157	T7 promoter phi4c	0
99.999157	T7 promoter phi6.5	0
99.999157	T7 promoter phi9	0
99.999157	bound_ecolipol	1731
99.999157	bound_ecolipol_p	0
99.999157	bound_ribosome	9953
99.999157	degraded_transcript	664
99.999157	ecoli_genome	69
99.999157	ecoli_transcript	6349
99.999157	ecolipol	68
99.999157	ecolipol-2	0
99.999157	ecolipol-2-p	0
99.999157	ecolipol-p	0
99.999157	gp-2	0
99.999157	lysozyme-3.5	0
99.999157	protein_kinase-0.7	0
99.999157	rbs	0
99.999157	ribosome	47
99.999157	rnapol-1	0
99.999157	rnapol-3.5	0
105.002955	E. coli B promoter	0
105.002955	E. coli C promoter	0
105.002955	E. coli promoter A1	1
105.002955	E. coli promoter A2	1
105.002955	E. coli promoter A3	1
105.002955	T7 promoter phi1.1A	0
105.002955	T7 promoter phi1.1B	0
105.002955	T7 promoter phi1.3	0
105.002955	T7 promoter phi1.5	0
105.002955	T7 promoter phi1.6	0
105.002955	T7 promoter phi10	0
105.002955	T7 promoter phi13	0
105.002955	T7 promoter phi17	0
105.002955	T7 promoter phi2.5	0
105.002955	T7 promoter phi3.8	0
105.002955	T7 promoter phi4.3	0
105.002955	T7 promoter phi4.7	0
105.002955	T7 promoter phi4c	0
105.002955	T7 promoter phi6.5	0
105.002955	T7 promoter phi9	0
105.002955	bound_ecolipol	1742
105.002955	bound_ecolipol_p	0
105.002955	bound_ribosome	9963
105.002955	degraded_transcript	735
105.002955	ecoli_genome	58
105.002955	ecoli_transcript	6641
105.002955	ecolipol	57
105.002955	ecolipol-2	0
105.002955	ecolipol-2-p	0
105.002955	ecolipol-p	0
105.002955	gp-2	0
105.002955	lysozyme-3.5	0
105.002955	protein_kinase-0.7	0
105.002955	rbs	1
105.002955	ribosome	36
105.002955	rnapol-1	0
105.002955	rnapol-3.5	0
109.999788	E. coli B promoter	0
109.999788	E. coli C promoter	0
109.999788	E. coli promoter A1	1
109.999788	E. coli promoter A2	1
109.999788	E. coli promoter A3	1
109.999788	T7 promoter phi1.1A	0
109.999788	T7 promoter phi1.1B	0
109.999788	T7 promoter phi1.3	0
109.999788	T7 promoter phi1.5	0
109.999788	T7 promoter phi1.6	0
109.999788	T7 promoter phi10	0
109.999788	T7 promoter phi13	0
109.999788	T7 promoter phi17	0
109.999788	T7 promoter phi2.5	0
109.999788	T7 promoter phi3.8	0
109.999788	T7 promoter phi4.3	0
109.999788	T7 promoter phi4.7	0
109.999788	T7 promoter phi4c	0
109.999788	T7 promoter phi6.5	0
109.999788	T7 promoter phi9	0
109.999788	bound_ecolipol	1727
109.999788	bound_ecolipol_p	0
109.999788	bound_ribosome	9970
109.999788	degraded_transcript	785
109.999788	ecoli_genome	73
109.999788	ecoli_transcript	6952
109.999788	ecolipol	72
109.999788	ecolipol-2	0
109.999788	ecolipol-2-p	0
109.999788	ecolipol-p	0
109.999788	gp-2	0
109.999788	lysozyme-3.5	0
109.999788	protein_kinase-0.7	0
109.999788	rbs	0
109.999788	ribosome	26
109.999788	rnapol-1	0
109.999788	rnapol-3.5	0
114.999334	E. coli B promoter	0
114.999334	E. coli C promoter	0
114.999334	E. coli promoter A1	1
114.999334	E. coli promoter A2	1
114.999334	E. coli promoter A3	1
114.999334	T7 promoter phi1.1A	0
114.999334	T7 promoter phi1.1B	0
114.999334	T7 promoter phi1.3	0
114.999334	T7 promoter phi1.5	0
114.999334	T7 promoter phi1.6	0
114.999334	T7 promoter phi10	0
114.999334	T7 promoter phi13	0
114.999334	T7 promoter phi17	0
114.999334	T7 promoter phi2.5	0
114.999334	T7 promoter phi3.8	0
114.999334	T7 promoter phi4.3	0
114.999334	T7 promoter phi4.7	0
114.999334	T7 promoter phi4c	0
114.999334	T7 promoter phi6.5	0
114.999334	T7 promoter phi9	0
114.999334	bound_ecolipol	1724
114.999334	bound_ecolipol_p	0
114.999334	bound_ribosome	9955
114.999334	degraded_transcript	850
114.999334	ecoli_genome	76
114.999334	ecoli_transcript	7245
114.999334	ecolipol	75
114.999334	ecolipol-2	0
114.999334	ecolipol-2-p	0
114.999334	ecolipol-p	0
114.999334	gp-2	0
114.999334	lysozyme-3.5	0
114.999334	protein_kinase-0.7	0
114.999334	rbs	1
114.999334	ribosome	40
114.999334	rnapol-1	0
114.999334	rnapol-3.5	0
119.999190	E. coli B promoter	1
119.999190	E. coli C promoter	0
119.999190	E. coli promoter A1	1
119.999190	E. coli promoter A2	1
119.999190	E. coli promoter A3	1
119.999190	T7 promoter phi1.1A	0
119.999190	T7 promoter phi1.1B	0
119.999190	T7 promoter phi1.3	0
119.999190	T7 promoter phi1.5	0
119.999190	T7 promoter phi1.6	0
119.999190	T7 promoter phi10	0
119.999190	T7 promoter phi13	0
119.999190	T7 promoter phi17	0
119.999190	T7 promoter phi2.5	0
119.999190	T7 promoter phi3.8	0
119.999190	T7 promoter phi4.3	0
119.999190	T7 promoter phi4.7	0
119.999190	T7 promoter phi4c	0
119.999190	T7 promoter phi6.5	0
119.999190	T7 promoter phi9	0
119.999190	bound_ecolipol	1731
119.999190	bound_ecolipol_p	0
119.999190	bound_ribosome	9957
119.999190	degraded_transcript	906
119.999190	ecoli_genome	69
119.999190	ecoli_transcript	7517
119.999190	ecolipol	67
119.999190	ecolipol-2	0
119.999190	ecolipol-2-p	0
119.999190	ecolipol-p	0
119.999190	gp-2	0
119.999190	lysozyme-3.5	0
119.999190	protein_kinase-0.7	0
119.999190	rbs	1
119.999190	ribosome	35
119.999190	rnapol-1	0
119.999190	rnapol-3.5	0
124.999005	E. coli B promoter	1
124.999005	E. coli C promoter	0
124.999005	E. coli promoter A1	1
124.999005	E. coli promoter A2	1
124.999005	E. coli promoter A3	1
124.999005	T7 promoter phi1.1A	0
124.999005	T7 promoter phi1.1B	0
124.999005	T7 promoter phi1.3	0
124.999005	T7 promoter phi1.5	0
124.999005	T7 promoter phi1.6	0
124.999005	T7 promoter phi10	0
124.999005	T7 promoter phi13	0
124.999005	T7 promoter phi17	0
124.999005	T7 promoter phi2.5	0
124.999005	T7 promoter phi3.8	0
124.999005	T7 promoter phi4.3	0
124.999005	T7 promoter phi4.7	0
124.999005	T7 promoter phi4c	0
124.999005	T7 promoter phi6.5	0
124.999005	T7 promoter phi9	0
124.999005	bound_ecolipol	1714
124.999005	bound_ecolipol_p	0
124.999005	bound_ribosome	9952
124.999005	degraded_transcript	985
124.999005	ecoli_genome	86
124.999005	ecoli_transcript	7821
124.999005	ecolipol	84
124.999005	ecolipol-2	0
124.999005	ecolipol-2-p	0
124.999005	ecolipol-p	0
124.999005	gp-2	0
124.999005	lysozyme-3.5	0
124.999005	protein_kinase-0.7	0
124.999005	rbs	1
124.999005	ribosome	37
124.999005	rnapol-1	0
124.999005	rnapol-3.5	0
129.999137	E. coli B promoter	1
129.999137	E. coli C promoter	0
129.999137	E. coli promoter A1	1
129.999137	E. coli promoter A2	1
129.999137	E. coli promoter A3	1
129.999137	T7 promoter phi1.1A	0
129.999137	T7 promoter phi1.1B	0
129.999137	T7 promoter phi1.3	0
129.999137	T7 promoter phi1.5	0
129.999137	T7 promoter phi1.6	0
129.999137	T7 promoter phi10	0
129.999137	T7 promoter phi13	0
129.999137	T7 promoter phi17	0
129.999137	T7 promoter phi2.5	0
129.999137	T7 promoter phi3.8	0
129.999137	T7 promoter phi4.3	0
129.999137	T7 promoter phi4.7	0
129.999137	T7 promoter phi4c	0
129.999137	T7 promoter phi6.5	0
129.999137	T7 promoter phi9	0
129.999137	bound_ecolipol	1735
129.999137	bound_ecolipol_p	0
129.999137	bound_ribosome	9951
129.999137	degraded_transcript	1043
129.999137	ecoli_genome	65
129.999137	ecoli_transcript	8101
129.999137	ecolipol	63
129.999137	ecolipol-2	0
129.999137	ecolipol-2-p	0
129.999137	ecolipol-p	0
129.999137	gene 0.3	3
129.999137	gp-2	0
129.999137	lysozyme-3.5	0
129.999137	protein_kinase-0.7	0
129.999137	rbs	0
129.999137	ribosome	36
129.999137	rnapol-1	0
129.999137	rnapol-3.5	0
135.000866	E. coli B promoter	1
135.000866	E. coli C promoter	0
135.000866	E. coli promoter A1	1
135.000866	E. coli promoter A2	1
135.000866	E. coli promoter A3	1
135.000866	T7 promoter phi1.1A	0
135.000866	T7 promoter phi1.1B	0
135.000866	T7 promoter phi1.3	0
135.000866	T7 promoter phi1.5	0
135.000866	T7 promoter phi1.6	0
135.000866	T7 promoter phi10	0
135.000866	T7 promoter phi13	0
135.000866	T7 promoter phi17	0
135.000866	T7 promoter phi2.5	0
135.000866	T7 promoter phi3.8	0
135.000866	T7 promoter phi4.3	0
135.000866	T7 promoter phi4.7	0
135.000866	T7 promoter phi4c	0
135.000866	T7 promoter phi6.5	0
135.000866	T7 promoter phi9	0
135.000866	bound_ecolipol	1737
135.000866	bound_ecolipol_p	0
135.000866	bound_ribosome	9954
135.000866	degraded_transcript	1133
135.000866	ecoli_genome	63
135.000866	ecoli_transcript	8371
135.000866	ecolipol	61
135.000866	ecolipol-2	0
135.000866	ecolipol-2-p	0
135.000866	ecolipol-p	0
135.000866	gene 0.3	4
135.000866	gp-2	0
135.000866	lysozyme-3.5	0
135.000866	protein_kinase-0.7	0
135.000866	rbs	2
135.000866	ribosome	29
135.000866	rnapol-1	0
135.000866	rnapol-3.5	0
140.000670	E. coli B promoter	0
140.000670	E. coli C promoter	0
140.000670	E. coli promoter A1	1
140.000670	E. coli promoter A2	1
140.000670	E. coli promoter A3	1
140.000670	T7 promoter phi1.1A	0
140.000670	T7 promoter phi1.1B	0
140.000670	T7 promoter phi1.3	0
140.000670	T7 promoter phi1.5	0
140.000670	T7 promoter phi1.6	0
140.000670	T7 promoter phi10	0
140.000670	T7 promoter phi13	0
140.000670	T7 promoter phi17	0
140.000670	T7 promoter phi2.5	0
140.000670	T7 promoter phi3.8	0
140.000670	T7 promoter phi4.3	0
140.000670	T7 promoter phi4.7	0
140.000670	T7 promoter phi4c	0
140.000670	T7 promoter phi6.5	0
140.000670	T7 promoter phi9	0
140.000670	bound_ecolipol	1727
140.000670	bound_ecolipol_p	0
140.000670	bound_ribosome	9944
140.000670	degraded_transcript	1219
140.000670	ecoli_genome	73
140.000670	ecoli_transcript	8659
140.000670	ecolipol	71
140.000670	ecolipol-2	0
140.000670	ecolipol-2-p	0
140.000670	ecolipol-p	0
140.000670	gene 0.3	7
140.000670	gp-2	0
140.000670	lysozyme-3.5	0
140.000670	protein_kinase-0.7	0
140.000670	rbs	3
140.000670	ribosome	37
140.000670	rnapol-1	0
140.000670	rnapol-3.5	0
144.999992	E. coli B promoter	1
144.999992	E. coli C promoter	0
144.999992	E. coli promoter A1	1
144.999992	E. coli promoter A2	1
144.999992	E. coli promoter A3	1
144.999992	T7 promoter phi1.1A	0
144.999992	T7 promoter phi1.1B	0
144.999992	T7 promoter phi1.3	0
144.999992	T7 promoter phi1.5	0
144.999992	T7 promoter phi1.6	0
144.999992	T7 promoter phi10	0
144.999992	T7 promoter phi13	0
144.999992	T7 promoter phi17	0
144.999992	T7 promoter phi2.5	0
144.999992	T7 promoter phi3.8	0
144.999992	T7 promoter phi4.3	0
144.999992	T7 promoter phi4.7	0
144.999992	T7 promoter phi4c	0
144.999992	T7 promoter phi6.5	0
144.999992	T7 promoter phi9	0
144.999992	bound_ecolipol	1727
144.999992	bound_ecolipol_p	0
144.999992	bound_ribosome	9940
144.999992	degraded_transcript	1309
144.999992	ecoli_genome	73
144.999992	ecoli_transcript	8918
144.999992	ecolipol	71
144.999992	ecolipol-2	0
144.999992	ecolipol-2-p	0
144.999992	ecolipol-p	0
144.999992	gene 0.3	8
144.999992	gp-2	0
144.999992	lysozyme-3.5	0
144.999992	protein_kinase-0.7	0
144.999992	rbs	2
144.999992	ribosome	34
144.999992	rnapol-1	0
144.999992	rnapol-3.5	0
149.999642	E. coli B promoter	1
149.999642	E. coli C promoter	0
149.999642	E. coli promoter A1	1
149.999642	E. coli promoter A2	1
149.999642	E. coli promoter A3	1
149.999642	T7 promoter phi1.1A	0
149.999642	T7 promoter phi1.1B	0
149.999642	T7 promoter phi1.3	0
149.999642	T7 promoter phi1.5	0
149.999642	T7 promoter phi1.6	0
149.999642	T7 promoter phi10	0
149.999642	T7 promoter phi13	0
149.999642	T7 promoter phi17	0
149.999642	T7 promoter phi2.5	0
149.999642	T7 promoter phi3.8	0
149.999642	T7 promoter phi4.3	0
149.999642	T7 promoter phi4.7	0
149.999642	T7 promoter phi4c	0
149.999642	T7 promoter phi6.5	0
149.999642	T7 promoter phi9	0
149.999642	bound_ecolipol	1725
149.999642	bound_ecolipol_p	0
149.999642	bound_ribosome	9943
149.999642	degraded_transcript	1398
149.999642	ecoli_genome	75
149.999642	ecoli_transcript	9170
149.999642	ecolipol	73
149.999642	ecolipol-2	0
149.999642	ecolipol-2-p	0
149.999642	ecolipol-p	0
149.999642	gene 0.3	10
149.999642	gp-2	0
149.999642	lysozyme-3.5	0
149.999642	protein_kinase-0.7	0
149.999642	rbs	2
149.999642	ribosome	30
149.999642	rnapol-1	0
149.999642	rnapol-3.5	0
154.999319	E. coli B promoter	1
154.999319	E. coli C promoter	1
154.999319	E. coli promoter A1	1
154.999319	E. coli promoter A2	1
154.999319	E. coli promoter A3	1
154.999319	T7 promoter phi1.1A	0
154.999319	T7 promoter phi1.1B	0
154.999319	T7 promoter phi1.3	0
154.999319	T7 promoter phi1.5	0
154.999319	T7 promoter phi1.6	0
154.999319	T7 promoter phi10	0
154.999319	T7 promoter phi13	0
154.999319	T7 promoter phi17	0
154.999319	T7 promoter phi2.5	0
154.999319	T7 promoter phi3.8	0
154.999319	T7 promoter phi4.3	0
154.999319	T7 promoter phi4.7	0
154.999319	T7 promoter phi4c	0
154.999319	T7 promoter phi6.5	0
154.999319	T7 promoter phi9	0
154.999319	bound_ecolipol	1733
154.999319	bound_ecolipol_p	0
154.999319	bound_ribosome	9946
154.999319	degraded_transcript	1472
154.999319	ecoli_genome	67
154.999319	ecoli_transcript	9432
154.999319	ecolipol	65
154.999319	ecolipol-2	0
154.999319	ecolipol-2-p	0
154.999319	ecolipol-p	0
154.999319	gene 0.3	14
154.999319	gp-2	0
154.999319	lysozyme-3.5	0
154.999319	protein_kinase-0.7	0
154.999319	rbs	4
154.999319	ribosome	27
154.999319	rnapol-1	0
154.999319	rnapol-3.5	0
159.999007	E. coli B promoter	1
159.999007	E. coli C promoter	1
159.999007	E. coli promoter A1	1
159.999007	E. coli promoter A2	1
159.999007	E. coli promoter A3	1
159.999007	T7 promoter phi1.1A	0
159.999007	T7 promoter phi1.1B	0
159.999007	T7 promoter phi1.3	0
159.999007	T7 promoter phi1.5	0
159.999007	T7 promoter phi1.6	0
159.999007	T7 promoter phi10	0
159.999007	T7 promoter phi13	0
159.999007	T7 promoter phi17	0
159.999007	T7 promoter phi2.5	0
159.999007	T7 promoter phi3.8	0
159.999007	T7 promoter phi4.3	0
159.999007	T7 promoter phi4.7	0
159.999007	T7 promoter phi4c	0
159.999007	T7 promoter phi6.5	0
159.999007	T7 promoter phi9	0
159.999007	bound_ecolipol	1733
159.999007	bound_ecolipol_p	0
159.999007	bound_ribosome	9937
159.999007	degraded_transcript	1565
159.999007	ecoli_genome	67
159.999007	ecoli_transcript	9687
159.999007	ecolipol	65
159.999007	ecolipol-2	0
159.999007	ecolipol-2-p	0
159.999007	ecolipol-p	0
159.999007	gene 0.3	17
159.999007	gp-2	0
159.999007	lysozyme-3.5	0
159.999007	protein_kinase-0.7	0
159.999007	rbs	2
159.999007	ribosome	30
159.999007	rnapol-1	0
159.999007	rnapol-3.5	0
164.999328	E. coli B promoter	1
164.999328	E. coli C promoter	1
164.999328	E. coli promoter A1	1
164.999328	E. coli promoter A2	1
164.999328	E. coli promoter A3	1
164.999328	T7 promoter phi1.1A	0
164.999328	T7 promoter phi1.1B	0
164.999328	T7 promoter phi1.3	0
164.999328	T7 promoter phi1.5	0
164.999328	T7 promoter phi1.6	0
164.999328	T7 promoter phi10	0
164.999328	T7 promoter phi13	0
164.999328	T7 promoter phi17	0
164.999328	T7 promoter phi2.5	0
164.999328	T7 promoter phi3.8	0
164.999328	T7 promoter phi4.3	0
164.999328	T7 promoter phi4.7	0
164.999328	T7 promoter phi4c	0
164.999328	T7 promoter phi6.5	0
164.999328	T7 promoter phi9	0
164.999328	bound_ecolipol	1726
164.999328	bound_ecolipol_p	0
164.999328	bound_ribosome	9948
164.999328	degraded_transcript	1672
164.999328	ecoli_genome	74
164.999328	ecoli_transcript	9901
164.999328	ecolipol	71
164.999328	ecolipol-2	0
164.999328	ecolipol-2-p	0
164.999328	ecolipol-p	0
164.999328	gene 0.3	21
164.999328	gp-2	0
164.999328	lysozyme-3.5	0
164.999328	protein_kinase-0.7	0
164.999328	rbs	3
164.999328	ribosome	17
164.999328	rnapol-1	0
164.999328	rnapol-3.5	0
169.999015	E. coli B promoter	1
169.999015	E. coli C promoter	1
169.999015	E. coli promoter A1	1
169.999015	E. coli promoter A2	1
169.999015	E. coli promoter A3	1
169.999015	T7 promoter phi1.1A	0
169.999015	T7 promoter phi1.1B	0
169.999015	T7 promoter phi1.3	0
169.999015	T7 promoter phi1.5	0
169.999015	T7 promoter phi1.6	0
169.999015	T7 promoter phi10	0
169.999015	T7 promoter phi13	0
169.999015	T7 promoter phi17	0
169.999015	T7 promoter phi2.5	0
169.999015	T7 promoter phi3.8	0
169.999015	T7 promoter phi4.3	0
169.999015	T7 promoter phi4.7	0
169.999015	T7 promoter phi4c	0
169.999015	T7 promoter phi6.5	0
169.999015	T7 promoter phi9	0
169.999015	bound_ecolipol	1739
169.999015	bound_ecolipol_p	0
169.999015	bound_ribosome	9937
169.999015	degraded_transcript	1771
169.999015	ecoli_genome	61
169.999015	ecoli_transcript	10157
169.999015	ecolipol	58
169.999015	ecolipol-2	0
169.999015	ecolipol-2-p	0
169.999015	ecolipol-p	0
169.999015	gene 0.3	23
169.999015	gp-2	0
169.999015	lysozyme-3.5	0
169.999015	protein_kinase-0.7	0
169.999015	rbs	6
169.999015	ribosome	22
169.999015	rnapol-1	0
169.999015	rnapol-3.5	0
174.999048	E. coli B promoter	1
174.999048	E. coli C promoter	1
174.999048	E. coli promoter A1	1
174.999048	E. coli promoter A2	1
174.999048	E. coli promoter A3	0
174.999048	T7 promoter phi1.1A	0
174.999048	T7 promoter phi1.1B	0
174.999048	T7 promoter phi1.3	0
174.999048	T7 promoter phi1.5	0
174.999048	T7 promoter phi1.6	0
174.999048	T7 promoter phi10	0
174.999048	T7 promoter phi13	0
174.999048	T7 promoter phi17	0
174.999048	T7 promoter phi2.5	0
174.999048	T7 promoter phi3.8	0
174.999048	T7 promoter phi4.3	0
174.999048	T7 promoter phi4.7	0
174.999048	T7 promoter phi4c	0
174.999048	T7 promoter phi6.5	0
174.999048	T7 promoter phi9	0
174.999048	bound_ecolipol	1728
174.999048	bound_ecolipol_p	0
174.999048	bound_ribosome	9927
174.999048	degraded_transcript	1887
174.999048	ecoli_genome	72
174.999048	ecoli_transcript	10421
174.999048	ecolipol	68
174.999048	ecolipol-2	0
174.999048	ecolipol-2-p	0
174.999048	ecolipol-p	0
174.999048	gene 0.3	23
174.999048	gp-2	0
174.999048	lysozyme-3.5	0
174.999048	protein_kinase-0.7	0
174.999048	rbs	4
174.999048	ribosome	22
174.999048	rnapol-1	0
174.999048	rnapol-3.5	0
179.999146	E. coli B promoter	1
179.999146	E. coli C promoter	1
179.999146	E. coli promoter A1	1
179.999146	E. coli promoter A2	1
179.999146	E. coli promoter A3	1
179.999146	T7 promoter phi1.1A	0
179.999146	T7 promoter phi1.1B	0
179.999146	T7 promoter phi1.3	0
179.999146	T7 promoter phi1.5	0
179.999146	T7 promoter phi1.6	0
179.999146	T7 promoter phi10	0
179.999146	T7 promoter phi13	0
179.999146	T7 promoter phi17	0
179.999146	T7 promoter phi2.5	0
179.999146	T7 promoter phi3.8	0
179.999146	T7 promoter phi4.3	0
179.999146	T7 promoter phi4.7	0
179.999146	T7 promoter phi4c	0
179.999146	T7 promoter phi6.5	0
179.999146	T7 promoter phi9	0
179.999146	bound_ecolipol	1724
179.999146	bound_ecolipol_p	0
179.999146	bound_ribosome	9918
179.999146	degraded_transcript	1987
179.999146	ecoli_genome	76
179.999146	ecoli_transcript	10701
179.999146	ecolipol	72
179.999146	ecolipol-2	0
179.999146	ecolipol-2-p	0
179.999146	ecolipol-p	0
179.999146	gene 0.3	25
179.999146	gp-2	0
179.999146	lysozyme-3.5	0
179.999146	protein_kinase-0.7	0
179.999146	rbs	5
179.999146	ribosome	22
179.999146	rnapol-1	0
179.999146	rnapol-3.5	0
184.999590	E. coli B promoter	1
184.999590	E. coli C promoter	1
184.999590	E. coli promoter A1	1
184.999590	E. coli promoter A2	1
184.999590	E. coli promoter A3	1
184.999590	T7 promoter phi1.1A	0
184.999590	T7 promoter phi1.1B	0
184.999590	T7 promoter phi1.3	0
184.999590	T7 promoter phi1.5	0
184.999590	T7 promoter phi1.6	0
184.999590	T7 promoter phi10	0
184.999590	T7 promoter phi13	0
184.999590	T7 promoter phi17	0
184.999590	T7 promoter phi2.5	0
184.999590	T7 promoter phi3.8	0
184.999590	T7 promoter phi4.3	0
184.999590	T7 promoter phi4.7	0
184.999590	T7 promoter phi4c	0
184.999590	T7 promoter phi6.5	0
184.999590	T7 promoter phi9	0
184.999590	bound_ecolipol	1737
184.999590	bound_ecolipol_p	0
184.999590	bound_ribosome	9908
184.999590	degraded_transcript	2081
184.999590	ecoli_genome	63
184.999590	ecoli_transcript	10951
184.999590	ecolipol	58
184.999590	ecolipol-2	0
184.999590	ecolipol-2-p	0
184.999590	ecolipol-p	0
184.999590	gene 0.3	28
184.999590	gp-2	0
184.999590	lysozyme-3.5	0
184.999590	protein_kinase-0.7	0
184.999590	rbs	6
184.999590	ribosome	27
184.999590	rnapol-1	0
184.999590	rnapol-3.5	0
190.000062	E. coli B promoter	1
190.000062	E. coli C promoter	1
190.000062	E. coli promoter A1	1
190.000062	E. coli promoter A2	1
190.000062	E. coli promoter A3	1
190.000062	T7 promoter phi1.1A	0
190.000062	T7 promoter phi1.1B	0
190.000062	T7 promoter phi1.3	0
190.000062	T7 promoter phi1.5	0
190.000062	T7 promoter phi1.6	0
190.000062	T7 promoter phi10	0
190.000062	T7 promoter phi13	0
190.000062	T7 promoter phi17	0
190.000062	T7 promoter phi2.5	0
190.000062	T7 promoter phi3.8	0
190.000062	T7 promoter phi4.3	0
190.000062	T7 promoter phi4.7	0
190.000062	T7 promoter phi4c	0
190.000062	T7 promoter phi6.5	0
190.000062	T7 promoter phi9	0
190.000062	bound_ecolipol	1713
190.000062	bound_ecolipol_p	1
190.000062	bound_ribosome	9912
190.000062	degraded_transcript	2199
190.000062	ecoli_genome	86
190.000062	ecoli_transcript	11179
190.000062	ecolipol	76
190.000062	ecolipol-2	0
190.000062	ecolipol-2-p	0
190.000062	ecolipol-p	5
190.000062	gene 0.3	33
190.000062	gp-2	0
190.000062	lysozyme-3.5	0
190.000062	protein_kinase-0.7	1
190.000062	rbs	9
190.000062	ribosome	17
190.000062	rnapol-1	0
190.000062	rnapol-3.5	0
194.999003	E. coli B promoter	1
194.999003	E. coli C promoter	1
194.999003	E. coli promoter A1	1
194.999003	E. coli promoter A2	1
194.999003	E. coli promoter A3	1
194.999003	T7 promoter phi1.1A	0
194.999003	T7 promoter phi1.1B	0
194.999003	T7 promoter phi1.3	0
194.999003	T7 promoter phi1.5	0
194.999003	T7 promoter phi1.6	0
194.999003	T7 promoter phi10	0
194.999003	T7 promoter phi13	0
194.999003	T7 promoter phi17	0
194.999003	T7 promoter phi2.5	0
194.999003	T7 promoter phi3.8	0
194.999003	T7 promoter phi4.3	0
194.999003	T7 promoter phi4.7	0
194.999003	T7 promoter phi4c	0
194.999003	T7 promoter phi6.5	0
194.999003	T7 promoter phi9	0
194.999003	bound_ecolipol	1723
194.999003	bound_ecolipol_p	11
194.999003	bound_ribosome	9895
194.999003	degraded_transcript	2294
194.999003	ecoli_genome	66
194.999003	ecoli_transcript	11438
194.999003	ecolipol	46
194.999003	ecolipol-2	0
194.999003	ecolipol-2-p	0
194.999003	ecolipol-p	15
194.999003	gene 0.3	37
194.999003	gp-2	0
194.999003	lysozyme-3.5	0
194.999003	protein_kinase-0.7	2
194.999003	rbs	7
194.999003	ribosome	23
194.999003	rnapol-1	0
194.999003	rnapol-3.5	0
199.999025	E. coli B promoter	1
199.999025	E. coli C promoter	1
199.999025	E. coli promoter A1	1
199.999025	E. coli promoter A2	1
199.999025	E. coli promoter A3	1
199.999025	T7 promoter phi1.1A	0
199.999025	T7 promoter phi1.1B	0
199.999025	T7 promoter phi1.3	0
199.999025	T7 promoter phi1.5	0
199.999025	T7 promoter phi1.6	0
199.999025	T7 promoter phi10	0
199.999025	T7 promoter phi13	0
199.999025	T7 promoter phi17	0
199.999025	T7 promoter phi2.5	0
199.999025	T7 promoter phi3.8	0
199.999025	T7 promoter phi4.3	0
199.999025	T7 promoter phi4.7	0
199.999025	T7 promoter phi4c	0
199.999025	T7 promoter phi6.5	0
199.999025	T7 promoter phi9	0
199.999025	bound_ecolipol	1681
199.999025	bound_ecolipol_p	43
199.999025	bound_ribosome	9889
199.999025	degraded_transcript	2407
199.999025	ecoli_genome	76
199.999025	ecoli_transcript	11720
199.999025	ecolipol	34
199.999025	ecolipol-2	0
199.999025	ecolipol-2-p	0
199.999025	ecolipol-p	37
199.999025	gene 0.3	41
199.999025	gp-2	0
199.999025	lysozyme-3.5	0
199.999025	protein_kinase-0.7	4
199.999025	rbs	6
199.999025	ribosome	23
199.999025	rnapol-1	0
199.999025	rnapol-3.5	0
204.999068	E. coli B promoter	1
204.999068	E. coli C promoter	1
204.999068	E. coli promoter A1	1
204.999068	E. coli promoter A2	1
204.999068	E. coli promoter A3	1
204.999068	T7 promoter phi1.1A	0
204.999068	T7 promoter phi1.1B	0
204.999068	T7 promoter phi1.3	0
204.999068	T7 promoter phi1.5	0
204.999068	T7 promoter phi1.6	0
204.999068	T7 promoter phi10	0
204.999068	T7 promoter phi13	0
204.999068	T7 promoter phi17	0
204.999068	T7 promoter phi2.5	0
204.999068	T7 promoter phi3.8	0
204.999068	T7 promoter phi4.3	0
204.999068	T7 promoter phi4.7	0
204.999068	T7 promoter phi4c	0
204.999068	T7 promoter phi6.5	0
204.999068	T7 promoter phi9	0
204.999068	bound_ecolipol	1624
204.999068	bound_ecolipol_p	91
204.999068	bound_ribosome	9871
204.999068	degraded_transcript	2539
204.999068	ecoli_genome	85
204.999068	ecoli_transcript	11956
204.999068	ecolipol	36
204.999068	ecolipol-2	0
204.999068	ecolipol-2-p	0
204.999068	ecolipol-p	44
204.999068	gene 0.3	46
204.999068	gp-2	0
204.999068	lysozyme-3.5	0
204.999068	protein_kinase-0.7	5
204.999068	rbs	10
204.999068	ribosome	33
204.999068	rnapol-1	0
204.999068	rnapol-3.5	0
209.999149	E. coli B promoter	1
209.999149	E. coli C promoter	1
209.999149	E. coli promoter A1	1
209.999149	E. coli promoter A2	1
209.999149	E. coli promoter A3	1
209.999149	T7 promoter phi1.1A	0
209.999149	T7 promoter phi1.1B	0
209.999149	T7 promoter phi1.3	0
209.999149	T7 promoter phi1.5	0
209.999149	T7 promoter phi1.6	0
209.999149	T7 promoter phi10	0
209.999149	T7 promoter phi13	0
209.999149	T7 promoter phi17	0
209.999149	T7 promoter phi2.5	0
209.999149	T7 promoter phi3.8	0
209.999149	T7 promoter phi4.3	0
209.999149	T7 promoter phi4.7	0
209.999149	T7 promoter phi4c	0
209.999149	T7 promoter phi6.5	0
209.999149	T7 promoter phi9	0
209.999149	bound_ecolipol	1565
209.999149	bound_ecolipol_p	145
209.999149	bound_ribosome	9885
209.999149	degraded_transcript	2652
209.999149	ecoli_genome	90
209.999149	ecoli_transcript	12158
209.999149	ecolipol	41
209.999149	ecolipol-2	0
209.999149	ecolipol-2-p	0
209.999149	ecolipol-p	44
209.999149	gene 0.3	52
209.999149	gp-2	0
209.999149	lysozyme-3.5	0
209.999149	protein_kinase-0.7	7
209.999149	rbs	8
209.999149	ribosome	15
209.999149	rnapol-1	0
209.999149	rnapol-3.5	0
214.999470	E. coli B promoter	1
214.999470	E. coli C promoter	1
214.999470	E. coli promoter A1	1
214.999470	E. coli promoter A2	1
214.999470	E. coli promoter A3	1
214.999470	T7 promoter phi1.1A	1
214.999470	T7 promoter phi1.1B	1
214.999470	T7 promoter phi1.3	0
214.999470	T7 promoter phi1.5	0
214.999470	T7 promoter phi1.6	0
214.999470	T7 promoter phi10	0
214.999470	T7 promoter phi13	0
214.999470	T7 promoter phi17	0
214.999470	T7 promoter phi2.5	0
214.999470	T7 promoter phi3.8	0
214.999470	T7 promoter phi4.3	0
214.999470	T7 promoter phi4.7	0
214.999470	T7 promoter phi4c	0
214.999470	T7 promoter phi6.5	0
214.999470	T7 promoter phi9	0
214.999470	bound_ecolipol	1503
214.999470	bound_ecolipol_p	212
214.999470	bound_ribosome	9872
214.999470	degraded_transcript	2792
214.999470	ecoli_genome	85
214.999470	ecoli_transcript	12344
214.999470	ecolipol	30
214.999470	ecolipol-2	0
214.999470	ecolipol-2-p	0
214.999470	ecolipol-p	50
214.999470	gene 0.3	59
214.999470	gp-2	0
214.999470	lysozyme-3.5	0
214.999470	protein_kinase-0.7	9
214.999470	rbs	6
214.999470	ribosome	19
214.999470	rnapol-1	0
214.999470	rnapol-3.5	0
219.999005	E. coli B promoter	1
219.999005	E. coli C promoter	1
219.999005	E. coli promoter A1	1
219.999005	E. coli promoter A2	1
219.999005	E. coli promoter A3	1
219.999005	T7 promoter phi1.1A	1
219.999005	T7 promoter phi1.1B	1
219.999005	T7 promoter phi1.3	0
219.999005	T7 promoter phi1.5	0
219.999005	T7 promoter phi1.6	0
219.999005	T7 promoter phi10	0
219.999005	T7 promoter phi13	0
219.999005	T7 promoter phi17	0
219.999005	T7 promoter phi2.5	0
219.999005	T7 promoter phi3.8	0
219.999005	T7 promoter phi4.3	0
219.999005	T7 promoter phi4.7	0
219.999005	T7 promoter phi4c	0
219.999005	T7 promoter phi6.5	0
219.999005	T7 promoter phi9	0
219.999005	bound_ecolipol	1427
219.999005	bound_ecolipol_p	286
219.999005	bound_ribosome	9873
219.999005	degraded_transcript	2923
219.999005	ecoli_genome	87
219.999005	ecoli_transcript	12535
219.999005	ecolipol	22
219.999005	ecolipol-2	0
219.999005	ecolipol-2-p	0
219.999005	ecolipol-p	60
219.999005	gene 0.3	66
219.999005	gene 1.1	1
219.999005	gp-2	0
219.999005	lysozyme-3.5	0
219.999005	protein_kinase-0.7	13
219.999005	rbs	11
219.999005	ribosome	17
219.999005	rnapol-1	0
219.999005	rnapol-3.5	0
224.999883	E. coli B promoter	1
224.999883	E. coli C promoter	1
224.999883	E. coli promoter A1	1
224.999883	E. coli promoter A2	1
224.999883	E. coli promoter A3	1
224.999883	T7 promoter phi1.1A	1
224.999883	T7 promoter phi1.1B	1
224.999883	T7 promoter phi1.3	0
224.999883	T7 promoter phi1.5	0
224.999883	T7 promoter phi1.6	0
224.999883	T7 promoter phi10	0
224.999883	T7 promoter phi13	0
224.999883	T7 promoter phi17	0
224.999883	T7 promoter phi2.5	0
224.999883	T7 promoter phi3.8	0
224.999883	T7 promoter phi4.3	0
224.999883	T7 promoter phi4.7	0
224.999883	T7 promoter phi4c	0
224.999883	T7 promoter phi6.5	0
224.999883	T7 promoter phi9	0
224.999883	bound_ecolipol	1338
224.999883	bound_ecolipol_p	366
224.999883	bound_ribosome	9866
224.999883	degraded_transcript	3034
224.999883	ecoli_genome	96
224.999883	ecoli_transcript	12767
224.999883	ecolipol	17
224.999883	ecolipol-2	0
224.999883	ecolipol-2-p	0
224.999883	ecolipol-p	74
224.999883	gene 0.3	73
224.999883	gene 1.1	1
224.999883	gp-2	0
224.999883	lysozyme-3.5	0
224.999883	protein_kinase-0.7	15
224.999883	rbs	4
224.999883	ribosome	15
224.999883	rnapol-1	0
224.999883	rnapol-3.5	0
229.999134	E. coli B promoter	1
229.999134	E. coli C promoter	1
229.999134	E. coli promoter A1	1
229.999134	E. coli promoter A2	1
229.999134	E. coli promoter A3	1
229.999134	T7 promoter phi1.1A	1
229.999134	T7 promoter phi1.1B	1
229.999134	T7 promoter phi1.3	1
229.999134	T7 promoter phi1.5	0
229.999134	T7 promoter phi1.6	0
229.999134	T7 promoter phi10	0
229.999134	T7 promoter phi13	0
229.999134	T7 promoter phi17	0
229.999134	T7 promoter phi2.5	0
229.999134	T7 promoter phi3.8	0
229.999134	T7 promoter phi4.3	0
229.999134	T7 promoter phi4.7	0
229.999134	T7 promoter phi4c	0
229.999134	T7 promoter phi6.5	0
229.999134	T7 promoter phi9	0
229.999134	bound_ecolipol	1230
229.999134	bound_ecolipol_p	478
229.999134	bound_ribosome	9849
229.999134	degraded_transcript	3157
229.999134	ecoli_genome	92
229.999134	ecoli_transcript	12993
229.999134	ecolipol	16
229.999134	ecolipol-2	0
229.999134	ecolipol-2-p	0
229.999134	ecolipol-p	71
229.999134	gene 0.3	78
229.999134	gene 1.1	2
229.999134	gp-2	0
229.999134	lysozyme-3.5	0
229.999134	protein_kinase-0.7	18
229.999134	rbs	12
229.999134	ribosome	24
229.999134	rnapol-1	0
229.999134	rnapol-3.5	0
234.999279	E. coli B promoter	1
234.999279	E. coli C promoter	1
234.999279	E. coli promoter A1	1
234.999279	E. coli promoter A2	1
234.999279	E. coli promoter A3	1
234.999279	T7 promoter phi1.1A	1
234.999279	T7 promoter phi1.1B	1
234.999279	T7 promoter phi1.3	1
234.999279	T7 promoter phi1.5	0
234.999279	T7 promoter phi1.6	0
234.999279	T7 promoter phi10	0
234.999279	T7 promoter phi13	0
234.999279	T7 promoter phi17	0
234.999279	T7 promoter phi2.5	0
234.999279	T7 promoter phi3.8	0
234.999279	T7 promoter phi4.3	0
234.999279	T7 promoter phi4.7	0
234.999279	T7 promoter phi4c	0
234.999279	T7 promoter phi6.5	0
234.999279	T7 promoter phi9	0
234.999279	bound_ecolipol	1146
234.999279	bound_ecolipol_p	555
234.999279	bound_ribosome	9834
234.999279	degraded_transcript	3290
234.999279	ecoli_genome	99
234.999279	ecoli_transcript	13227
234.999279	ecolipol	12
234.999279	ecolipol-2	0
234.999279	ecolipol-2-p	0
234.999279	ecolipol-p	82
234.999279	gene 0.3	84
234.999279	gene 1.1	2
234.999279	gp-2	0
234.999279	lysozyme-3.5	0
234.999279	protein_kinase-0.7	20
234.999279	rbs	9
234.999279	ribosome	27
234.999279	rnapol-1	0
234.999279	rnapol-3.5	0
239.999271	E. coli B promoter	1
239.999271	E. coli C promoter	0
239.999271	E. coli promoter A1	1
239.999271	E. coli promoter A2	1
239.999271	E. coli promoter A3	1
239.999271	T7 promoter phi1.1A	1
239.999271	T7 promoter phi1.1B	0
239.999271	T7 promoter phi1.3	1
239.999271	T7 promoter phi1.5	0
239.999271	T7 promoter phi1.6	0
239.999271	T7 promoter phi10	0
239.999271	T7 promoter phi13	0
239.999271	T7 promoter phi17	0
239.999271	T7 promoter phi2.5	0
239.999271	T7 promoter phi3.8	0
239.999271	T7 promoter phi4.3	0
239.999271	T7 promoter phi4.7	0
239.999271	T7 promoter phi4c	0
239.999271	T7 promoter phi6.5	0
239.999271	T7 promoter phi9	0
239.999271	bound_ecolipol	1051
239.999271	bound_ecolipol_p	638
239.999271	bound_ribosome	9838
239.999271	degraded_transcript	3427
239.999271	ecoli_genome	111
239.999271	ecoli_transcript	13454
239.999271	ecolipol	15
239.999271	ecolipol-2	0
239.999271	ecolipol-2-p	0
239.999271	ecolipol-p	91
239.999271	gene 0.3	92
239.999271	gene 1.1	2
239.999271	gene 1.2	1
239.999271	gp-2	0
239.999271	lysozyme-3.5	0
239.999271	protein_kinase-0.7	23
239.999271	rbs	13
239.999271	ribosome	20
239.999271	rnapol-1	0
239.999271	rnapol-3.5	0
244.999373	E. coli B promoter	1
244.999373	E. coli C promoter	1
244.999373	E. coli promoter A1	1
244.999373	E. coli promoter A2	1
244.999373	E. coli promoter A3	1
244.999373	T7 promoter phi1.1A	1
244.999373	T7 promoter phi1.1B	1
244.999373	T7 promoter phi1.3	1
244.999373	T7 promoter phi1.5	0
244.999373	T7 promoter phi1.6	0
244.999373	T7 promoter phi10	0
244.999373	T7 promoter phi13	0
244.999373	T7 promoter phi17	0
244.999373	T7 promoter phi2.5	0
244.999373	T7 promoter phi3.8	0
244.999373	T7 promoter phi4.3	0
244.999373	T7 promoter phi4.7	0
244.999373	T7 promoter phi4c	0
244.999373	T7 promoter phi6.5	0
244.999373	T7 promoter phi9	0
244.999373	bound_ecolipol	956
244.999373	bound_ecolipol_p	736
244.999373	bound_ribosome	9830
244.999373	degraded_transcript	3568
244.999373	ecoli_genome	108
244.999373	ecoli_transcript	13649
244.999373	ecolipol	13
244.999373	ecolipol-2	0
244.999373	ecolipol-2-p	0
244.999373	ecolipol-p	90
244.999373	gene 0.3	99
244.999373	gene 1.1	3
244.999373	gene 1.2	1
244.999373	gp-2	0
244.999373	lysozyme-3.5	0
244.999373	protein_kinase-0.7	27
244.999373	rbs	14
244.999373	ribosome	21
244.999373	rnapol-1	0
244.999373	rnapol-3.5	0
249.999312	E. coli B promoter	1
249.999312	E. coli C promoter	1
249.999312	E. coli promoter A1	1
249.999312	E. coli promoter A2	1
249.999312	E. coli promoter A3	1
249.999312	T7 promoter phi1.1A	1
249.999312	T7 promoter phi1.1B	1
249.999312	T7 promoter phi1.3	0
249.999312	T7 promoter phi1.5	0
249.999312	T7 promoter phi1.6	0
249.999312	T7 promoter phi10	0
249.999312	T7 promoter phi13	0
249.999312	T7 promoter phi17	0
249.999312	T7 promoter phi2.5	0
249.999312	T7 promoter phi3.8	0
249.999312	T7 promoter phi4.3	0
249.999312	T7 promoter phi4.7	0
249.999312	T7 promoter phi4c	0
249.999312	T7 promoter phi6.5	0
249.999312	T7 promoter phi9	0
249.999312	bound_ecolipol	863
249.999312	bound_ecolipol_p	829
249.999312	bound_ribosome	9831
249.999312	degraded_transcript	3721
249.999312	ecoli_genome	108
249.999312	ecoli_transcript	13828
249.999312	ecolipol	8
249.999312	ecolipol-2	0
249.999312	ecolipol-2-p	0
249.999312	ecolipol-p	95
249.999312	gene 0.3	106
249.999312	gene 1.1	4
249.999312	gene 1.2	4
249.999312	gp-2	0
249.999312	lysozyme-3.5	0
249.999312	protein_kinase-0.7	30
249.999312	rbs	17
249.999312	ribosome	23
249.999312	rnapol-1	0
249.999312	rnapol-3.5	0
254.999055	E. coli B promoter	1
254.999055	E. coli C promoter	1
254.999055	E. coli promoter A1	1
254.999055	E. coli promoter A2	1
254.999055	E. coli promoter A3	1
254.999055	T7 promoter phi1.1A	1
254.999055	T7 promoter phi1.1B	1
254.999055	T7 promoter phi1.3	1
254.999055	T7 promoter phi1.5	0
254.999055	T7 promoter phi1.6	0
254.999055	T7 promoter phi10	0
254.999055	T7 promoter phi13	0
254.999055	T7 promoter phi17	0
254.999055	T7 promoter phi2.5	0
254.999055	T7 promoter phi3.8	0
254.999055	T7 promoter phi4.3	0
254.999055	T7 promoter phi4.7	0
254.999055	T7 promoter phi4c	0
254.999055	T7 promoter phi6.5	0
254.999055	T7 promoter phi9	0
254.999055	bound_ecolipol	790
254.999055	bound_ecolipol_p	901
254.999055	bound_ribosome	9828
254.999055	degraded_transcript	3841
254.999055	ecoli_genome	109
254.999055	ecoli_transcript	14040
254.999055	ecolipol	8
254.999055	ecolipol-2	0
254.999055	ecolipol-2-p	0
254.999055	ecolipol-p	97
254.999055	gene 0.3	113
254.999055	gene 1.1	6
254.999055	gene 1.2	6
254.999055	gp-2	0
254.999055	lysozyme-3.5	0
254.999055	protein_kinase-0.7	33
254.999055	rbs	14
254.999055	ribosome	16
254.999055	rnapol-1	0
254.999055	rnapol-3.5	0
259.999738	E. coli B promoter	1
259.999738	E. coli C promoter	1
259.999738	E. coli promoter A1	1
259.999738	E. coli promoter A2	1
259.999738	E. coli promoter A3	1
259.999738	T7 promoter phi1.1A	1
259.999738	T7 promoter phi1.1B	1
259.999738	T7 promoter phi1.3	1
259.999738	T7 promoter phi1.5	0
259.999738	T7 promoter phi1.6	0
259.999738	T7 promoter phi10	0
259.999738	T7 promoter phi13	0
259.999738	T7 promoter phi17	0
259.999738	T7 promoter phi2.5	0
259.999738	T7 promoter phi3.8	0
259.999738	T7 promoter phi4.3	0
259.999738	T7 promoter phi4.7	0
259.999738	T7 promoter phi4c	0
259.999738	T7 promoter phi6.5	0
259.999738	T7 promoter phi9	0
259.999738	bound_ecolipol	710
259.999738	bound_ecolipol_p	978
259.999738	bound_ribosome	9814
259.999738	degraded_transcript	3974
259.999738	ecoli_genome	112
259.999738	ecoli_transcript	14237
259.999738	ecolipol	8
259.999738	ecolipol-2	0
259.999738	ecolipol-2-p	0
259.999738	ecolipol-p	100
259.999738	gene 0.3	118
259.999738	gene 1.1	6
259.999738	gene 1.2	7
259.999738	gp-2	0
259.999738	lysozyme-3.5	0
259.999738	protein_kinase-0.7	36
259.999738	rbs	12
259.999738	ribosome	17
259.999738	rnapol-1	1
259.999738	rnapol-3.5	0
264.999131	E. coli B promoter	1
264.999131	E. coli C promoter	1
264.999131	E. coli promoter A1	1
264.999131	E. coli promoter A2	1
264.999131	E. coli promoter A3	1
264.999131	T7 promoter phi1.1A	1
264.999131	T7 promoter phi1.1B	1
264.999131	T7 promoter phi1.3	1
264.999131	T7 promoter phi1.5	0
264.999131	T7 promoter phi1.6	0
264.999131	T7 promoter phi10	0
264.999131	T7 promoter phi13	0
264.999131	T7 promoter phi17	0
264.999131	T7 promoter phi2.5	0
264.999131	T7 promoter phi3.8	0
264.999131	T7 promoter phi4.3	0
264.999131	T7 promoter phi4.7	0
264.999131	T7 promoter phi4c	0
264.999131	T7 promoter phi6.5	0
264.999131	T7 promoter phi9	0
264.999131	bound_ecolipol	642
264.999131	bound_ecolipol_p	1031
264.999131	bound_ribosome	9792
264.999131	degraded_transcript	4109
264.999131	ecoli_genome	127
264.999131	ecoli_transcript	14433
264.999131	ecolipol	5
264.999131	ecolipol-2	0
264.999131	ecolipol-2-p	0
264.999131	ecolipol-p	118
264.999131	gene 0.3	123
264.999131	gene 1.1	8
264.999131	gene 1.2	9
264.999131	gp-2	0
264.999131	lysozyme-3.5	0
264.999131	protein_kinase-0.7	40
264.999131	rbs	10
264.999131	ribosome	27
264.999131	rnapol-1	2
264.999131	rnapol-3.5	0
269.999032	E. coli B promoter	1
269.999032	E. coli C promoter	1
269.999032	E. coli promoter A1	1
269.999032	E. coli promoter A2	1
269.999032	E. coli promoter A3	1
269.999032	T7 promoter phi1.1A	1
269.999032	T7 promoter phi1.1B	1
269.999032	T7 promoter phi1.3	1
269.999032	T7 promoter phi1.5	0
269.999032	T7 promoter phi1.6	0
269.999032	T7 promoter phi10	0
269.999032	T7 promoter phi13	0
269.999032	T7 promoter phi17	0
269.999032	T7 promoter phi2.5	0
269.999032	T7 promoter phi3.8	0
269.999032	T7 promoter phi4.3	0
269.999032	T7 promoter phi4.7	0
269.999032	T7 promoter phi4c	0
269.999032	T7 promoter phi6.5	0
269.999032	T7 promoter phi9	0
269.999032	bound_ecolipol	583
269.999032	bound_ecolipol_p	1092
269.999032	bound_ribosome	9803
269.999032	degraded_transcript	4235
269.999032	ecoli_genome	125
269.999032	ecoli_transcript	14630
269.999032	ecolipol	5
269.999032	ecolipol-2	0
269.999032	ecolipol-2-p	0
269.999032	ecolipol-p	116
269.999032	gene 0.3	130
269.999032	gene 1.1	11
269.999032	gene 1.2	11
269.999032	gp-2	0
269.999032	lysozyme-3.5	0
269.999032	protein_kinase-0.7	42
269.999032	rbs	14
269.999032	ribosome	14
269.999032	rnapol-1	5
269.999032	rnapol-3.5	0
274.999874	E. coli B promoter	1
274.999874	E. coli C promoter	1
274.999874	E. coli promoter A1	1
274.999874	E. coli promoter A2	1
274.999874	E. coli promoter A3	1
274.999874	T7 promoter phi1.1A	1
274.999874	T7 promoter phi1.1B	1
274.999874	T7 promoter phi1.3	1
274.999874	T7 promoter phi1.5	0
274.999874	T7 promoter phi1.6	0
274.999874	T7 promoter phi10	0
274.999874	T7 promoter phi13	0
274.999874	T7 promoter phi17	0
274.999874	T7 promoter phi2.5	0
274.999874	T7 promoter phi3.8	0
274.999874	T7 promoter phi4.3	0
274.999874	T7 promoter phi4.7	0
274.999874	T7 promoter phi4c	0
274.999874	T7 promoter phi6.5	0
274.999874	T7 promoter phi9	0
274.999874	bound_ecolipol	521
274.999874	bound_ecolipol_p	1175
274.999874	bound_ribosome	9800
274.999874	degraded_transcript	4367
274.999874	ecoli_genome	104
274.999874	ecoli_transcript	14811
274.999874	ecolipol	3
274.999874	ecolipol-2	0
274.999874	ecolipol-2-p	0
274.999874	ecolipol-p	97
274.999874	gene 0.3	135
274.999874	gene 1.1	13
274.999874	gene 1.2	14
274.999874	gp-2	0
274.999874	lysozyme-3.5	0
274.999874	protein_kinase-0.7	46
274.999874	rbs	15
274.999874	ribosome	13
274.999874	rnapol-1	5
274.999874	rnapol-3.5	0
279.999182	E. coli B promoter	1
279.999182	E. coli C promoter	1
279.999182	E. coli promoter A1	1
279.999182	E. coli promoter A2	1
279.999182	E. coli promoter A3	1
279.999182	T7 promoter phi1.1A	0
279.999182	T7 promoter phi1.1B	1
279.999182	T7 promoter phi1.3	1
279.999182	T7 promoter phi1.5	0
279.999182	T7 promoter phi1.6	0
279.999182	T7 promoter phi10	0
279.999182	T7 promoter phi13	0
279.999182	T7 promoter phi17	0
279.999182	T7 promoter phi2.5	0
279.999182	T7 promoter phi3.8	0
279.999182	T7 promoter phi4.3	0
279.999182	T7 promoter phi4.7	0
279.999182	T7 promoter phi4c	0
279.999182	T7 promoter phi6.5	0
279.999182	T7 promoter phi9	0
279.999182	bound_ecolipol	480
279.999182	bound_ecolipol_p	1208
279.999182	bound_ribosome	9793
279.999182	degraded_transcript	4484
279.999182	ecoli_genome	112
279.999182	ecoli_transcript	15016
279.999182	ecolipol	1
279.999182	ecolipol-2	0
279.999182	ecolipol-2-p	0
279.999182	ecolipol-p	108
279.999182	gene 0.3	142
279.999182	gene 1.1	14
279.999182	gene 1.2	15
279.999182	gene 1.3	1
279.999182	gp-2	0
279.999182	lysozyme-3.5	0
279.999182	protein_kinase-0.7	50
279.999182	rbs	14
279.999182	ribosome	13
279.999182	rnapol-1	7
279.999182	rnapol-3.5	0
284.999126	E. coli B promoter	1
284.999126	E. coli C promoter	1
284.999126	E. coli promoter A1	1
284.999126	E. coli promoter A2	1
284.999126	E. coli promoter A3	1
284.999126	T7 promoter phi1.1A	1
284.999126	T7 promoter phi1.1B	1
284.999126	T7 promoter phi1.3	1
284.999126	T7 promoter phi1.5	0
284.999126	T7 promoter phi1.6	0
284.999126	T7 promoter phi10	0
284.999126	T7 promoter phi13	0
284.999126	T7 promoter phi17	0
284.999126	T7 promoter phi2.5	0
284.999126	T7 promoter phi3.8	0
284.999126	T7 promoter phi4.3	0
284.999126	T7 promoter phi4.7	0
284.999126	T7 promoter phi4c	0
284.999126	T7 promoter phi6.5	0
284.999126	T7 promoter phi9	0
284.999126	bound_ecolipol	426
284.999126	bound_ecolipol_p	1262
284.999126	bound_ribosome	9786
284.999126	degraded_transcript	4621
284.999126	ecoli_genome	112
284.999126	ecoli_transcript	15220
284.999126	ecolipol	4
284.999126	ecolipol-2	0
284.999126	ecolipol-2-p	0
284.999126	ecolipol-p	105
284.999126	gene 0.3	150
284.999126	gene 1.1	15
284.999126	gene 1.2	17
284.999126	gene 1.3	1
284.999126	gp-2	0
284.999126	lysozyme-3.5	0
284.999126	protein_kinase-0.7	54
284.999126	rbs	19
284.999126	ribosome	21
284.999126	rnapol-1	9
284.999126	rnapol-3.5	0
289.999113	E. coli B promoter	1
289.999113	E. coli C promoter	1
289.999113	E. coli promoter A1	1
289.999113	E. coli promoter A2	1
289.999113	E. coli promoter A3	1
289.999113	T7 promoter phi1.1A	1
289.999113	T7 promoter phi1.1B	0
289.999113	T7 promoter phi1.3	1
289.999113	T7 promoter phi1.5	0
289.999113	T7 promoter phi1.6	0
289.999113	T7 promoter phi10	0
289.999113	T7 promoter phi13	0
289.999113	T7 promoter phi17	0
289.999113	T7 promoter phi2.5	0
289.999113	T7 promoter phi3.8	0
289.999113	T7 promoter phi4.3	0
289.999113	T7 promoter phi4.7	0
289.999113	T7 promoter phi4c	0
289.999113	T7 promoter phi6.5	0
289.999113	T7 promoter phi9	0
289.999113	bound_ecolipol	367
289.999113	bound_ecolipol_p	1319
289.999113	bound_ribosome	9785
289.999113	degraded_transcript	4770
289.999113	ecoli_genome	114
289.999113	ecoli_transcript	15445
289.999113	ecolipol	2
289.999113	ecolipol-2	0
289.999113	ecolipol-2-p	0
289.999113	ecolipol-p	109
289.999113	gene 0.3	155
289.999113	gene 1.1	15
289.999113	gene 1.2	19
289.999113	gene 1.3	3
289.999113	gp-2	0
289.999113	lysozyme-3.5	0
289.999113	protein_kinase-0.7	57
289.999113	rbs	13
289.999113	ribosome	14
289.999113	rnapol-1	10
289.999113	rnapol-3.5	0
294.999268	E. coli B promoter	1
294.999268	E. coli C promoter	1
294.999268	E. coli promoter A1	1
294.999268	E. coli promoter A2	1
294.999268	E. coli promoter A3	1
294.999268	T7 promoter phi1.1A	1
294.999268	T7 promoter phi1.1B	1
294.999268	T7 promoter phi1.3	1
294.999268	T7 promoter phi1.5	0
294.999268	T7 promoter phi1.6	0
294.999268	T7 promoter phi10	0
294.999268	T7 promoter phi13	0
294.999268	T7 promoter phi17	0
294.999268	T7 promoter phi2.5	0
294.999268	T7 promoter phi3.8	0
294.999268	T7 promoter phi4.3	0
294.999268	T7 promoter phi4.7	0
294.999268	T7 promoter phi4c	0
294.999268	T7 promoter phi6.5	0
294.999268	T7 promoter phi9	0
294.999268	bound_ecolipol	327
294.999268	bound_ecolipol_p	1366
294.999268	bound_ribosome	9787
294.999268	degraded_transcript	4948
294.999268	ecoli_genome	107
294.999268	ecoli_transcript	15605
294.999268	ecolipol	1
294.999268	ecolipol-2	0
294.999268	ecolipol-2-p	0
294.999268	ecolipol-p	103
294.999268	gene 0.3	162
294.999268	gene 1.1	16
294.999268	gene 1.2	21
294.999268	gene 1.3	4
294.999268	gp-2	0
294.999268	lysozyme-3.5	0
294.999268	protein_kinase-0.7	63
294.999268	rbs	22
294.999268	ribosome	15
294.999268	rnapol-1	13
294.999268	rnapol-3.5	0
299.999092	E. coli B promoter	1
299.999092	E. coli C promoter	1
299.999092	E. coli promoter A1	1
299.999092	E. coli promoter A2	1
299.999092	E. coli promoter A3	1
299.999092	T7 promoter phi1.1A	0
299.999092	T7 promoter phi1.1B	1
299.999092	T7 promoter phi1.3	0
299.999092	T7 promoter phi1.5	0
299.999092	T7 promoter phi1.6	0
299.999092	T7 promoter phi10	0
299.999092	T7 promoter phi13	0
299.999092	T7 promoter phi17	0
299.999092	T7 promoter phi2.5	0
299.999092	T7 promoter phi3.8	0
299.999092	T7 promoter phi4.3	0
299.999092	T7 promoter phi4.7	0
299.999092	T7 promoter phi4c	0
299.999092	T7 promoter phi6.5	0
299.999092	T7 promoter phi9	0
299.999092	bound_ecolipol	285
299.999092	bound_ecolipol_p	1392
299.999092	bound_ribosome	9772
299.999092	degraded_transcript	5084
299.999092	ecoli_genome	123
299.999092	ecoli_transcript	15804
299.999092	ecolipol	2
299.999092	ecolipol-2	0
299.999092	ecolipol-2-p	0
299.999092	ecolipol-p	118
299.999092	gene 0.3	170
299.999092	gene 1.1	16
299.999092	gene 1.2	23
299.999092	gene 1.3	5
299.999092	gp-2	0
299.999092	lysozyme-3.5	0
299.999092	protein_kinase-0.7	67
299.999092	rbs	16
299.999092	ribosome	24
299.999092	rnapol-1	15
299.999092	rnapol-3.5	0
304.999002	E. coli B promoter	1
304.999002	E. coli C promoter	1
304.999002	E. coli promoter A1	1
304.999002	E. coli promoter A2	1
304.999002	E. coli promoter A3	1
304.999002	T7 promoter phi1.1A	1
304.999002	T7 promoter phi1.1B	1
304.999002	T7 promoter phi1.3	1
304.999002	T7 promoter phi1.5	0
304.999002	T7 promoter phi1.6	0
304.999002	T7 promoter phi10	0
304.999002	T7 promoter phi13	0
304.999002	T7 promoter phi17	0
304.999002	T7 promoter phi2.5	0
304.999002	T7 promoter phi3.8	0
304.999002	T7 promoter phi4.3	0
304.999002	T7 promoter phi4.7	0
304.999002	T7 promoter phi4c	0
304.999002	T7 promoter phi6.5	0
304.999002	T7 promoter phi9	0
304.999002	bound_ecolipol	237
304.999002	bound_ecolipol_p	1433
304.999002	bound_ribosome	9774
304.999002	degraded_transcript	5223
304.999002	ecoli_genome	130
304.999002	ecoli_transcript	16027
304.999002	ecolipol	6
304.999002	ecolipol-2	0
304.999002	ecolipol-2-p	0
304.999002	ecolipol-p	121
304.999002	gene 0.3	176
304.999002	gene 1.1	19
304.999002	gene 1.2	28
304.999002	gene 1.3	7
304.999002	gp-2	0
304.999002	lysozyme-3.5	0
304.999002	protein_kinase-0.7	72
304.999002	rbs	17
304.999002	ribosome	14
304.999002	rnapol-1	19
304.999002	rnapol-3.5	0
309.999182	E. coli B promoter	1
309.999182	E. coli C promoter	1
309.999182	E. coli promoter A1	1
309.999182	E. coli promoter A2	1
309.999182	E. coli promoter A3	1
309.999182	T7 promoter phi1.1A	1
309.999182	T7 promoter phi1.1B	1
309.999182	T7 promoter phi1.3	1
309.999182	T7 promoter phi1.5	0
309.999182	T7 promoter phi1.6	0
309.999182	T7 promoter phi10	0
309.999182	T7 promoter phi13	0
309.999182	T7 promoter phi17	0
309.999182	T7 promoter phi2.5	0
309.999182	T7 promoter phi3.8	0
309.999182	T7 promoter phi4.3	0
309.999182	T7 promoter phi4.7	0
309.999182	T7 promoter phi4c	0
309.999182	T7 promoter phi6.5	0
309.999182	T7 promoter phi9	0
309.999182	bound_ecolipol	214
309.999182	bound_ecolipol_p	1463
309.999182	bound_ribosome	9769
309.999182	degraded_transcript	5384
309.999182	ecoli_genome	123
309.999182	ecoli_transcript	16176
309.999182	ecolipol	0
309.999182	ecolipol-2	0
309.999182	ecolipol-2-p	0
309.999182	ecolipol-p	120
309.999182	gene 0.3	182
309.999182	gene 1.1	23
309.999182	gene 1.2	30
309.999182	gene 1.3	8
309.999182	gp-2	0
309.999182	lysozyme-3.5	0
309.999182	protein_kinase-0.7	75
309.999182	rbs	22
309.999182	ribosome	15
309.999182	rnapol-1	22
309.999182	rnapol-3.5	0
314.999004	E. coli B promoter	1
314.999004	E. coli C promoter	1
314.999004	E. coli promoter A1	1
314.999004	E. coli promoter A2	1
314.999004	E. coli promoter A3	1
314.999004	T7 promoter phi1.1A	1
314.999004	T7 promoter phi1.1B	1
314.999004	T7 promoter phi1.3	1
314.999004	T7 promoter phi1.5	0
314.999004	T7 promoter phi1.6	0
314.999004	T7 promoter phi10	0
314.999004	T7 promoter phi13	0
314.999004	T7 promoter phi17	0
314.999004	T7 promoter phi2.5	0
314.999004	T7 promoter phi3.8	0
314.999004	T7 promoter phi4.3	0
314.999004	T7 promoter phi4.7	0
314.999004	T7 promoter phi4c	0
314.999004	T7 promoter phi6.5	0
314.999004	T7 promoter phi9	0
314.999004	bound_ecolipol	176
314.999004	bound_ecolipol_p	1507
314.999004	bound_ribosome	9755
314.999004	degraded_transcript	5538
314.999004	ecoli_genome	117
314.999004	ecoli_transcript	16378
314.999004	ecolipol	0
314.999004	ecolipol-2	0
314.999004	ecolipol-2-p	0
314.999004	ecolipol-p	114
314.999004	gene 0.3	185
314.999004	gene 1.1	26
314.999004	gene 1.2	33
314.999004	gene 1.3	9
314.999004	gp-2	0
314.999004	lysozyme-3.5	0
314.999004	protein_kinase-0.7	79
314.999004	rbs	22
314.999004	ribosome	15
314.999004	rnapol-1	26
314.999004	rnapol-3.5	0
319.999157	E. coli B promoter	1
319.999157	E. coli C promoter	1
319.999157	E. coli promoter A1	1
319.999157	E. coli promoter A2	1
319.999157	E. coli promoter A3	1
319.999157	T7 promoter phi1.1A	1
319.999157	T7 promoter phi1.1B	0
319.999157	T7 promoter phi1.3	1
319.999157	T7 promoter phi1.5	0
319.999157	T7 promoter phi1.6	0
319.999157	T7 promoter phi10	0
319.999157	T7 promoter phi13	0
319.999157	T7 promoter phi17	0
319.999157	T7 promoter phi2.5	0
319.999157	T7 promoter phi3.8	0
319.999157	T7 promoter phi4.3	0
319.999157	T7 promoter phi4.7	0
319.999157	T7 promoter phi4c	0
319.999157	T7 promoter phi6.5	0
319.999157	T7 promoter phi9	0
319.999157	bound_ecolipol	151
319.999157	bound_ecolipol_p	1520
319.999157	bound_ribosome	9753
319.999157	degraded_transcript	5706
319.999157	ecoli_genome	129
319.999157	ecoli_transcript	16584
319.999157	ecolipol	0
319.999157	ecolipol-2	0
319.999157	ecolipol-2-p	0
319.999157	ecolipol-p	127
319.999157	gene 0.3	191
319.999157	gene 1.1	31
319.999157	gene 1.2	37
319.999157	gene 1.3	12
319.999157	gp-2	0
319.999157	lysozyme-3.5	0
319.999157	protein_kinase-0.7	80
319.999157	rbs	20
319.999157	ribosome	14
319.999157	rnapol-1	29
319.999157	rnapol-3.5	0
324.999221	E. coli B promoter	1
324.999221	E. coli C promoter	1
324.999221	E. coli promoter A1	1
324.999221	E. coli promoter A2	1
324.999221	E. coli promoter A3	1
324.999221	T7 promoter phi1.1A	1
324.999221	T7 promoter phi1.1B	1
324.999221	T7 promoter phi1.3	1
324.999221	T7 promoter phi1.5	0
324.999221	T7 promoter phi1.6	0
324.999221	T7 promoter phi10	0
324.999221	T7 promoter phi13	0
324.999221	T7 promoter phi17	0
324.999221	T7 promoter phi2.5	0
324.999221	T7 promoter phi3.8	0
324.999221	T7 promoter phi4.3	0
324.999221	T7 promoter phi4.7	0
324.999221	T7 promoter phi4c	0
324.999221	T7 promoter phi6.5	0
324.999221	T7 promoter phi9	0
324.999221	bound_ecolipol	134
324.999221	bound_ecolipol_p	1547
324.999221	bound_ribosome	9752
324.999221	degraded_transcript	5856
324.999221	ecoli_genome	119
324.999221	ecoli_transcript	16729
324.999221	ecolipol	1
324.999221	ecolipol-2	0
324.999221	ecolipol-2-p	0
324.999221	ecolipol-p	116
324.999221	gene 0.3	201
324.999221	gene 1.1	33
324.999221	gene 1.2	41
324.999221	gene 1.3	14
324.999221	gp-2	0
324.999221	lysozyme-3.5	0
324.999221	protein_kinase-0.7	85
324.999221	rbs	25
324.999221	ribosome	19
324.999221	rnapol-1	32
324.999221	rnapol-3.5	0
329.999166	E. coli B promoter	1
329.999166	E. coli C promoter	1
329.999166	E. coli promoter A1	1
329.999166	E. coli promoter A2	1
329.999166	E. coli promoter A3	1
329.999166	T7 promoter phi1.1A	1
329.999166	T7 promoter phi1.1B	1
329.999166	T7 promoter phi1.3	1
329.999166	T7 promoter phi1.5	0
329.999166	T7 promoter phi1.6	0
329.999166	T7 promoter phi10	0
329.999166	T7 promoter phi13	0
329.999166	T7 promoter phi17	0
329.999166	T7 promoter phi2.5	0
329.999166	T7 promoter phi3.8	0
329.999166	T7 promoter phi4.3	0
329.999166	T7 promoter phi4.7	0
329.999166	T7 promoter phi4c	0
329.999166	T7 promoter phi6.5	0
329.999166	T7 promoter phi9	0
329.999166	bound_ecolipol	124
329.999166	bound_ecolipol_p	1565
329.999166	bound_ribosome	9756
329.999166	degraded_transcript	6010
329.999166	ecoli_genome	111
329.999166	ecoli_transcript	16909
329.999166	ecolipol	0
329.999166	ecolipol-2	0
329.999166	ecolipol-2-p	0
329.999166	ecolipol-p	110
329.999166	gene 0.3	205
329.999166	gene 1.1	37
329.999166	gene 1.2	45
329.999166	gene 1.3	18
329.999166	gp-2	0
329.999166	lysozyme-3.5	0
329.999166	protein_kinase-0.7	87
329.999166	rbs	26
329.999166	ribosome	15
329.999166	rnapol-1	34
329.999166	rnapol-3.5	0
334.999221	E. coli B promoter	1
334.999221	E. coli C promoter	1
334.999221	E. coli promoter A1	1
334.999221	E. coli promoter A2	1
334.999221	E. coli promoter A3	1
334.999221	T7 promoter phi1.1A	1
334.999221	T7 promoter phi1.1B	1
334.999221	T7 promoter phi1.3	1
334.999221	T7 promoter phi1.5	0
334.999221	T7 promoter phi1.6	0
334.999221	T7 promoter phi10	0
334.999221	T7 promoter phi13	0
334.999221	T7 promoter phi17	0
334.999221	T7 promoter phi2.5	0
334.999221	T7 promoter phi3.8	0
334.999221	T7 promoter phi4.3	0
334.999221	T7 promoter phi4.7	0
334.999221	T7 promoter phi4c	0
334.999221	T7 promoter phi6.5	0
334.999221	T7 promoter phi9	0
334.999221	bound_ecolipol	106
334.999221	bound_ecolipol_p	1571
334.999221	bound_ribosome	9751
334.999221	degraded_transcript	6167
334.999221	ecoli_genome	123
334.999221	ecoli_transcript	17090
334.999221	ecolipol	0
334.999221	ecolipol-2	0
334.999221	ecolipol-2-p	0
334.999221	ecolipol-p	122
334.999221	gene 0.3	212
334.999221	gene 1.1	40
334.999221	gene 1.2	48
334.999221	gene 1.3	18
334.999221	gp-2	0
334.999221	lysozyme-3.5	0
334.999221	protein_kinase-0.7	94
334.999221	rbs	17
334.999221	ribosome	12
334.999221	rnapol-1	36
334.999221	rnapol-3.5	0
339.999248	E. coli B promoter	1
339.999248	E. coli C promoter	1
339.999248	E. coli promoter A1	1
339.999248	E. coli promoter A2	1
339.999248	E. coli promoter A3	1
339.999248	T7 promoter phi1.1A	1
339.999248	T7 promoter phi1.1B	1
339.999248	T7 promoter phi1.3	1
339.999248	T7 promoter phi1.5	1
339.999248	T7 promoter phi1.6	1
339.999248	T7 promoter phi10	0
339.999248	T7 promoter phi13	0
339.999248	T7 promoter phi17	0
339.999248	T7 promoter phi2.5	0
339.999248	T7 promoter phi3.8	0
339.999248	T7 promoter phi4.3	0
339.999248	T7 promoter phi4.7	0
339.999248	T7 promoter phi4c	0
339.999248	T7 promoter phi6.5	0
339.999248	T7 promoter phi9	0
339.999248	bound_ecolipol	91
339.999248	bound_ecolipol_p	1582
339.999248	bound_ribosome	9764
339.999248	degraded_transcript	6324
339.999248	ecoli_genome	127
339.999248	ecoli_transcript	17252
339.999248	ecolipol	0
339.999248	ecolipol-2	0
339.999248	ecolipol-2-p	0
339.999248	ecolipol-p	127
339.999248	gene 0.3	219
339.999248	gene 1.1	45
339.999248	gene 1.2	55
339.999248	gene 1.3	21
339.999248	gp-2	0
339.999248	lysozyme-3.5	0
339.999248	protein_kinase-0.7	98
339.999248	rbs	27
339.999248	ribosome	10
339.999248	rnapol-1	41
339.999248	rnapol-3.5	0
344.999005	E. coli B promoter	1
344.999005	E. coli C promoter	1
344.999005	E. coli promoter A1	1
344.999005	E. coli promoter A2	1
344.999005	E. coli promoter A3	1
344.999005	T7 promoter phi1.1A	1
344.999005	T7 promoter phi1.1B	1
344.999005	T7 promoter phi1.3	1
344.999005	T7 promoter phi1.5	1
344.999005	T7 promoter phi1.6	1
344.999005	T7 promoter phi10	0
344.999005	T7 promoter phi13	0
344.999005	T7 promoter phi17	0
344.999005	T7 promoter phi2.5	1
344.999005	T7 promoter phi3.8	0
344.999005	T7 promoter phi4.3	0
344.999005	T7 promoter phi4.7	0
344.999005	T7 promoter phi4c	0
344.999005	T7 promoter phi6.5	0
344.999005	T7 promoter phi9	0
344.999005	bound_ecolipol	81
344.999005	bound_ecolipol_p	1599
344.999005	bound_ribosome	9750
344.999005	degraded_transcript	6500
344.999005	ecoli_genome	120
344.999005	ecoli_transcript	17424
344.999005	ecolipol	1
344.999005	ecolipol-2	0
344.999005	ecolipol-2-p	0
344.999005	ecolipol-p	119
344.999005	gene 0.3	225
344.999005	gene 1.1	49
344.999005	gene 1.2	57
344.999005	gene 1.3	24
344.999005	gene 1.5	1
344.999005	gp-2	0
344.999005	lysozyme-3.5	0
344.999005	protein_kinase-0.7	99
344.999005	rbs	25
344.999005	ribosome	12
344.999005	rnapol-1	46
344.999005	rnapol-3.5	0
349.999537	E. coli B promoter	1
349.999537	E. coli C promoter	1
349.999537	E. coli promoter A1	1
349.999537	E. coli promoter A2	1
349.999537	E. coli promoter A3	1
349.999537	T7 promoter phi1.1A	1
349.999537	T7 promoter phi1.1B	1
349.999537	T7 promoter phi1.3	1
349.999537	T7 promoter phi1.5	1
349.999537	T7 promoter phi1.6	1
349.999537	T7 promoter phi10	0
349.999537	T7 promoter phi13	0
349.999537	T7 promoter phi17	0
349.999537	T7 promoter phi2.5	1
349.999537	T7 promoter phi3.8	0
349.999537	T7 promoter phi4.3	0
349.999537	T7 promoter phi4.7	0
349.999537	T7 promoter phi4c	0
349.999537	T7 promoter phi6.5	0
349.999537	T7 promoter phi9	0
349.999537	bound_ecolipol	67
349.999537	bound_ecolipol_p	1604
349.999537	bound_ribosome	9746
349.999537	degraded_transcript	6653
349.999537	ecoli_genome	129
349.999537	ecoli_transcript	17637
349.999537	ecolipol	0
349.999537	ecolipol-2	0
349.999537	ecolipol-2-p	0
349.999537	ecolipol-p	129
349.999537	gene 0.3	228
349.999537	gene 1.1	55
349.999537	gene 1.2	64
349.999537	gene 1.3	29
349.999537	gene 1.5	2
349.999537	gp-2	0
349.999537	lysozyme-3.5	0
349.999537	protein_kinase-0.7	101
349.999537	rbs	29
349.999537	ribosome	16
349.999537	rnapol-1	51
349.999537	rnapol-3.5	0
354.999030	E. coli B promoter	1
354.999030	E. coli C promoter	1
354.999030	E. coli promoter A1	1
354.999030	E. coli promoter A2	1
354.999030	E. coli promoter A3	1
354.999030	T7 promoter phi1.1A	1
354.999030	T7 promoter phi1.1B	1
354.999030	T7 promoter phi1.3	1
354.999030	T7 promoter phi1.5	1
354.999030	T7 promoter phi1.6	1
354.999030	T7 promoter phi10	0
354.999030	T7 promoter phi13	0
354.999030	T7 promoter phi17	0
354.999030	T7 promoter phi2.5	1
354.999030	T7 promoter phi3.8	1
354.999030	T7 promoter phi4.3	0
354.999030	T7 promoter phi4.7	0
354.999030	T7 promoter phi4c	0
354.999030	T7 promoter phi6.5	0
354.999030	T7 promoter phi9	0
354.999030	bound_ecolipol	57
354.999030	bound_ecolipol_p	1624
354.999030	bound_ribosome	9730
354.999030	degraded_transcript	6811
354.999030	ecoli_genome	119
354.999030	ecoli_transcript	17825
354.999030	ecolipol	0
354.999030	ecolipol-2	0
354.999030	ecolipol-2-p	0
354.999030	ecolipol-p	119
354.999030	gene 0.3	233
354.999030	gene 1.1	59
354.999030	gene 1.2	66
354.999030	gene 1.3	32
354.999030	gene 1.5	3
354.999030	gene 1.8	1
354.999030	gp-2	0
354.999030	lysozyme-3.5	0
354.999030	protein_kinase-0.7	105
354.999030	rbs	36
354.999030	ribosome	19
354.999030	rnapol-1	55
354.999030	rnapol-3.5	0
359.999096	E. coli B promoter	1
359.999096	E. coli C promoter	1
359.999096	E. coli promoter A1	1
359.999096	E. coli promoter A2	1
359.999096	E. coli promoter A3	1
359.999096	T7 promoter phi1.1A	1
359.999096	T7 promoter phi1.1B	1
359.999096	T7 promoter phi1.3	1
359.999096	T7 promoter phi1.5	1
359.999096	T7 promoter phi1.6	1
359.999096	T7 promoter phi10	0
359.999096	T7 promoter phi13	0
359.999096	T7 promoter phi17	0
359.999096	T7 promoter phi2.5	1
359.999096	T7 promoter phi3.8	1
359.999096	T7 promoter phi4.3	0
359.999096	T7 promoter phi4.7	0
359.999096	T7 promoter phi4c	0
359.999096	T7 promoter phi6.5	0
359.999096	T7 promoter phi9	0
359.999096	bound_ecolipol	48
359.999096	bound_ecolipol_p	1610
359.999096	bound_ribosome	9711
359.999096	degraded_transcript	6995
359.999096	ecoli_genome	142
359.999096	ecoli_transcript	18018
359.999096	ecolipol	0
359.999096	ecolipol-2	0
359.999096	ecolipol-2-p	0
359.999096	ecolipol-p	142
359.999096	gene 0.3	238
359.999096	gene 1.1	61
359.999096	gene 1.2	70
359.999096	gene 1.3	34
359.999096	gene 1.5	3
359.999096	gene 1.8	2
359.999096	gp-2	1
359.999096	lysozyme-3.5	0
359.999096	protein_kinase-0.7	109
359.999096	rbs	43
359.999096	ribosome	16
359.999096	rnapol-1	58
359.999096	rnapol-3.5	0
364.999114	E. coli B promoter	1
364.999114	E. coli C promoter	1
364.999114	E. coli promoter A1	1
364.999114	E. coli promoter A2	1
364.999114	E. coli promoter A3	1
364.999114	T7 promoter phi1.1A	1
364.999114	T7 promoter phi1.1B	1
364.999114	T7 promoter phi1.3	0
364.999114	T7 promoter phi1.5	1
364.999114	T7 promoter phi1.6	1
364.999114	T7 promoter phi10	0
364.999114	T7 promoter phi13	0
364.999114	T7 promoter phi17	0
364.999114	T7 promoter phi2.5	1
364.999114	T7 promoter phi3.8	0
364.999114	T7 promoter phi4.3	1
364.999114	T7 promoter phi4.7	0
364.999114	T7 promoter phi4c	1
364.999114	T7 promoter phi6.5	0
364.999114	T7 promoter phi9	0
364.999114	bound_ecolipol	41
364.999114	bound_ecolipol_p	1653
364.999114	bound_ribosome	9682
364.999114	degraded_transcript	7172
364.999114	ecoli_genome	106
364.999114	ecoli_transcript	18219
364.999114	ecolipol	1
364.999114	ecolipol-2	0
364.999114	ecolipol-2-p	0
364.999114	ecolipol-p	105
364.999114	gene 0.3	242
364.999114	gene 1.1	63
364.999114	gene 1.2	74
364.999114	gene 1.3	38
364.999114	gene 1.5	3
364.999114	gene 1.6	2
364.999114	gene 1.8	2
364.999114	gp-2	2
364.999114	lysozyme-3.5	0
364.999114	protein_kinase-0.7	111
364.999114	rbs	57
364.999114	ribosome	15
364.999114	rnapol-1	60
364.999114	rnapol-3.5	0
369.999142	E. coli B promoter	1
369.999142	E. coli C promoter	1
369.999142	E. coli promoter A1	1
369.999142	E. coli promoter A2	1
369.999142	E. coli promoter A3	1
369.999142	T7 promoter phi1.1A	1
369.999142	T7 promoter phi1.1B	1
369.999142	T7 promoter phi1.3	1
369.999142	T7 promoter phi1.5	0
369.999142	T7 promoter phi1.6	1
369.999142	T7 promoter phi10	0
369.999142	T7 promoter phi13	0
369.999142	T7 promoter phi17	0
369.999142	T7 promoter phi2.5	1
369.999142	T7 promoter phi3.8	1
369.999142	T7 promoter phi4.3	0
369.999142	T7 promoter phi4.7	1
369.999142	T7 promoter phi4c	1
369.999142	T7 promoter phi6.5	0
369.999142	T7 promoter phi9	0
369.999142	bound_ecolipol	36
369.999142	bound_ecolipol_p	1640
369.999142	bound_ribosome	9651
369.999142	degraded_transcript	7335
369.999142	ecoli_genome	124
369.999142	ecoli_transcript	18418
369.999142	ecolipol	0
369.999142	ecolipol-2	0
369.999142	ecolipol-2-p	3
369.999142	ecolipol-p	121
369.999142	gene 0.3	247
369.999142	gene 1.1	71
369.999142	gene 1.2	78
369.999142	gene 1.3	41
369.999142	gene 1.4	1
369.999142	gene 1.5	4
369.999142	gene 1.6	3
369.999142	gene 1.8	3
369.999142	gp-2	1
369.999142	lysozyme-3.5	0
369.999142	protein_kinase-0.7	114
369.999142	rbs	61
369.999142	ribosome	14
369.999142	rnapol-1	66
369.999142	rnapol-3.5	0
374.999036	E. coli B promoter	1
374.999036	E. coli C promoter	1
374.999036	E. coli promoter A1	1
374.999036	E. coli promoter A2	1
374.999036	E. coli promoter A3	1
374.999036	T7 promoter phi1.1A	1
374.999036	T7 promoter phi1.1B	1
374.999036	T7 promoter phi1.3	1
374.999036	T7 promoter phi1.5	1
374.999036	T7 promoter phi1.6	1
374.999036	T7 promoter phi10	0
374.999036	T7 promoter phi13	0
374.999036	T7 promoter phi17	0
374.999036	T7 promoter phi2.5	1
374.999036	T7 promoter phi3.8	1
374.999036	T7 promoter phi4.3	0
374.999036	T7 promoter phi4.7	0
374.999036	T7 promoter phi4c	1
374.999036	T7 promoter phi6.5	0
374.999036	T7 promoter phi9	0
374.999036	bound_ecolipol	30
374.999036	bound_ecolipol_p	1650
374.999036	bound_ribosome	9624
374.999036	degraded_transcript	7501
374.999036	ecoli_genome	120
374.999036	ecoli_transcript	18607
374.999036	ecolipol	0
374.999036	ecolipol-2	0
374.999036	ecolipol-2-p	5
374.999036	ecolipol-p	115
374.999036	gene 0.3	252
374.999036	gene 1.1	79
374.999036	gene 1.2	83
374.999036	gene 1.3	44
374.999036	gene 1.4	1
374.999036	gene 1.5	4
374.999036	gene 1.6	3
374.999036	gene 1.7	1
374.999036	gene 1.8	4
374.999036	gene 2.8	3
374.999036	gene 3	1
374.999036	gene 3.8	1
374.999036	gene 4.3	1
374.999036	gp-2	0
374.999036	lysozyme-3.5	0
374.999036	protein_kinase-0.7	119
374.999036	rbs	82
374.999036	ribosome	11
374.999036	rnapol-1	70
374.999036	rnapol-3.5	1
379.999013	E. coli B promoter	1
379.999013	E. coli C promoter	1
379.999013	E. coli promoter A1	1
379.999013	E. coli promoter A2	1
379.999013	E. coli promoter A3	1
379.999013	T7 promoter phi1.1A	1
379.999013	T7 promoter phi1.1B	1
379.999013	T7 promoter phi1.3	1
379.999013	T7 promoter phi1.5	1
379.999013	T7 promoter phi1.6	1
379.999013	T7 promoter phi10	0
379.999013	T7 promoter phi13	0
379.999013	T7 promoter phi17	0
379.999013	T7 promoter phi2.5	1
379.999013	T7 promoter phi3.8	1
379.999013	T7 promoter phi4.3	1
379.999013	T7 promoter phi4.7	1
379.999013	T7 promoter phi4c	1
379.999013	T7 promoter phi6.5	0
379.999013	T7 promoter phi9	0
379.999013	bound_ecolipol	26
379.999013	bound_ecolipol_p	1643
379.999013	bound_ribosome	9589
379.999013	degraded_transcript	7670
379.999013	ecoli_genome	131
379.999013	ecoli_transcript	18796
379.999013	ecolipol	0
379.999013	ecolipol-2	0
379.999013	ecolipol-2-p	6
379.999013	ecolipol-p	125
379.999013	gene 0.3	259
379.999013	gene 1.1	88
379.999013	gene 1.2	87
379.999013	gene 1.3	49
379.999013	gene 1.4	3
379.999013	gene 1.5	7
379.999013	gene 1.6	4
379.999013	gene 1.7	3
379.999013	gene 1.8	6
379.999013	gene 2.5	2
379.999013	gene 2.8	6
379.999013	gene 3	2
379.999013	gene 3.8	1
379.999013	gene 4.2	1
379.999013	gene 4.3	1
379.999013	gene 4.5	2
379.999013	gp-2	0
379.999013	lysozyme-3.5	2
379.999013	protein_kinase-0.7	124
379.999013	rbs	99
379.999013	ribosome	11
379.999013	rnapol-1	70
379.999013	rnapol-3.5	2
384.999036	E. coli B promoter	1
384.999036	E. coli C promoter	1
384.999036	E. coli promoter A1	1
384.999036	E. coli promoter A2	1
384.999036	E. coli promoter A3	1
384.999036	T7 promoter phi1.1A	1
384.999036	T7 promoter phi1.1B	1
384.999036	T7 promoter phi1.3	1
384.999036	T7 promoter phi1.5	1
384.999036	T7 promoter phi1.6	1
384.999036	T7 promoter phi10	0
384.999036	T7 promoter phi13	0
384.999036	T7 promoter phi17	0
384.999036	T7 promoter phi2.5	1
384.999036	T7 promoter phi3.8	0
384.999036	T7 promoter phi4.3	1
384.999036	T7 promoter phi4.7	1
384.999036	T7 promoter phi4c	1
384.999036	T7 promoter phi6.5	0
384.999036	T7 promoter phi9	0
384.999036	bound_ecolipol	21
384.999036	bound_ecolipol_p	1653
384.999036	bound_ribosome	9532
384.999036	degraded_transcript	7856
384.999036	ecoli_genome	126
384.999036	ecoli_transcript	18994
384.999036	ecolipol	0
384.999036	ecolipol-2	0
384.999036	ecolipol-2-p	7
384.999036	ecolipol-p	119
384.999036	gene 0.3	262
384.999036	gene 1.1	97
384.999036	gene 1.2	93
384.999036	gene 1.3	53
384.999036	gene 1.4	6
384.999036	gene 1.5	8
384.999036	gene 1.6	6
384.999036	gene 1.7	5
384.999036	gene 1.8	10
384.999036	gene 2.5	5
384.999036	gene 2.8	9
384.999036	gene 3	7
384.999036	gene 3.8	4
384.999036	gene 4.2	1
384.999036	gene 4.3	2
384.999036	gene 4.5	3
384.999036	gp-2	0
384.999036	lysozyme-3.5	4
384.999036	protein_kinase-0.7	127
384.999036	rbs	112
384.999036	ribosome	11
384.999036	rnapol-1	71
384.999036	rnapol-3.5	4
389.999119	E. coli B promoter	1
389.999119	E. coli C promoter	1
389.999119	E. coli promoter A1	1
389.999119	E. coli promoter A2	1
389.999119	E. coli promoter A3	1
389.999119	T7 promoter phi1.1A	1
389.999119	T7 promoter phi1.1B	1
389.999119	T7 promoter phi1.3	1
389.999119	T7 promoter phi1.5	1
389.999119	T7 promoter phi1.6	1
389.999119	T7 promoter phi10	0
389.999119	T7 promoter phi13	0
389.999119	T7 promoter phi17	0
389.999119	T7 promoter phi2.5	1
389.999119	T7 promoter phi3.8	1
389.999119	T7 promoter phi4.3	1
389.999119	T7 promoter phi4.7	1
389.999119	T7 promoter phi4c	1
389.999119	T7 promoter phi6.5	1
389.999119	T7 promoter phi9	0
389.999119	bound_ecolipol	18
389.999119	bound_ecolipol_p	1665
389.999119	bound_ribosome	9482
389.999119	degraded_transcript	8039
389.999119	ecoli_genome	117
389.999119	ecoli_transcript	19221
389.999119	ecolipol	1
389.999119	ecolipol-2	0
389.999119	ecolipol-2-p	8
389.999119	ecolipol-p	108
389.999119	gene 0.3	268
389.999119	gene 1.1	108
389.999119	gene 1.2	100
389.999119	gene 1.3	58
389.999119	gene 1.4	10
389.999119	gene 1.5	12
389.999119	gene 1.6	10
389.999119	gene 1.7	7
389.999119	gene 1.8	14
389.999119	gene 2.5	9
389.999119	gene 2.8	12
389.999119	gene 3	12
389.999119	gene 3.8	6
389.999119	gene 4.2	1
389.999119	gene 4.3	5
389.999119	gene 4.5	10
389.999119	gene 4.7	1
389.999119	gene 5.7	1
389.999119	gp-2	1
389.999119	lysozyme-3.5	2
389.999119	protein_kinase-0.7	130
389.999119	rbs	143
389.999119	ribosome	10
389.999119	rnapol-1	72
389.999119	rnapol-3.5	7
394.999009	E. coli B promoter	1
394.999009	E. coli C promoter	1
394.999009	E. coli promoter A1	1
394.999009	E. coli promoter A2	1
394.999009	E. coli promoter A3	1
394.999009	T7 promoter phi1.1A	1
394.999009	T7 promoter phi1.1B	1
394.999009	T7 promoter phi1.3	1
394.999009	T7 promoter phi1.5	1
394.999009	T7 promoter phi1.6	1
394.999009	T7 promoter phi10	0
394.999009	T7 promoter phi13	0
394.999009	T7 promoter phi17	0
394.999009	T7 promoter phi2.5	0
394.999009	T7 promoter phi3.8	1
394.999009	T7 promoter phi4.3	1
394.999009	T7 promoter phi4.7	1
394.999009	T7 promoter phi4c	1
394.999009	T7 promoter phi6.5	1
394.999009	T7 promoter phi9	0
394.999009	bound_ecolipol	13
394.999009	bound_ecolipol_p	1670
394.999009	bound_ribosome	9427
394.999009	degraded_transcript	8216
394.999009	ecoli_genome	117
394.999009	ecoli_transcript	19450
394.999009	ecolipol	0
394.999009	ecolipol-2	0
394.999009	ecolipol-2-p	10
394.999009	ecolipol-p	107
394.999009	gene 0.3	274
394.999009	gene 1.1	118
394.999009	gene 1.2	106
394.999009	gene 1.3	60
394.999009	gene 1.4	16
394.999009	gene 1.5	15
394.999009	gene 1.6	15
394.999009	gene 1.7	9
394.999009	gene 1.8	16
394.999009	gene 2.5	14
394.999009	gene 2.8	17
394.999009	gene 3	14
394.999009	gene 3.8	11
394.999009	gene 4.2	1
394.999009	gene 4.3	10
394.999009	gene 4.5	14
394.999009	gene 4.7	3
394.999009	gene 5.3	1
394.999009	gene 5.5	1
394.999009	gene 5.7	2
394.999009	gene 6.3	2
394.999009	gp-2	1
394.999009	lysozyme-3.5	5
394.999009	protein_kinase-0.7	135
394.999009	rbs	175
394.999009	ribosome	6
394.999009	rnapol-1	73
394.999009	rnapol-3.5	8
399.999047	E. coli B promoter	1
399.999047	E. coli C promoter	1
399.999047	E. coli promoter A1	1
399.999047	E. coli promoter A2	1
399.999047	E. coli promoter A3	1
399.999047	T7 promoter phi1.1A	1
399.999047	T7 promoter phi1.1B	1
399.999047	T7 promoter phi1.3	1
399.999047	T7 promoter phi1.5	1
399.999047	T7 promoter phi1.6	1
399.999047	T7 promoter phi10	0
399.999047	T7 promoter phi13	0
399.999047	T7 promoter phi17	0
399.999047	T7 promoter phi2.5	1
399.999047	T7 promoter phi3.8	1
399.999047	T7 promoter phi4.3	1
399.999047	T7 promoter phi4.7	1
399.999047	T7 promoter phi4c	1
399.999047	T7 promoter phi6.5	1
399.999047	T7 promoter phi9	0
399.999047	bound_ecolipol	13
399.999047	bound_ecolipol_p	1662
399.999047	bound_ribosome	9347
399.999047	degraded_transcript	8390
399.999047	ecoli_genome	125
399.999047	ecoli_transcript	19703
399.999047	ecolipol	0
399.999047	ecolipol-2	0
399.999047	ecolipol-2-p	15
399.999047	ecolipol-p	110
399.999047	gene 0.3	278
399.999047	gene 1.1	120
399.999047	gene 1.2	116
399.999047	gene 1.3	63
399.999047	gene 1.4	19
399.999047	gene 1.5	23
399.999047	gene 1.6	17
399.999047	gene 1.7	11
399.999047	gene 1.8	19
399.999047	gene 2.5	17
399.999047	gene 2.8	20
399.999047	gene 3	15
399.999047	gene 3.8	13
399.999047	gene 4.2	6
399.999047	gene 4.3	14
399.999047	gene 4.5	18
399.999047	gene 4.7	6
399.999047	gene 5.3	2
399.999047	gene 5.5	1
399.999047	gene 5.7	5
399.999047	gene 5.9	4
399.999047	gene 6.3	4
399.999047	gene 6.5	1
399.999047	gp-2	1
399.999047	lysozyme-3.5	11
399.999047	protein_kinase-0.7	139
399.999047	rbs	205
399.999047	ribosome	8
399.999047	rnapol-1	80
399.999047	rnapol-3.5	5
404.999061	E. coli B promoter	1
404.999061	E. coli C promoter	1
404.999061	E. coli promoter A1	1
404.999061	E. coli promoter A2	1
404.999061	E. coli promoter A3	1
404.999061	T7 promoter phi1.1A	1
404.999061	T7 promoter phi1.1B	1
404.999061	T7 promoter phi1.3	0
404.999061	T7 promoter phi1.5	1
404.999061	T7 promoter phi1.6	1
404.999061	T7 promoter phi10	1
404.999061	T7 promoter phi13	0
404.999061	T7 promoter phi17	0
404.999061	T7 promoter phi2.5	1
404.999061	T7 promoter phi3.8	1
404.999061	T7 promoter phi4.3	1
404.999061	T7 promoter phi4.7	1
404.999061	T7 promoter phi4c	1
404.999061	T7 promoter phi6.5	1
404.999061	T7 promoter phi9	1
404.999061	bound_ecolipol	10
404.999061	bound_ecolipol_p	1656
404.999061	bound_ribosome	9272
404.999061	degraded_transcript	8585
404.999061	ecoli_genome	134
404.999061	ecoli_transcript	19899
404.999061	ecolipol	0
404.999061	ecolipol-2	0
404.999061	ecolipol-2-p	19
404.999061	ecolipol-p	115
404.999061	gene 0.3	284
404.999061	gene 1.1	131
404.999061	gene 1.2	124
404.999061	gene 1.3	69
404.999061	gene 1.4	25
404.999061	gene 1.5	28
404.999061	gene 1.6	22
404.999061	gene 1.7	18
404.999061	gene 1.8	25
404.999061	gene 2.5	28
404.999061	gene 2.8	26
404.999061	gene 3	20
404.999061	gene 3.8	19
404.999061	gene 4.2	8
404.999061	gene 4.3	18
404.999061	gene 4.5	22
404.999061	gene 4.7	11
404.999061	gene 5.3	5
404.999061	gene 5.5	4
404.999061	gene 5.7	9
404.999061	gene 5.9	6
404.999061	gene 6.3	7
404.999061	gene 6.5	1
404.999061	gene 6.7	2
404.999061	gene 7.3	2
404.999061	gp-2	3
404.999061	lysozyme-3.5	11
404.999061	protein_kinase-0.7	143
404.999061	rbs	236
404.999061	ribosome	8
404.999061	rnapol-1	74
404.999061	rnapol-3.5	12
409.999016	E. coli B promoter	1
409.999016	E. coli C promoter	1
409.999016	E. coli promoter A1	1
409.999016	E. coli promoter A2	1
409.999016	E. coli promoter A3	1
409.999016	T7 promoter phi1.1A	1
409.999016	T7 promoter phi1.1B	1
409.999016	T7 promoter phi1.3	1
409.999016	T7 promoter phi1.5	1
409.999016	T7 promoter phi1.6	1
409.999016	T7 promoter phi10	0
409.999016	T7 promoter phi13	0
409.999016	T7 promoter phi17	0
409.999016	T7 promoter phi2.5	1
409.999016	T7 promoter phi3.8	1
409.999016	T7 promoter phi4.3	1
409.999016	T7 promoter phi4.7	1
409.999016	T7 promoter phi4c	1
409.999016	T7 promoter phi6.5	1
409.999016	T7 promoter phi9	1
409.999016	bound_ecolipol	10
409.999016	bound_ecolipol_p	1655
409.999016	bound_ribosome	9210
409.999016	degraded_transcript	8772
409.999016	ecoli_genome	135
409.999016	ecoli_transcript	20101
409.999016	ecolipol	0
409.999016	ecolipol-2	0
409.999016	ecolipol-2-p	26
409.999016	ecolipol-p	109
409.999016	gene 0.3	287
409.999016	gene 1.1	140
409.999016	gene 1.2	133
409.999016	gene 1.3	74
409.999016	gene 1.4	33
409.999016	gene 1.5	35
409.999016	gene 1.6	28
409.999016	gene 1.7	22
409.999016	gene 1.8	31
409.999016	gene 2.5	36
409.999016	gene 2.8	29
409.999016	gene 3	26
409.999016	gene 3.8	28
409.999016	gene 4.2	13
409.999016	gene 4.3	25
409.999016	gene 4.5	29
409.999016	gene 4.7	12
409.999016	gene 5.3	6
409.999016	gene 5.5	8
409.999016	gene 5.7	10
409.999016	gene 5.9	11
409.999016	gene 6.3	10
409.999016	gene 6.5	4
409.999016	gene 6.7	2
409.999016	gene 7	3
409.999016	gene 7.3	3
409.999016	gp-2	3
409.999016	lysozyme-3.5	11
409.999016	protein_kinase-0.7	148
409.999016	rbs	264
409.999016	ribosome	14
409.999016	rnapol-1	62
409.999016	rnapol-3.5	18
414.999068	E. coli B promoter	1
414.999068	E. coli C promoter	1
414.999068	E. coli promoter A1	1
414.999068	E. coli promoter A2	1
414.999068	E. coli promoter A3	1
414.999068	T7 promoter phi1.1A	1
414.999068	T7 promoter phi1.1B	1
414.999068	T7 promoter phi1.3	1
414.999068	T7 promoter phi1.5	1
414.999068	T7 promoter phi1.6	1
414.999068	T7 promoter phi10	0
414.999068	T7 promoter phi13	0
414.999068	T7 promoter phi17	0
414.999068	T7 promoter phi2.5	1
414.999068	T7 promoter phi3.8	1
414.999068	T7 promoter phi4.3	1
414.999068	T7 promoter phi4.7	1
414.999068	T7 promoter phi4c	1
414.999068	T7 promoter phi6.5	1
414.999068	T7 promoter phi9	1
414.999068	bound_ecolipol	8
414.999068	bound_ecolipol_p	1652
414.999068	bound_ribosome	9147
414.999068	degraded_transcript	8980
414.999068	ecoli_genome	140
414.999068	ecoli_transcript	20300
414.999068	ecolipol	0
414.999068	ecolipol-2	0
414.999068	ecolipol-2-p	31
414.999068	ecolipol-p	109
414.999068	gene 0.3	291
414.999068	gene 1.1	151
414.999068	gene 1.2	144
414.999068	gene 1.3	79
414.999068	gene 1.4	39
414.999068	gene 1.5	38
414.999068	gene 1.6	33
414.999068	gene 1.7	26
414.999068	gene 1.8	37
414.999068	gene 2.5	44
414.999068	gene 2.8	35
414.999068	gene 3	31
414.999068	gene 3.8	36
414.999068	gene 4.2	19
414.999068	gene 4.3	31
414.999068	gene 4.5	38
414.999068	gene 4.7	16
414.999068	gene 5.3	11
414.999068	gene 5.5	12
414.999068	gene 5.7	13
414.999068	gene 5.9	16
414.999068	gene 6.3	13
414.999068	gene 6.5	6
414.999068	gene 6.7	9
414.999068	gene 7	4
414.999068	gene 7.3	8
414.999068	gene 7.7	2
414.999068	gp-2	4
414.999068	lysozyme-3.5	18
414.999068	protein_kinase-0.7	153
414.999068	rbs	324
414.999068	ribosome	12
414.999068	rnapol-1	66
414.999068	rnapol-3.5	17
419.999007	E. coli B promoter	1
419.999007	E. coli C promoter	1
419.999007	E. coli promoter A1	1
419.999007	E. coli promoter A2	1
419.999007	E. coli promoter A3	1
419.999007	T7 promoter phi1.1A	1
419.999007	T7 promoter phi1.1B	1
419.999007	T7 promoter phi1.3	1
419.999007	T7 promoter phi1.5	0
419.999007	T7 promoter phi1.6	1
419.999007	T7 promoter phi10	1
419.999007	T7 promoter phi13	0
419.999007	T7 promoter phi17	0
419.999007	T7 promoter phi2.5	1
419.999007	T7 promoter phi3.8	1
419.999007	T7 promoter phi4.3	1
419.999007	T7 promoter phi4.7	1
419.999007	T7 promoter phi4c	1
419.999007	T7 promoter phi6.5	1
419.999007	T7 promoter phi9	1
419.999007	bound_ecolipol	7
419.999007	bound_ecolipol_p	1654
419.999007	bound_ribosome	9038
419.999007	degraded_transcript	9179
419.999007	ecoli_genome	139
419.999007	ecoli_transcript	20549
419.999007	ecolipol	0
419.999007	ecolipol-2	0
419.999007	ecolipol-2-p	34
419.999007	ecolipol-p	105
419.999007	gene 0.3	297
419.999007	gene 1.1	164
419.999007	gene 1.2	151
419.999007	gene 1.3	85
419.999007	gene 1.4	47
419.999007	gene 1.5	43
419.999007	gene 1.6	37
419.999007	gene 1.7	31
419.999007	gene 1.8	44
419.999007	gene 2.5	49
419.999007	gene 2.8	43
419.999007	gene 3	37
419.999007	gene 3.8	42
419.999007	gene 4.2	25
419.999007	gene 4.3	37
419.999007	gene 4.5	45
419.999007	gene 4.7	25
419.999007	gene 5.3	14
419.999007	gene 5.5	16
419.999007	gene 5.7	18
419.999007	gene 5.9	20
419.999007	gene 6.3	16
419.999007	gene 6.5	11
419.999007	gene 6.7	12
419.999007	gene 7	7
419.999007	gene 7.3	12
419.999007	gene 7.7	4
419.999007	gp-2	6
419.999007	lysozyme-3.5	18
419.999007	protein_kinase-0.7	158
419.999007	rbs	345
419.999007	ribosome	17
419.999007	rnapol-1	70
419.999007	rnapol-3.5	26
424.999075	E. coli B promoter	1
424.999075	E. coli C promoter	1
424.999075	E. coli promoter A1	1
424.999075	E. coli promoter A2	1
424.999075	E. coli promoter A3	1
424.999075	T7 promoter phi1.1A	1
424.999075	T7 promoter phi1.1B	1
424.999075	T7 promoter phi1.3	1
424.999075	T7 promoter phi1.5	1
424.999075	T7 promoter phi1.6	1
424.999075	T7 promoter phi10	1
424.999075	T7 promoter phi13	0
424.999075	T7 promoter phi17	0
424.999075	T7 promoter phi2.5	1
424.999075	T7 promoter phi3.8	1
424.999075	T7 promoter phi4.3	1
424.999075	T7 promoter phi4.7	1
424.999075	T7 promoter phi4c	1
424.999075	T7 promoter phi6.5	1
424.999075	T7 promoter phi9	1
424.999075	bound_ecolipol	6
424.999075	bound_ecolipol_p	1647
424.999075	bound_ribosome	8943
424.999075	degraded_transcript	9380
424.999075	ecoli_genome	147
424.999075	ecoli_transcript	20761
424.999075	ecolipol	0
424.999075	ecolipol-2	0
424.999075	ecolipol-2-p	38
424.999075	ecolipol-p	109
424.999075	gene 0.3	301
424.999075	gene 1.1	172
424.999075	gene 1.2	156
424.999075	gene 1.3	95
424.999075	gene 1.4	56
424.999075	gene 1.5	50
424.999075	gene 1.6	44
424.999075	gene 1.7	38
424.999075	gene 1.8	49
424.999075	gene 2.5	59
424.999075	gene 2.8	53
424.999075	gene 3	50
424.999075	gene 3.8	55
424.999075	gene 4.2	31
424.999075	gene 4.3	45
424.999075	gene 4.5	53
424.999075	gene 4.7	36
424.999075	gene 5.3	17
424.999075	gene 5.5	20
424.999075	gene 5.7	25
424.999075	gene 5.9	29
424.999075	gene 6	1
424.999075	gene 6.3	24
424.999075	gene 6.5	16
424.999075	gene 6.7	16
424.999075	gene 7	16
424.999075	gene 7.3	13
424.999075	gene 7.7	8
424.999075	gp-2	5
424.999075	lysozyme-3.5	22
424.999075	protein_kinase-0.7	159
424.999075	rbs	370
424.999075	ribosome	13
424.999075	rnapol-1	69
424.999075	rnapol-3.5	25
429.999006	E. coli B promoter	1
429.999006	E. coli C promoter	1
429.999006	E. coli promoter A1	1
429.999006	E. coli promoter A2	1
429.999006	E. coli promoter A3	1
429.999006	T7 promoter phi1.1A	1
429.999006	T7 promoter phi1.1B	1
429.999006	T7 promoter phi1.3	1
429.999006	T7 promoter phi1.5	1
429.999006	T7 promoter phi1.6	0
429.999006	T7 promoter phi10	0
429.999006	T7 promoter phi13	0
429.999006	T7 promoter phi17	0
429.999006	T7 promoter phi2.5	1
429.999006	T7 promoter phi3.8	1
429.999006	T7 promoter phi4.3	1
429.999006	T7 promoter phi4.7	1
429.999006	T7 promoter phi4c	1
429.999006	T7 promoter phi6.5	1
429.999006	T7 promoter phi9	1
429.999006	bound_ecolipol	6
429.999006	bound_ecolipol_p	1661
429.999006	bound_ribosome	8833
429.999006	degraded_transcript	9580
429.999006	ecoli_genome	133
429.999006	ecoli_transcript	20984
429.999006	ecolipol	0
429.999006	ecolipol-2	0
429.999006	ecolipol-2-p	40
429.999006	ecolipol-p	93
429.999006	gene 0.3	307
429.999006	gene 1.1	179
429.999006	gene 1.2	165
429.999006	gene 1.3	106
429.999006	gene 1.4	65
429.999006	gene 1.5	58
429.999006	gene 1.6	51
429.999006	gene 1.7	44
429.999006	gene 1.8	53
429.999006	gene 2.5	70
429.999006	gene 2.8	62
429.999006	gene 3	53
429.999006	gene 3.8	64
429.999006	gene 4.2	35
429.999006	gene 4.3	51
429.999006	gene 4.5	58
429.999006	gene 4.7	52
429.999006	gene 5.3	26
429.999006	gene 5.5	27
429.999006	gene 5.7	30
429.999006	gene 5.9	37
429.999006	gene 6	3
429.999006	gene 6.3	30
429.999006	gene 6.5	20
429.999006	gene 6.7	21
429.999006	gene 7	19
429.999006	gene 7.3	22
429.999006	gene 7.7	15
429.999006	gp-2	8
429.999006	lysozyme-3.5	32
429.999006	protein_kinase-0.7	166
429.999006	rbs	429
429.999006	ribosome	12
429.999006	rnapol-1	71
429.999006	rnapol-3.5	25
434.999029	E. coli B promoter	1
434.999029	E. coli C promoter	1
434.999029	E. coli promoter A1	1
434.999029	E. coli promoter A2	1
434.999029	E. coli promoter A3	1
434.999029	T7 promoter phi1.1A	1
434.999029	T7 promoter phi1.1B	1
434.999029	T7 promoter phi1.3	1
434.999029	T7 promoter phi1.5	1
434.999029	T7 promoter phi1.6	1
434.999029	T7 promoter phi10	1
434.999029	T7 promoter phi13	1
434.999029	T7 promoter phi17	0
434.999029	T7 promoter phi2.5	1
434.999029	T7 promoter phi3.8	0
434.999029	T7 promoter phi4.3	1
434.999029	T7 promoter phi4.7	1
434.999029	T7 promoter phi4c	1
434.999029	T7 promoter phi6.5	1
434.999029	T7 promoter phi9	1
434.999029	bound_ecolipol	3
434.999029	bound_ecolipol_p	1649
434.999029	bound_ribosome	8714
434.999029	degraded_transcript	9782
434.999029	ecoli_genome	148
434.999029	ecoli_transcript	21252
434.999029	ecolipol	0
434.999029	ecolipol-2	0
434.999029	ecolipol-2-p	46
434.999029	ecolipol-p	102
434.999029	gene 0.3	313
434.999029	gene 1.1	187
434.999029	gene 1.2	169
434.999029	gene 1.3	115
434.999029	gene 1.4	76
434.999029	gene 1.5	67
434.999029	gene 1.6	59
434.999029	gene 1.7	49
434.999029	gene 1.8	60
434.999029	gene 2.5	74
434.999029	gene 2.8	73
434.999029	gene 3	58
434.999029	gene 3.8	81
434.999029	gene 4.2	40
434.999029	gene 4.3	59
434.999029	gene 4.5	69
434.999029	gene 4.7	61
434.999029	gene 5.3	34
434.999029	gene 5.5	37
434.999029	gene 5.7	38
434.999029	gene 5.9	49
434.999029	gene 6	5
434.999029	gene 6.3	41
434.999029	gene 6.5	25
434.999029	gene 6.7	29
434.999029	gene 7	23
434.999029	gene 7.3	27
434.999029	gene 7.7	19
434.999029	gp-2	9
434.999029	lysozyme-3.5	33
434.999029	protein_kinase-0.7	173
434.999029	rbs	476
434.999029	ribosome	12
434.999029	rnapol-1	66
434.999029	rnapol-3.5	26
439.999008	E. coli B promoter	1
439.999008	E. coli C promoter	1
439.999008	E. coli promoter A1	1
439.999008	E. coli promoter A2	1
439.999008	E. coli promoter A3	1
439.999008	T7 promoter phi1.1A	1
439.999008	T7 promoter phi1.1B	1
439.999008	T7 promoter phi1.3	1
439.999008	T7 promoter phi1.5	1
439.999008	T7 promoter phi1.6	1
439.999008	T7 promoter phi10	0
439.999008	T7 promoter phi13	1
439.999008	T7 promoter phi17	0
439.999008	T7 promoter phi2.5	1
439.999008	T7 promoter phi3.8	1
439.999008	T7 promoter phi4.3	1
439.999008	T7 promoter phi4.7	1
439.999008	T7 promoter phi4c	1
439.999008	T7 promoter phi6.5	1
439.999008	T7 promoter phi9	1
439.999008	bound_ecolipol	2
439.999008	bound_ecolipol_p	1647
439.999008	bound_ribosome	8611
439.999008	degraded_transcript	9993
439.999008	ecoli_genome	151
439.999008	ecoli_transcript	21445
439.999008	ecolipol	0
439.999008	ecolipol-2	0
439.999008	ecolipol-2-p	51
439.999008	ecolipol-p	100
439.999008	gene 0.3	316
439.999008	gene 1.1	193
439.999008	gene 1.2	178
439.999008	gene 1.3	123
439.999008	gene 1.4	83
439.999008	gene 1.5	73
439.999008	gene 1.6	66
439.999008	gene 1.7	53
439.999008	gene 1.8	66
439.999008	gene 2.5	86
439.999008	gene 2.8	85
439.999008	gene 3	67
439.999008	gene 3.8	89
439.999008	gene 4.2	48
439.999008	gene 4.3	71
439.999008	gene 4.5	84
439.999008	gene 4.7	73
439.999008	gene 4A	3
439.999008	gene 5.3	43
439.999008	gene 5.5	46
439.999008	gene 5.7	47
439.999008	gene 5.9	59
439.999008	gene 6	6
439.999008	gene 6.3	48
439.999008	gene 6.5	34
439.999008	gene 6.7	40
439.999008	gene 7	26
439.999008	gene 7.3	34
439.999008	gene 7.7	26
439.999008	gene 9	1
439.999008	gp-2	16
439.999008	lysozyme-3.5	34
439.999008	protein_kinase-0.7	178
439.999008	rbs	539
439.999008	ribosome	8
439.999008	rnapol-1	63
439.999008	rnapol-3.5	35
444.999024	E. coli B promoter	1
444.999024	E. coli C promoter	1
444.999024	E. coli promoter A1	1
444.999024	E. coli promoter A2	1
444.999024	E. coli promoter A3	1
444.999024	T7 promoter phi1.1A	1
444.999024	T7 promoter phi1.1B	1
444.999024	T7 promoter phi1.3	1
444.999024	T7 promoter phi1.5	1
444.999024	T7 promoter phi1.6	1
444.999024	T7 promoter phi10	0
444.999024	T7 promoter phi13	1
444.999024	T7 promoter phi17	0
444.999024	T7 promoter phi2.5	1
444.999024	T7 promoter phi3.8	1
444.999024	T7 promoter phi4.3	1
444.999024	T7 promoter phi4.7	1
444.999024	T7 promoter phi4c	1
444.999024	T7 promoter phi6.5	1
444.999024	T7 promoter phi9	1
444.999024	bound_ecolipol	2
444.999024	bound_ecolipol_p	1650
444.999024	bound_ribosome	8468
444.999024	degraded_transcript	10212
444.999024	ecoli_genome	148
444.999024	ecoli_transcript	21699
444.999024	ecolipol	0
444.999024	ecolipol-2	0
444.999024	ecolipol-2-p	59
444.999024	ecolipol-p	89
444.999024	gene 0.3	317
444.999024	gene 1.1	207
444.999024	gene 1.2	187
444.999024	gene 1.3	135
444.999024	gene 1.4	91
444.999024	gene 1.5	82
444.999024	gene 1.6	71
444.999024	gene 1.7	59
444.999024	gene 1.8	76
444.999024	gene 10A	1
444.999024	gene 2.5	99
444.999024	gene 2.8	91
444.999024	gene 3	78
444.999024	gene 3.8	99
444.999024	gene 4.2	61
444.999024	gene 4.3	87
444.999024	gene 4.5	94
444.999024	gene 4.7	86
444.999024	gene 4A	3
444.999024	gene 5.3	58
444.999024	gene 5.5	52
444.999024	gene 5.7	57
444.999024	gene 5.9	68
444.999024	gene 6	10
444.999024	gene 6.3	58
444.999024	gene 6.5	39
444.999024	gene 6.7	46
444.999024	gene 7	36
444.999024	gene 7.3	42
444.999024	gene 7.7	33
444.999024	gene 9	2
444.999024	gp-2	14
444.999024	lysozyme-3.5	35
444.999024	protein_kinase-0.7	182
444.999024	rbs	585
444.999024	ribosome	10
444.999024	rnapol-1	62
444.999024	rnapol-3.5	39
449.999044	E. coli B promoter	1
449.999044	E. coli C promoter	1
449.999044	E. coli promoter A1	1
449.999044	E. coli promoter A2	1
449.999044	E. coli promoter A3	1
449.999044	T7 promoter phi1.1A	1
449.999044	T7 promoter phi1.1B	1
449.999044	T7 promoter phi1.3	1
449.999044	T7 promoter phi1.5	1
449.999044	T7 promoter phi1.6	1
449.999044	T7 promoter phi10	0
449.999044	T7 promoter phi13	1
449.999044	T7 promoter phi17	0
449.999044	T7 promoter phi2.5	1
449.999044	T7 promoter phi3.8	1
449.999044	T7 promoter phi4.3	1
449.999044	T7 promoter phi4.7	1
449.999044	T7 promoter phi4c	1
449.999044	T7 promoter phi6.5	1
449.999044	T7 promoter phi9	1
449.999044	bound_ecolipol	2
449.999044	bound_ecolipol_p	1647
449.999044	bound_ribosome	8334
449.999044	degraded_transcript	10405
449.999044	ecoli_genome	151
449.999044	ecoli_transcript	21965
449.999044	ecolipol	0
449.999044	ecolipol-2	0
449.999044	ecolipol-2-p	63
449.999044	ecolipol-p	88
449.999044	gene 0.3	322
449.999044	gene 1.1	219
449.999044	gene 1.2	201
449.999044	gene 1.3	146
449.999044	gene 1.4	99
449.999044	gene 1.5	94
449.999044	gene 1.6	82
449.999044	gene 1.7	65
449.999044	gene 1.8	87
449.999044	gene 10A	3
449.999044	gene 11	1
449.999044	gene 2.5	104
449.999044	gene 2.8	101
449.999044	gene 3	84
449.999044	gene 3.8	114
449.999044	gene 4.2	69
449.999044	gene 4.3	101
449.999044	gene 4.5	106
449.999044	gene 4.7	96
449.999044	gene 4A	6
449.999044	gene 5.3	75
449.999044	gene 5.5	63
449.999044	gene 5.7	66
449.999044	gene 5.9	78
449.999044	gene 6	17
449.999044	gene 6.3	68
449.999044	gene 6.5	50
449.999044	gene 6.7	57
449.999044	gene 7	41
449.999044	gene 7.3	50
449.999044	gene 7.7	40
449.999044	gene 9	3
449.999044	gp-2	13
449.999044	lysozyme-3.5	43
449.999044	protein_kinase-0.7	186
449.999044	rbs	643
449.999044	ribosome	6
449.999044	rnapol-1	53
449.999044	rnapol-3.5	40
454.999005	E. coli B promoter	1
454.999005	E. coli C promoter	1
454.999005	E. coli promoter A1	1
454.999005	E. coli promoter A2	1
454.999005	E. coli promoter A3	1
454.999005	T7 promoter phi1.1A	1
454.999005	T7 promoter phi1.1B	1
454.999005	T7 promoter phi1.3	1
454.999005	T7 promoter phi1.5	1
454.999005	T7 promoter phi1.6	1
454.999005	T7 promoter phi10	0
454.999005	T7 promoter phi13	0
454.999005	T7 promoter phi17	0
454.999005	T7 promoter phi2.5	1
454.999005	T7 promoter phi3.8	1
454.999005	T7 promoter phi4.3	1
454.999005	T7 promoter phi4.7	0
454.999005	T7 promoter phi4c	1
454.999005	T7 promoter phi6.5	1
454.999005	T7 promoter phi9	1
454.999005	bound_ecolipol	2
454.999005	bound_ecolipol_p	1653
454.999005	bound_ribosome	8211
454.999005	degraded_transcript	10607
454.999005	ecoli_genome	145
454.999005	ecoli_transcript	22201
454.999005	ecolipol	0
454.999005	ecolipol-2	0
454.999005	ecolipol-2-p	65
454.999005	ecolipol-p	80
454.999005	gene 0.3	329
454.999005	gene 1.1	227
454.999005	gene 1.2	208
454.999005	gene 1.3	156
454.999005	gene 1.4	115
454.999005	gene 1.5	100
454.999005	gene 1.6	89
454.999005	gene 1.7	74
454.999005	gene 1.8	98
454.999005	gene 10A	12
454.999005	gene 11	5
454.999005	gene 13	1
454.999005	gene 2.5	120
454.999005	gene 2.8	114
454.999005	gene 3	88
454.999005	gene 3.8	128
454.999005	gene 4.2	80
454.999005	gene 4.3	122
454.999005	gene 4.5	118
454.999005	gene 4.7	114
454.999005	gene 4A	6
454.999005	gene 5.3	84
454.999005	gene 5.5	78
454.999005	gene 5.7	71
454.999005	gene 5.9	83
454.999005	gene 6	29
454.999005	gene 6.3	76
454.999005	gene 6.5	60
454.999005	gene 6.7	70
454.999005	gene 7	48
454.999005	gene 7.3	57
454.999005	gene 7.7	54
454.999005	gene 9	12
454.999005	gp-2	20
454.999005	lysozyme-3.5	47
454.999005	protein_kinase-0.7	190
454.999005	rbs	676
454.999005	ribosome	12
454.999005	rnapol-1	50
454.999005	rnapol-3.5	50
459.999033	E. coli B promoter	1
459.999033	E. coli C promoter	1
459.999033	E. coli promoter A1	1
459.999033	E. coli promoter A2	1
459.999033	E. coli promoter A3	1
459.999033	T7 promoter phi1.1A	1
459.999033	T7 promoter phi1.1B	1
459.999033	T7 promoter phi1.3	1
459.999033	T7 promoter phi1.5	1
459.999033	T7 promoter phi1.6	1
459.999033	T7 promoter phi10	1
459.999033	T7 promoter phi13	1
459.999033	T7 promoter phi17	0
459.999033	T7 promoter phi2.5	1
459.999033	T7 promoter phi3.8	1
459.999033	T7 promoter phi4.3	1
459.999033	T7 promoter phi4.7	1
459.999033	T7 promoter phi4c	1
459.999033	T7 promoter phi6.5	1
459.999033	T7 promoter phi9	1
459.999033	bound_ecolipol	1
459.999033	bound_ecolipol_p	1632
459.999033	bound_ribosome	8100
459.999033	degraded_transcript	10821
459.999033	ecoli_genome	167
459.999033	ecoli_transcript	22428
459.999033	ecolipol	0
459.999033	ecolipol-2	0
459.999033	ecolipol-2-p	70
459.999033	ecolipol-p	97
459.999033	gene 0.3	331
459.999033	gene 1.1	239
459.999033	gene 1.2	220
459.999033	gene 1.3	160
459.999033	gene 1.4	123
459.999033	gene 1.5	107
459.999033	gene 1.6	100
459.999033	gene 1.7	84
459.999033	gene 1.8	107
459.999033	gene 10A	24
459.999033	gene 11	7
459.999033	gene 13	3
459.999033	gene 2.5	133
459.999033	gene 2.8	123
459.999033	gene 3	98
459.999033	gene 3.8	139
459.999033	gene 4.2	91
459.999033	gene 4.3	130
459.999033	gene 4.5	137
459.999033	gene 4.7	119
459.999033	gene 4A	9
459.999033	gene 5	1
459.999033	gene 5.3	100
459.999033	gene 5.5	88
459.999033	gene 5.7	82
459.999033	gene 5.9	97
459.999033	gene 6	34
459.999033	gene 6.3	91
459.999033	gene 6.5	76
459.999033	gene 6.7	83
459.999033	gene 7	58
459.999033	gene 7.3	73
459.999033	gene 7.7	71
459.999033	gene 9	20
459.999033	gp-2	23
459.999033	lysozyme-3.5	48
459.999033	protein_kinase-0.7	196
459.999033	rbs	750
459.999033	ribosome	4
459.999033	rnapol-1	43
459.999033	rnapol-3.5	57
464.999012	E. coli B promoter	1
464.999012	E. coli C promoter	1
464.999012	E. coli promoter A1	1
464.999012	E. coli promoter A2	1
464.999012	E. coli promoter A3	1
464.999012	T7 promoter phi1.1A	1
464.999012	T7 promoter phi1.1B	1
464.999012	T7 promoter phi1.3	1
464.999012	T7 promoter phi1.5	1
464.999012	T7 promoter phi1.6	1
464.999012	T7 promoter phi10	1
464.999012	T7 promoter phi13	1
464.999012	T7 promoter phi17	1
464.999012	T7 promoter phi2.5	1
464.999012	T7 promoter phi3.8	1
464.999012	T7 promoter phi4.3	1
464.999012	T7 promoter phi4.7	1
464.999012	T7 promoter phi4c	1
464.999012	T7 promoter phi6.5	1
464.999012	T7 promoter phi9	1
464.999012	bound_ecolipol	1
464.999012	bound_ecolipol_p	1624
464.999012	bound_ribosome	8000
464.999012	degraded_transcript	11053
464.999012	ecoli_genome	175
464.999012	ecoli_transcript	22611
464.999012	ecolipol	0
464.999012	ecolipol-2	0
464.999012	ecolipol-2-p	83
464.999012	ecolipol-p	92
464.999012	gene 0.3	336
464.999012	gene 1.1	250
464.999012	gene 1.2	231
464.999012	gene 1.3	169
464.999012	gene 1.4	130
464.999012	gene 1.5	113
464.999012	gene 1.6	106
464.999012	gene 1.7	93
464.999012	gene 1.8	120
464.999012	gene 10A	39
464.999012	gene 11	11
464.999012	gene 13	5
464.999012	gene 14	1
464.999012	gene 2.5	146
464.999012	gene 2.8	136
464.999012	gene 3	107
464.999012	gene 3.8	153
464.999012	gene 4.2	104
464.999012	gene 4.3	144
464.999012	gene 4.5	156
464.999012	gene 4.7	143
464.999012	gene 4A	14
464.999012	gene 5	2
464.999012	gene 5.3	111
464.999012	gene 5.5	98
464.999012	gene 5.7	97
464.999012	gene 5.9	110
464.999012	gene 6	36
464.999012	gene 6.3	104
464.999012	gene 6.5	90
464.999012	gene 6.7	90
464.999012	gene 7	70
464.999012	gene 7.3	90
464.999012	gene 7.7	87
464.999012	gene 8	1
464.999012	gene 9	30
464.999012	gp-2	16
464.999012	lysozyme-3.5	72
464.999012	protein_kinase-0.7	200
464.999012	rbs	812
464.999012	ribosome	10
464.999012	rnapol-1	51
464.999012	rnapol-3.5	52
469.999020	E. coli B promoter	1
469.999020	E. coli C promoter	1
469.999020	E. coli promoter A1	1
469.999020	E. coli promoter A2	1
469.999020	E. coli promoter A3	1
469.999020	T7 promoter phi1.1A	1
469.999020	T7 promoter phi1.1B	1
469.999020	T7 promoter phi1.3	1
469.999020	T7 promoter phi1.5	1
469.999020	T7 promoter phi1.6	1
469.999020	T7 promoter phi10	0
469.999020	T7 promoter phi13	1
469.999020	T7 promoter phi17	1
469.999020	T7 promoter phi2.5	1
469.999020	T7 promoter phi3.8	1
469.999020	T7 promoter phi4.3	1
469.999020	T7 promoter phi4.7	1
469.999020	T7 promoter phi4c	1
469.999020	T7 promoter phi6.5	1
469.999020	T7 promoter phi9	1
469.999020	bound_ecolipol	1
469.999020	bound_ecolipol_p	1630
469.999020	bound_ribosome	7824
469.999020	degraded_transcript	11274
469.999020	ecoli_genome	169
469.999020	ecoli_transcript	22887
469.999020	ecolipol	0
469.999020	ecolipol-2	0
469.999020	ecolipol-2-p	89
469.999020	ecolipol-p	80
469.999020	gene 0.3	339
469.999020	gene 1.1	259
469.999020	gene 1.2	239
469.999020	gene 1.3	183
469.999020	gene 1.4	140
469.999020	gene 1.5	119
469.999020	gene 1.6	115
469.999020	gene 1.7	103
469.999020	gene 1.8	122
469.999020	gene 10A	55
469.999020	gene 11	15
469.999020	gene 13	8
469.999020	gene 14	2
469.999020	gene 2.5	161
469.999020	gene 2.8	143
469.999020	gene 3	115
469.999020	gene 3.8	170
469.999020	gene 4.2	117
469.999020	gene 4.3	158
469.999020	gene 4.5	177
469.999020	gene 4.7	155
469.999020	gene 4A	21
469.999020	gene 5	4
469.999020	gene 5.3	129
469.999020	gene 5.5	109
469.999020	gene 5.7	105
469.999020	gene 5.9	114
469.999020	gene 6	44
469.999020	gene 6.3	116
469.999020	gene 6.5	103
469.999020	gene 6.7	104
469.999020	gene 7	85
469.999020	gene 7.3	108
469.999020	gene 7.7	95
469.999020	gene 8	1
469.999020	gene 9	37
469.999020	gp-2	17
469.999020	lysozyme-3.5	83
469.999020	protein_kinase-0.7	203
469.999020	rbs	861
469.999020	ribosome	7
469.999020	rnapol-1	55
469.999020	rnapol-3.5	49
474.999022	E. coli B promoter	1
474.999022	E. coli C promoter	1
474.999022	E. coli promoter A1	1
474.999022	E. coli promoter A2	1
474.999022	E. coli promoter A3	1
474.999022	T7 promoter phi1.1A	1
474.999022	T7 promoter phi1.1B	1
474.999022	T7 promoter phi1.3	1
474.999022	T7 promoter phi1.5	1
474.999022	T7 promoter phi1.6	1
474.999022	T7 promoter phi10	0
474.999022	T7 promoter phi13	1
474.999022	T7 promoter phi17	1
474.999022	T7 promoter phi2.5	1
474.999022	T7 promoter phi3.8	1
474.999022	T7 promoter phi4.3	1
474.999022	T7 promoter phi4.7	1
474.999022	T7 promoter phi4c	1
474.999022	T7 promoter phi6.5	0
474.999022	T7 promoter phi9	1
474.999022	bound_ecolipol	1
474.999022	bound_ecolipol_p	1623
474.999022	bound_ribosome	7718
474.999022	degraded_transcript	11490
474.999022	ecoli_genome	176
474.999022	ecoli_transcript	23112
474.999022	ecolipol	0
474.999022	ecolipol-2	0
474.999022	ecolipol-2-p	88
474.999022	ecolipol-p	88
474.999022	gene 0.3	342
474.999022	gene 1.1	266
474.999022	gene 1.2	247
474.999022	gene 1.3	198
474.999022	gene 1.4	145
474.999022	gene 1.5	130
474.999022	gene 1.6	124
474.999022	gene 1.7	115
474.999022	gene 1.8	126
474.999022	gene 10A	67
474.999022	gene 11	16
474.999022	gene 13	12
474.999022	gene 14	8
474.999022	gene 2.5	175
474.999022	gene 2.8	151
474.999022	gene 3	125
474.999022	gene 3.8	186
474.999022	gene 4.2	132
474.999022	gene 4.3	177
474.999022	gene 4.5	201
474.999022	gene 4.7	169
474.999022	gene 4A	26
474.999022	gene 5	9
474.999022	gene 5.3	139
474.999022	gene 5.5	126
474.999022	gene 5.7	118
474.999022	gene 5.9	129
474.999022	gene 6	51
474.999022	gene 6.3	134
474.999022	gene 6.5	113
474.999022	gene 6.7	117
474.999022	gene 7	97
474.999022	gene 7.3	127
474.999022	gene 7.7	113
474.999022	gene 8	3
474.999022	gene 9	44
474.999022	gp-2	27
474.999022	lysozyme-3.5	94
474.999022	protein_kinase-0.7	206
474.999022	rbs	961
474.999022	ribosome	7
474.999022	rnapol-1	49
474.999022	rnapol-3.5	51
479.999011	E. coli B promoter	1
479.999011	E. coli C promoter	1
479.999011	E. coli promoter A1	1
479.999011	E. coli promoter A2	1
479.999011	E. coli promoter A3	1
479.999011	T7 promoter phi1.1A	1
479.999011	T7 promoter phi1.1B	1
479.999011	T7 promoter phi1.3	1
479.999011	T7 promoter phi1.5	1
479.999011	T7 promoter phi1.6	1
479.999011	T7 promoter phi10	1
479.999011	T7 promoter phi13	1
479.999011	T7 promoter phi17	0
479.999011	T7 promoter phi2.5	1
479.999011	T7 promoter phi3.8	1
479.999011	T7 promoter phi4.3	1
479.999011	T7 promoter phi4.7	1
479.999011	T7 promoter phi4c	1
479.999011	T7 promoter phi6.5	1
479.999011	T7 promoter phi9	0
479.999011	bound_ecolipol	1
479.999011	bound_ecolipol_p	1612
479.999011	bound_ribosome	7581
479.999011	degraded_transcript	11727
479.999011	ecoli_genome	187
479.999011	ecoli_transcript	23353
479.999011	ecolipol	0
479.999011	ecolipol-2	0
479.999011	ecolipol-2-p	101
479.999011	ecolipol-p	86
479.999011	gene 0.3	349
479.999011	gene 1.1	280
479.999011	gene 1.2	256
479.999011	gene 1.3	205
479.999011	gene 1.4	157
479.999011	gene 1.5	137
479.999011	gene 1.6	136
479.999011	gene 1.7	123
479.999011	gene 1.8	133
479.999011	gene 10A	86
479.999011	gene 11	22
479.999011	gene 13	17
479.999011	gene 14	13
479.999011	gene 2.5	188
479.999011	gene 2.8	165
479.999011	gene 3	136
479.999011	gene 3.8	198
479.999011	gene 4.2	144
479.999011	gene 4.3	191
479.999011	gene 4.5	221
479.999011	gene 4.7	185
479.999011	gene 4A	29
479.999011	gene 5	12
479.999011	gene 5.3	153
479.999011	gene 5.5	140
479.999011	gene 5.7	138
479.999011	gene 5.9	142
479.999011	gene 6	63
479.999011	gene 6.3	143
479.999011	gene 6.5	127
479.999011	gene 6.7	132
479.999011	gene 7	112
479.999011	gene 7.3	146
479.999011	gene 7.7	126
479.999011	gene 8	8
479.999011	gene 9	57
479.999011	gp-2	28
479.999011	lysozyme-3.5	95
479.999011	protein_kinase-0.7	207
479.999011	rbs	1032
479.999011	ribosome	9
479.999011	rnapol-1	41
479.999011	rnapol-3.5	61
484.999031	E. coli B promoter	1
484.999031	E. coli C promoter	1
484.999031	E. coli promoter A1	1
484.999031	E. coli promoter A2	1
484.999031	E. coli promoter A3	1
484.999031	T7 promoter phi1.1A	1
484.999031	T7 promoter phi1.1B	1
484.999031	T7 promoter phi1.3	1
484.999031	T7 promoter phi1.5	1
484.999031	T7 promoter phi1.6	1
484.999031	T7 promoter phi10	1
484.999031	T7 promoter phi13	0
484.999031	T7 promoter phi17	1
484.999031	T7 promoter phi2.5	1
484.999031	T7 promoter phi3.8	1
484.999031	T7 promoter phi4.3	0
484.999031	T7 promoter phi4.7	1
484.999031	T7 promoter phi4c	1
484.999031	T7 promoter phi6.5	1
484.999031	T7 promoter phi9	1
484.999031	bound_ecolipol	1
484.999031	bound_ecolipol_p	1615
484.999031	bound_ribosome	7400
484.999031	degraded_transcript	11961
484.999031	ecoli_genome	184
484.999031	ecoli_transcript	23604
484.999031	ecolipol	0
484.999031	ecolipol-2	0
484.999031	ecolipol-2-p	116
484.999031	ecolipol-p	68
484.999031	gene 0.3	354
484.999031	gene 1.1	296
484.999031	gene 1.2	267
484.999031	gene 1.3	217
484.999031	gene 1.4	168
484.999031	gene 1.5	144
484.999031	gene 1.6	144
484.999031	gene 1.7	135
484.999031	gene 1.8	143
484.999031	gene 10A	109
484.999031	gene 11	27
484.999031	gene 13	21
484.999031	gene 14	15
484.999031	gene 17.5	2
484.999031	gene 18	1
484.999031	gene 2.5	200
484.999031	gene 2.8	179
484.999031	gene 3	144
484.999031	gene 3.8	215
484.999031	gene 4.2	158
484.999031	gene 4.3	204
484.999031	gene 4.5	235
484.999031	gene 4.7	198
484.999031	gene 4A	31
484.999031	gene 5	16
484.999031	gene 5.3	169
484.999031	gene 5.5	158
484.999031	gene 5.7	157
484.999031	gene 5.9	155
484.999031	gene 6	72
484.999031	gene 6.3	154
484.999031	gene 6.5	144
484.999031	gene 6.7	146
484.999031	gene 7	125
484.999031	gene 7.3	161
484.999031	gene 7.7	139
484.999031	gene 8	10
484.999031	gene 9	67
484.999031	gp-2	27
484.999031	lysozyme-3.5	93
484.999031	protein_kinase-0.7	208
484.999031	rbs	1119
484.999031	ribosome	7
484.999031	rnapol-1	35
484.999031	rnapol-3.5	70
489.999003	E. coli B promoter	1
489.999003	E. coli C promoter	1
489.999003	E. coli promoter A1	1
489.999003	E. coli promoter A2	1
489.999003	E. coli promoter A3	1
489.999003	T7 promoter phi1.1A	1
489.999003	T7 promoter phi1.1B	1
489.999003	T7 promoter phi1.3	1
489.999003	T7 promoter phi1.5	1
489.999003	T7 promoter phi1.6	1
489.999003	T7 promoter phi10	0
489.999003	T7 promoter phi13	1
489.999003	T7 promoter phi17	0
489.999003	T7 promoter phi2.5	1
489.999003	T7 promoter phi3.8	1
489.999003	T7 promoter phi4.3	1
489.999003	T7 promoter phi4.7	1
489.999003	T7 promoter phi4c	1
489.999003	T7 promoter phi6.5	1
489.999003	T7 promoter phi9	1
489.999003	bound_ecolipol	1
489.999003	bound_ecolipol_p	1607
489.999003	bound_ribosome	7231
489.999003	degraded_transcript	12189
489.999003	ecoli_genome	192
489.999003	ecoli_transcript	23872
489.999003	ecolipol	0
489.999003	ecolipol-2	0
489.999003	ecolipol-2-p	120
489.999003	ecolipol-p	72
489.999003	gene 0.3	358
489.999003	gene 1.1	310
489.999003	gene 1.2	284
489.999003	gene 1.3	229
489.999003	gene 1.4	172
489.999003	gene 1.5	157
489.999003	gene 1.6	155
489.999003	gene 1.7	151
489.999003	gene 1.8	148
489.999003	gene 10A	132
489.999003	gene 11	31
489.999003	gene 13	31
489.999003	gene 14	24
489.999003	gene 17.5	5
489.999003	gene 18	5
489.999003	gene 18.7	3
489.999003	gene 2.5	215
489.999003	gene 2.8	188
489.999003	gene 3	155
489.999003	gene 3.8	230
489.999003	gene 4.2	176
489.999003	gene 4.3	218
489.999003	gene 4.5	255
489.999003	gene 4.7	222
489.999003	gene 4A	34
489.999003	gene 5	21
489.999003	gene 5.3	186
489.999003	gene 5.5	170
489.999003	gene 5.7	175
489.999003	gene 5.9	165
489.999003	gene 6	81
489.999003	gene 6.3	177
489.999003	gene 6.5	164
489.999003	gene 6.7	160
489.999003	gene 7	144
489.999003	gene 7.3	176
489.999003	gene 7.7	153
489.999003	gene 8	16
489.999003	gene 9	79
489.999003	gp-2	31
489.999003	lysozyme-3.5	112
489.999003	protein_kinase-0.7	213
489.999003	rbs	1172
489.999003	ribosome	12
489.999003	rnapol-1	45
489.999003	rnapol-3.5	66
494.999019	E. coli B promoter	1
494.999019	E. coli C promoter	1
494.999019	E. coli promoter A1	1
494.999019	E. coli promoter A2	1
494.999019	E. coli promoter A3	1
494.999019	T7 promoter phi1.1A	1
494.999019	T7 promoter phi1.1B	1
494.999019	T7 promoter phi1.3	1
494.999019	T7 promoter phi1.5	1
494.999019	T7 promoter phi1.6	1
494.999019	T7 promoter phi10	1
494.999019	T7 promoter phi13	1
494.999019	T7 promoter phi17	0
494.999019	T7 promoter phi2.5	1
494.999019	T7 promoter phi3.8	1
494.999019	T7 promoter phi4.3	1
494.999019	T7 promoter phi4.7	1
494.999019	T7 promoter phi4c	1
494.999019	T7 promoter phi6.5	1
494.999019	T7 promoter phi9	1
494.999019	bound_ecolipol	1
494.999019	bound_ecolipol_p	1599
494.999019	bound_ribosome	7093
494.999019	degraded_transcript	12400
494.999019	ecoli_genome	200
494.999019	ecoli_transcript	24133
494.999019	ecolipol	0
494.999019	ecolipol-2	0
494.999019	ecolipol-2-p	123
494.999019	ecolipol-p	77
494.999019	gene 0.3	362
494.999019	gene 1.1	318
494.999019	gene 1.2	298
494.999019	gene 1.3	244
494.999019	gene 1.4	181
494.999019	gene 1.5	170
494.999019	gene 1.6	163
494.999019	gene 1.7	160
494.999019	gene 1.8	154
494.999019	gene 10A	163
494.999019	gene 11	36
494.999019	gene 13	41
494.999019	gene 14	28
494.999019	gene 17.5	9
494.999019	gene 18	10
494.999019	gene 18.7	4
494.999019	gene 19.2	1
494.999019	gene 19.3	1
494.999019	gene 2.5	237
494.999019	gene 2.8	203
494.999019	gene 3	165
494.999019	gene 3.8	241
494.999019	gene 4.2	193
494.999019	gene 4.3	235
494.999019	gene 4.5	271
494.999019	gene 4.7	238
494.999019	gene 4A	46
494.999019	gene 5	30
494.999019	gene 5.3	205
494.999019	gene 5.5	183
494.999019	gene 5.7	185
494.999019	gene 5.9	178
494.999019	gene 6	91
494.999019	gene 6.3	196
494.999019	gene 6.5	186
494.999019	gene 6.7	173
494.999019	gene 7	163
494.999019	gene 7.3	192
494.999019	gene 7.7	165
494.999019	gene 8	21
494.999019	gene 9	96
494.999019	gp-2	35
494.999019	lysozyme-3.5	105
494.999019	protein_kinase-0.7	216
494.999019	rbs	1276
494.999019	ribosome	5
494.999019	rnapol-1	37
494.999019	rnapol-3.5	76
499.999010	E. coli B promoter	1
499.999010	E. coli C promoter	1
499.999010	E. coli promoter A1	1
499.999010	E. coli promoter A2	1
499.999010	E. coli promoter A3	1
499.999010	T7 promoter phi1.1A	1
499.999010	T7 promoter phi1.1B	1
499.999010	T7 promoter phi1.3	1
499.999010	T7 promoter phi1.5	1
499.999010	T7 promoter phi1.6	1
499.999010	T7 promoter phi10	1
499.999010	T7 promoter phi13	0
499.999010	T7 promoter phi17	0
499.999010	T7 promoter phi2.5	1
499.999010	T7 promoter phi3.8	1
499.999010	T7 promoter phi4.3	1
499.999010	T7 promoter phi4.7	1
499.999010	T7 promoter phi4c	1
499.999010	T7 promoter phi6.5	1
499.999010	T7 promoter phi9	1
499.999010	bound_ecolipol	1
499.999010	bound_ecolipol_p	1616
499.999010	bound_ribosome	6970
499.999010	degraded_transcript	12625
499.999010	ecoli_genome	183
499.999010	ecoli_transcript	24335
499.999010	ecolipol	0
499.999010	ecolipol-2	0
499.999010	ecolipol-2-p	121
499.999010	ecolipol-p	62
499.999010	gene 0.3	368
499.999010	gene 1.1	329
499.999010	gene 1.2	307
499.999010	gene 1.3	253
499.999010	gene 1.4	193
499.999010	gene 1.5	182
499.999010	gene 1.6	170
499.999010	gene 1.7	166
499.999010	gene 1.8	162
499.999010	gene 10A	205
499.999010	gene 11	44
499.999010	gene 13	49
499.999010	gene 14	38
499.999010	gene 17.5	14
499.999010	gene 18	16
499.999010	gene 18.5	1
499.999010	gene 18.7	7
499.999010	gene 19.2	2
499.999010	gene 19.3	8
499.999010	gene 19.5	3
499.999010	gene 2.5	252
499.999010	gene 2.8	216
499.999010	gene 3	176
499.999010	gene 3.8	256
499.999010	gene 4.2	203
499.999010	gene 4.3	255
499.999010	gene 4.5	289
499.999010	gene 4.7	259
499.999010	gene 4A	53
499.999010	gene 5	42
499.999010	gene 5.3	232
499.999010	gene 5.5	196
499.999010	gene 5.7	200
499.999010	gene 5.9	197
499.999010	gene 6	104
499.999010	gene 6.3	208
499.999010	gene 6.5	205
499.999010	gene 6.7	190
499.999010	gene 7	179
499.999010	gene 7.3	207
499.999010	gene 7.7	181
499.999010	gene 8	26
499.999010	gene 9	117
499.999010	gp-2	47
499.999010	lysozyme-3.5	124
499.999010	protein_kinase-0.7	221
499.999010	rbs	1333
499.999010	ribosome	9
499.999010	rnapol-1	49
499.999010	rnapol-3.5	73
504.999003	E. coli B promoter	1
504.999003	E. coli C promoter	1
504.999003	E. coli promoter A1	1
504.999003	E. coli promoter A2	1
504.999003	E. coli promoter A3	1
504.999003	T7 promoter phi1.1A	1
504.999003	T7 promoter phi1.1B	1
504.999003	T7 promoter phi1.3	1
504.999003	T7 promoter phi1.5	1
504.999003	T7 promoter phi1.6	1
504.999003	T7 promoter phi10	1
504.999003	T7 promoter phi13	1
504.999003	T7 promoter phi17	1
504.999003	T7 promoter phi2.5	1
504.999003	T7 promoter phi3.8	1
504.999003	T7 promoter phi4.3	1
504.999003	T7 promoter phi4.7	1
504.999003	T7 promoter phi4c	1
504.999003	T7 promoter phi6.5	1
504.999003	T7 promoter phi9	1
504.999003	bound_ecolipol	1
504.999003	bound_ecolipol_p	1581
504.999003	bound_ribosome	6838
504.999003	degraded_transcript	12861
504.999003	ecoli_genome	218
504.999003	ecoli_transcript	24590
504.999003	ecolipol	0
504.999003	ecolipol-2	0
504.999003	ecolipol-2-p	138
504.999003	ecolipol-p	80
504.999003	gene 0.3	372
504.999003	gene 1.1	343
504.999003	gene 1.2	317
504.999003	gene 1.3	266
504.999003	gene 1.4	201
504.999003	gene 1.5	190
504.999003	gene 1.6	180
504.999003	gene 1.7	173
504.999003	gene 1.8	175
504.999003	gene 10A	247
504.999003	gene 11	50
504.999003	gene 13	59
504.999003	gene 14	48
504.999003	gene 17.5	19
504.999003	gene 18	19
504.999003	gene 18.5	3
504.999003	gene 18.7	12
504.999003	gene 19.2	3
504.999003	gene 19.3	12
504.999003	gene 19.5	6
504.999003	gene 2.5	266
504.999003	gene 2.8	229
504.999003	gene 3	189
504.999003	gene 3.8	273
504.999003	gene 4.2	218
504.999003	gene 4.3	268
504.999003	gene 4.5	304
504.999003	gene 4.7	285
504.999003	gene 4A	60
504.999003	gene 5	51
504.999003	gene 5.3	243
504.999003	gene 5.5	212
504.999003	gene 5.7	217
504.999003	gene 5.9	212
504.999003	gene 6	121
504.999003	gene 6.3	215
504.999003	gene 6.5	229
504.999003	gene 6.7	208
504.999003	gene 7	194
504.999003	gene 7.3	227
504.999003	gene 7.7	201
504.999003	gene 8	36
504.999003	gene 9	140
504.999003	gp-2	43
504.999003	lysozyme-3.5	122
504.999003	protein_kinase-0.7	228
504.999003	rbs	1456
504.999003	ribosome	6
504.999003	rnapol-1	38
504.999003	rnapol-3.5	89
509.999012	E. coli B promoter	1
509.999012	E. coli C promoter	1
509.999012	E. coli promoter A1	1
509.999012	E. coli promoter A2	1
509.999012	E. coli promoter A3	1
509.999012	T7 promoter phi1.1A	1
509.999012	T7 promoter phi1.1B	1
509.999012	T7 promoter phi1.3	1
509.999012	T7 promoter phi1.5	1
509.999012	T7 promoter phi1.6	1
509.999012	T7 promoter phi10	1
509.999012	T7 promoter phi13	1
509.999012	T7 promoter phi17	0
509.999012	T7 promoter phi2.5	1
509.999012	T7 promoter phi3.8	1
509.999012	T7 promoter phi4.3	1
509.999012	T7 promoter phi4.7	1
509.999012	T7 promoter phi4c	1
509.999012	T7 promoter phi6.5	1
509.999012	T7 promoter phi9	1
509.999012	bound_ecolipol	1
509.999012	bound_ecolipol_p	1587
509.999012	bound_ribosome	6700
509.999012	degraded_transcript	13100
509.999012	ecoli_genome	212
509.999012	ecoli_transcript	24798
509.999012	ecolipol	0
509.999012	ecolipol-2	0
509.999012	ecolipol-2-p	153
509.999012	ecolipol-p	59
509.999012	gene 0.3	378
509.999012	gene 1.1	349
509.999012	gene 1.2	326
509.999012	gene 1.3	275
509.999012	gene 1.4	207
509.999012	gene 1.5	199
509.999012	gene 1.6	192
509.999012	gene 1.7	182
509.999012	gene 1.8	186
509.999012	gene 10A	288
509.999012	gene 11	57
509.999012	gene 13	69
509.999012	gene 14	56
509.999012	gene 17.5	26
509.999012	gene 18	25
509.999012	gene 18.5	7
509.999012	gene 18.7	17
509.999012	gene 19.2	3
509.999012	gene 19.3	14
509.999012	gene 19.5	11
509.999012	gene 2.5	283
509.999012	gene 2.8	245
509.999012	gene 3	202
509.999012	gene 3.8	290
509.999012	gene 4.2	232
509.999012	gene 4.3	290
509.999012	gene 4.5	322
509.999012	gene 4.7	300
509.999012	gene 4A	66
509.999012	gene 5	62
509.999012	gene 5.3	258
509.999012	gene 5.5	228
509.999012	gene 5.7	231
509.999012	gene 5.9	231
509.999012	gene 6	129
509.999012	gene 6.3	234
509.999012	gene 6.5	247
509.999012	gene 6.7	223
509.999012	gene 7	211
509.999012	gene 7.3	244
509.999012	gene 7.7	220
509.999012	gene 8	44
509.999012	gene 9	166
509.999012	gp-2	36
509.999012	lysozyme-3.5	142
509.999012	protein_kinase-0.7	236
509.999012	rbs	1531
509.999012	ribosome	4
509.999012	rnapol-1	46
509.999012	rnapol-3.5	86
514.999013	E. coli B promoter	0
514.999013	E. coli C promoter	1
514.999013	E. coli promoter A1	1
514.999013	E. coli promoter A2	1
514.999013	E. coli promoter A3	1
514.999013	T7 promoter phi1.1A	1
514.999013	T7 promoter phi1.1B	1
514.999013	T7 promoter phi1.3	1
514.999013	T7 promoter phi1.5	1
514.999013	T7 promoter phi1.6	1
514.999013	T7 promoter phi10	0
514.999013	T7 promoter phi13	1
514.999013	T7 promoter phi17	0
514.999013	T7 promoter phi2.5	1
514.999013	T7 promoter phi3.8	1
514.999013	T7 promoter phi4.3	1
514.999013	T7 promoter phi4.7	1
514.999013	T7 promoter phi4c	1
514.999013	T7 promoter phi6.5	1
514.999013	T7 promoter phi9	1
514.999013	bound_ecolipol	1
514.999013	bound_ecolipol_p	1575
514.999013	bound_ribosome	6591
514.999013	degraded_transcript	13345
514.999013	ecoli_genome	224
514.999013	ecoli_transcript	24972
514.999013	ecolipol	0
514.999013	ecolipol-2	0
514.999013	ecolipol-2-p	153
514.999013	ecolipol-p	70
514.999013	gene 0.3	383
514.999013	gene 1.1	361
514.999013	gene 1.2	334
514.999013	gene 1.3	289
514.999013	gene 1.4	219
514.999013	gene 1.5	205
514.999013	gene 1.6	201
514.999013	gene 1.7	188
514.999013	gene 1.8	192
514.999013	gene 10A	332
514.999013	gene 11	64
514.999013	gene 13	82
514.999013	gene 14	65
514.999013	gene 17.5	36
514.999013	gene 18	32
514.999013	gene 18.5	14
514.999013	gene 18.7	21
514.999013	gene 19.2	9
514.999013	gene 19.3	23
514.999013	gene 19.5	17
514.999013	gene 2.5	300
514.999013	gene 2.8	256
514.999013	gene 3	215
514.999013	gene 3.8	306
514.999013	gene 4.2	245
514.999013	gene 4.3	302
514.999013	gene 4.5	342
514.999013	gene 4.7	321
514.999013	gene 4A	76
514.999013	gene 5	72
514.999013	gene 5.3	274
514.999013	gene 5.5	244
514.999013	gene 5.7	255
514.999013	gene 5.9	255
514.999013	gene 6	145
514.999013	gene 6.3	251
514.999013	gene 6.5	269
514.999013	gene 6.7	240
514.999013	gene 7	233
514.999013	gene 7.3	264
514.999013	gene 7.7	235
514.999013	gene 8	51
514.999013	gene 9	186
514.999013	gp-2	48
514.999013	lysozyme-3.5	135
514.999013	protein_kinase-0.7	238
514.999013	rbs	1588
514.999013	ribosome	6
514.999013	rnapol-1	36
514.999013	rnapol-3.5	98
519.999007	E. coli B promoter	1
519.999007	E. coli C promoter	1
519.999007	E. coli promoter A1	1
519.999007	E. coli promoter A2	1
519.999007	E. coli promoter A3	1
519.999007	T7 promoter phi1.1A	1
519.999007	T7 promoter phi1.1B	1
519.999007	T7 promoter phi1.3	1
519.999007	T7 promoter phi1.5	1
519.999007	T7 promoter phi1.6	1
519.999007	T7 promoter phi10	1
519.999007	T7 promoter phi13	1
519.999007	T7 promoter phi17	1
519.999007	T7 promoter phi2.5	1
519.999007	T7 promoter phi3.8	1
519.999007	T7 promoter phi4.3	1
519.999007	T7 promoter phi4.7	1
519.999007	T7 promoter phi4c	1
519.999007	T7 promoter phi6.5	1
519.999007	T7 promoter phi9	1
519.999007	bound_ecolipol	1
519.999007	bound_ecolipol_p	1564
519.999007	bound_ribosome	6490
519.999007	degraded_transcript	13562
519.999007	ecoli_genome	235
519.999007	ecoli_transcript	25198
519.999007	ecolipol	0
519.999007	ecolipol-2	0
519.999007	ecolipol-2-p	162
519.999007	ecolipol-p	72
519.999007	gene 0.3	386
519.999007	gene 1.1	370
519.999007	gene 1.2	345
519.999007	gene 1.3	305
519.999007	gene 1.4	233
519.999007	gene 1.5	213
519.999007	gene 1.6	211
519.999007	gene 1.7	199
519.999007	gene 1.8	202
519.999007	gene 10A	382
519.999007	gene 11	73
519.999007	gene 13	93
519.999007	gene 14	77
519.999007	gene 17.5	42
519.999007	gene 18	43
519.999007	gene 18.5	18
519.999007	gene 18.7	27
519.999007	gene 19.2	15
519.999007	gene 19.3	29
519.999007	gene 19.5	26
519.999007	gene 2.5	318
519.999007	gene 2.8	267
519.999007	gene 3	225
519.999007	gene 3.8	323
519.999007	gene 4.2	256
519.999007	gene 4.3	318
519.999007	gene 4.5	362
519.999007	gene 4.7	336
519.999007	gene 4A	82
519.999007	gene 5	80
519.999007	gene 5.3	294
519.999007	gene 5.5	268
519.999007	gene 5.7	272
519.999007	gene 5.9	270
519.999007	gene 6	160
519.999007	gene 6.3	268
519.999007	gene 6.5	297
519.999007	gene 6.7	258
519.999007	gene 7	260
519.999007	gene 7.3	280
519.999007	gene 7.7	261
519.999007	gene 8	59
519.999007	gene 9	221
519.999007	gp-2	50
519.999007	lysozyme-3.5	153
519.999007	protein_kinase-0.7	240
519.999007	rbs	1660
519.999007	ribosome	9
519.999007	rnapol-1	39
519.999007	rnapol-3.5	101
524.999004	E. coli B promoter	1
524.999004	E. coli C promoter	1
524.999004	E. coli promoter A1	1
524.999004	E. coli promoter A2	1
524.999004	E. coli promoter A3	1
524.999004	T7 promoter phi1.1A	1
524.999004	T7 promoter phi1.1B	1
524.999004	T7 promoter phi1.3	1
524.999004	T7 promoter phi1.5	1
524.999004	T7 promoter phi1.6	0
524.999004	T7 promoter phi10	1
524.999004	T7 promoter phi13	1
524.999004	T7 promoter phi17	1
524.999004	T7 promoter phi2.5	1
524.999004	T7 promoter phi3.8	1
524.999004	T7 promoter phi4.3	1
524.999004	T7 promoter phi4.7	0
524.999004	T7 promoter phi4c	0
524.999004	T7 promoter phi6.5	1
524.999004	T7 promoter phi9	1
524.999004	bound_ecolipol	0
524.999004	bound_ecolipol_p	1573
524.999004	bound_ribosome	6343
524.999004	degraded_transcript	13855
524.999004	ecoli_genome	227
524.999004	ecoli_transcript	25369
524.999004	ecolipol	0
524.999004	ecolipol-2	0
524.999004	ecolipol-2-p	166
524.999004	ecolipol-p	60
524.999004	gene 0.3	391
524.999004	gene 1.1	382
524.999004	gene 1.2	352
524.999004	gene 1.3	318
524.999004	gene 1.4	244
524.999004	gene 1.5	221
524.999004	gene 1.6	223
524.999004	gene 1.7	215
524.999004	gene 1.8	213
524.999004	gene 10A	436
524.999004	gene 11	82
524.999004	gene 13	101
524.999004	gene 14	85
524.999004	gene 17.5	47
524.999004	gene 18	47
524.999004	gene 18.5	27
524.999004	gene 18.7	30
524.999004	gene 19.2	22
524.999004	gene 19.3	34
524.999004	gene 19.5	39
524.999004	gene 2.5	328
524.999004	gene 2.8	283
524.999004	gene 3	237
524.999004	gene 3.8	333
524.999004	gene 4.2	275
524.999004	gene 4.3	333
524.999004	gene 4.5	382
524.999004	gene 4.7	357
524.999004	gene 4A	91
524.999004	gene 5	93
524.999004	gene 5.3	321
524.999004	gene 5.5	292
524.999004	gene 5.7	286
524.999004	gene 5.9	286
524.999004	gene 6	173
524.999004	gene 6.3	290
524.999004	gene 6.5	325
524.999004	gene 6.7	278
524.999004	gene 7	279
524.999004	gene 7.3	301
524.999004	gene 7.7	283
524.999004	gene 8	69
524.999004	gene 9	247
524.999004	gp-2	56
524.999004	lysozyme-3.5	172
524.999004	protein_kinase-0.7	245
524.999004	rbs	1725
524.999004	ribosome	3
524.999004	rnapol-1	47
524.999004	rnapol-3.5	99
529.999002	E. coli B promoter	1
529.999002	E. coli C promoter	1
529.999002	E. coli promoter A1	1
529.999002	E. coli promoter A2	1
529.999002	E. coli promoter A3	1
529.999002	T7 promoter phi1.1A	1
529.999002	T7 promoter phi1.1B	1
529.999002	T7 promoter phi1.3	1
529.999002	T7 promoter phi1.5	1
529.999002	T7 promoter phi1.6	1
529.999002	T7 promoter phi10	1
529.999002	T7 promoter phi13	1
529.999002	T7 promoter phi17	1
529.999002	T7 promoter phi2.5	0
529.999002	T7 promoter phi3.8	1
529.999002	T7 promoter phi4.3	1
529.999002	T7 promoter phi4.7	0
529.999002	T7 promoter phi4c	1
529.999002	T7 promoter phi6.5	1
529.999002	T7 promoter phi9	0
529.999002	bound_ecolipol	0
529.999002	bound_ecolipol_p	1563
529.999002	bound_ribosome	6246
529.999002	degraded_transcript	14109
529.999002	ecoli_genome	237
529.999002	ecoli_transcript	25533
529.999002	ecolipol	0
529.999002	ecolipol-2	0
529.999002	ecolipol-2-p	183
529.999002	ecolipol-p	53
529.999002	gene 0.3	396
529.999002	gene 1.1	399
529.999002	gene 1.2	360
529.999002	gene 1.3	334
529.999002	gene 1.4	258
529.999002	gene 1.5	227
529.999002	gene 1.6	234
529.999002	gene 1.7	227
529.999002	gene 1.8	224
529.999002	gene 10A	496
529.999002	gene 11	90
529.999002	gene 13	114
529.999002	gene 14	95
529.999002	gene 17.5	51
529.999002	gene 18	56
529.999002	gene 18.5	41
529.999002	gene 18.7	39
529.999002	gene 19.2	33
529.999002	gene 19.3	39
529.999002	gene 19.5	46
529.999002	gene 2.5	336
529.999002	gene 2.8	293
529.999002	gene 3	241
529.999002	gene 3.8	354
529.999002	gene 4.2	279
529.999002	gene 4.3	353
529.999002	gene 4.5	407
529.999002	gene 4.7	378
529.999002	gene 4A	103
529.999002	gene 5	108
529.999002	gene 5.3	337
529.999002	gene 5.5	312
529.999002	gene 5.7	313
529.999002	gene 5.9	298
529.999002	gene 6	184
529.999002	gene 6.3	312
529.999002	gene 6.5	348
529.999002	gene 6.7	299
529.999002	gene 7	301
529.999002	gene 7.3	327
529.999002	gene 7.7	304
529.999002	gene 8	83
529.999002	gene 9	270
529.999002	gp-2	49
529.999002	lysozyme-3.5	169
529.999002	protein_kinase-0.7	247
529.999002	rbs	1811
529.999002	ribosome	11
529.999002	rnapol-1	39
529.999002	rnapol-3.5	110
534.999003	E. coli B promoter	1
534.999003	E. coli C promoter	1
534.999003	E. coli promoter A1	1
534.999003	E. coli promoter A2	1
534.999003	E. coli promoter A3	1
534.999003	T7 promoter phi1.1A	1
534.999003	T7 promoter phi1.1B	1
534.999003	T7 promoter phi1.3	1
534.999003	T7 promoter phi1.5	1
534.999003	T7 promoter phi1.6	1
534.999003	T7 promoter phi10	1
534.999003	T7 promoter phi13	1
534.999003	T7 promoter phi17	1
534.999003	T7 promoter phi2.5	1
534.999003	T7 promoter phi3.8	1
534.999003	T7 promoter phi4.3	1
534.999003	T7 promoter phi4.7	1
534.999003	T7 promoter phi4c	1
534.999003	T7 promoter phi6.5	1
534.999003	T7 promoter phi9	1
534.999003	bound_ecolipol	0
534.999003	bound_ecolipol_p	1562
534.999003	bound_ribosome	6084
534.999003	degraded_transcript	14354
534.999003	ecoli_genome	238
534.999003	ecoli_transcript	25748
534.999003	ecolipol	0
534.999003	ecolipol-2	0
534.999003	ecolipol-2-p	180
534.999003	ecolipol-p	57
534.999003	gene 0.3	401
534.999003	gene 1.1	408
534.999003	gene 1.2	369
534.999003	gene 1.3	347
534.999003	gene 1.4	266
534.999003	gene 1.5	235
534.999003	gene 1.6	242
534.999003	gene 1.7	241
534.999003	gene 1.8	235
534.999003	gene 10A	558
534.999003	gene 11	96
534.999003	gene 12	1
534.999003	gene 13	121
534.999003	gene 14	101
534.999003	gene 15	3
534.999003	gene 17.5	58
534.999003	gene 18	65
534.999003	gene 18.5	53
534.999003	gene 18.7	49
534.999003	gene 19.2	39
534.999003	gene 19.3	48
534.999003	gene 19.5	55
534.999003	gene 2.5	348
534.999003	gene 2.8	306
534.999003	gene 3	249
534.999003	gene 3.8	371
534.999003	gene 4.2	288
534.999003	gene 4.3	374
534.999003	gene 4.5	432
534.999003	gene 4.7	391
534.999003	gene 4A	112
534.999003	gene 5	117
534.999003	gene 5.3	361
534.999003	gene 5.5	335
534.999003	gene 5.7	331
534.999003	gene 5.9	318
534.999003	gene 6	196
534.999003	gene 6.3	330
534.999003	gene 6.5	370
534.999003	gene 6.7	324
534.999003	gene 7	324
534.999003	gene 7.3	348
534.999003	gene 7.7	332
534.999003	gene 8	94
534.999003	gene 9	305
534.999003	gp-2	65
534.999003	lysozyme-3.5	176
534.999003	protein_kinase-0.7	252
534.999003	rbs	1883
534.999003	ribosome	9
534.999003	rnapol-1	38
534.999003	rnapol-3.5	119
539.999040	E. coli B promoter	1
539.999040	E. coli C promoter	1
539.999040	E. coli promoter A1	1
539.999040	E. coli promoter A2	1
539.999040	E. coli promoter A3	1
539.999040	T7 promoter phi1.1A	1
539.999040	T7 promoter phi1.1B	1
539.999040	T7 promoter phi1.3	1
539.999040	T7 promoter phi1.5	1
539.999040	T7 promoter phi1.6	1
539.999040	T7 promoter phi10	0
539.999040	T7 promoter phi13	1
539.999040	T7 promoter phi17	1
539.999040	T7 promoter phi2.5	1
539.999040	T7 promoter phi3.8	1
539.999040	T7 promoter phi4.3	1
539.999040	T7 promoter phi4.7	1
539.999040	T7 promoter phi4c	1
539.999040	T7 promoter phi6.5	1
539.999040	T7 promoter phi9	1
539.999040	bound_ecolipol	0
539.999040	bound_ecolipol_p	1546
539.999040	bound_ribosome	5942
539.999040	degraded_transcript	14603
539.999040	ecoli_genome	254
539.999040	ecoli_transcript	25975
539.999040	ecolipol	0
539.999040	ecolipol-2	0
539.999040	ecolipol-2-p	197
539.999040	ecolipol-p	56
539.999040	gene 0.3	405
539.999040	gene 1.1	419
539.999040	gene 1.2	377
539.999040	gene 1.3	365
539.999040	gene 1.4	277
539.999040	gene 1.5	246
539.999040	gene 1.6	256
539.999040	gene 1.7	249
539.999040	gene 1.8	246
539.999040	gene 10A	627
539.999040	gene 11	100
539.999040	gene 12	3
539.999040	gene 13	135
539.999040	gene 14	114
539.999040	gene 15	3
539.999040	gene 17	1
539.999040	gene 17.5	72
539.999040	gene 18	72
539.999040	gene 18.5	62
539.999040	gene 18.7	61
539.999040	gene 19.2	43
539.999040	gene 19.3	58
539.999040	gene 19.5	65
539.999040	gene 2.5	365
539.999040	gene 2.8	318
539.999040	gene 3	265
539.999040	gene 3.8	386
539.999040	gene 4.2	297
539.999040	gene 4.3	391
539.999040	gene 4.5	459
539.999040	gene 4.7	413
539.999040	gene 4A	122
539.999040	gene 5	139
539.999040	gene 5.3	385
539.999040	gene 5.5	349
539.999040	gene 5.7	348
539.999040	gene 5.9	335
539.999040	gene 6	207
539.999040	gene 6.3	350
539.999040	gene 6.5	388
539.999040	gene 6.7	347
539.999040	gene 7	347
539.999040	gene 7.3	361
539.999040	gene 7.7	350
539.999040	gene 8	104
539.999040	gene 9	332
539.999040	gp-2	59
539.999040	lysozyme-3.5	187
539.999040	protein_kinase-0.7	255
539.999040	rbs	1933
539.999040	ribosome	3
539.999040	rnapol-1	39
539.999040	rnapol-3.5	124
544.999004	E. coli B promoter	1
544.999004	E. coli C promoter	1
544.999004	E. coli promoter A1	1
544.999004	E. coli promoter A2	1
544.999004	E. coli promoter A3	1
544.999004	T7 promoter phi1.1A	1
544.999004	T7 promoter phi1.1B	1
544.999004	T7 promoter phi1.3	1
544.999004	T7 promoter phi1.5	1
544.999004	T7 promoter phi1.6	1
544.999004	T7 promoter phi10	1
544.999004	T7 promoter phi13	1
544.999004	T7 promoter phi17	1
544.999004	T7 promoter phi2.5	1
544.999004	T7 promoter phi3.8	1
544.999004	T7 promoter phi4.3	1
544.999004	T7 promoter phi4.7	1
544.999004	T7 promoter phi4c	1
544.999004	T7 promoter phi6.5	1
544.999004	T7 promoter phi9	1
544.999004	bound_ecolipol	0
544.999004	bound_ecolipol_p	1540
544.999004	bound_ribosome	5821
544.999004	degraded_transcript	14837
544.999004	ecoli_genome	260
544.999004	ecoli_transcript	26182
544.999004	ecolipol	0
544.999004	ecolipol-2	0
544.999004	ecolipol-2-p	201
544.999004	ecolipol-p	58
544.999004	gene 0.3	407
544.999004	gene 1.1	429
544.999004	gene 1.2	388
544.999004	gene 1.3	374
544.999004	gene 1.4	288
544.999004	gene 1.5	260
544.999004	gene 1.6	264
544.999004	gene 1.7	257
544.999004	gene 1.8	259
544.999004	gene 10A	691
544.999004	gene 11	110
544.999004	gene 12	7
544.999004	gene 13	154
544.999004	gene 14	120
544.999004	gene 15	7
544.999004	gene 17	5
544.999004	gene 17.5	85
544.999004	gene 18	84
544.999004	gene 18.5	71
544.999004	gene 18.7	73
544.999004	gene 19.2	47
544.999004	gene 19.3	69
544.999004	gene 19.5	79
544.999004	gene 2.5	379
544.999004	gene 2.8	334
544.999004	gene 3	277
544.999004	gene 3.8	401
544.999004	gene 4.2	311
544.999004	gene 4.3	414
544.999004	gene 4.5	481
544.999004	gene 4.7	430
544.999004	gene 4A	129
544.999004	gene 5	150
544.999004	gene 5.3	405
544.999004	gene 5.5	369
544.999004	gene 5.7	364
544.999004	gene 5.9	354
544.999004	gene 6	215
544.999004	gene 6.3	366
544.999004	gene 6.5	413
544.999004	gene 6.7	364
544.999004	gene 7	363
544.999004	gene 7.3	381
544.999004	gene 7.7	371
544.999004	gene 8	111
544.999004	gene 9	358
544.999004	gp-2	66
544.999004	lysozyme-3.5	196
544.999004	protein_kinase-0.7	263
544.999004	rbs	2043
544.999004	ribosome	9
544.999004	rnapol-1	34
544.999004	rnapol-3.5	128
549.999005	E. coli B promoter	1
549.999005	E. coli C promoter	1
549.999005	E. coli promoter A1	1
549.999005	E. coli promoter A2	1
549.999005	E. coli promoter A3	1
549.999005	T7 promoter phi1.1A	1
549.999005	T7 promoter phi1.1B	1
549.999005	T7 promoter phi1.3	1
549.999005	T7 promoter phi1.5	1
549.999005	T7 promoter phi1.6	0
549.999005	T7 promoter phi10	0
549.999005	T7 promoter phi13	1
549.999005	T7 promoter phi17	1
549.999005	T7 promoter phi2.5	1
549.999005	T7 promoter phi3.8	1
549.999005	T7 promoter phi4.3	1
549.999005	T7 promoter phi4.7	1
549.999005	T7 promoter phi4c	1
549.999005	T7 promoter phi6.5	1
549.999005	T7 promoter phi9	1
549.999005	bound_ecolipol	0
549.999005	bound_ecolipol_p	1532
549.999005	bound_ribosome	5747
549.999005	degraded_transcript	15098
549.999005	ecoli_genome	268
549.999005	ecoli_transcript	26347
549.999005	ecolipol	0
549.999005	ecolipol-2	0
549.999005	ecolipol-2-p	199
549.999005	ecolipol-p	68
549.999005	gene 0.3	413
549.999005	gene 1.1	439
549.999005	gene 1.2	396
549.999005	gene 1.3	387
549.999005	gene 1.4	300
549.999005	gene 1.5	270
549.999005	gene 1.6	270
549.999005	gene 1.7	269
549.999005	gene 1.8	274
549.999005	gene 10A	764
549.999005	gene 11	121
549.999005	gene 12	9
549.999005	gene 13	169
549.999005	gene 14	135
549.999005	gene 15	11
549.999005	gene 17	7
549.999005	gene 17.5	98
549.999005	gene 18	97
549.999005	gene 18.5	85
549.999005	gene 18.7	82
549.999005	gene 19.2	62
549.999005	gene 19.3	76
549.999005	gene 19.5	87
549.999005	gene 2.5	391
549.999005	gene 2.8	348
549.999005	gene 3	288
549.999005	gene 3.8	422
549.999005	gene 4.2	327
549.999005	gene 4.3	440
549.999005	gene 4.5	508
549.999005	gene 4.7	447
549.999005	gene 4A	138
549.999005	gene 5	168
549.999005	gene 5.3	429
549.999005	gene 5.5	392
549.999005	gene 5.7	385
549.999005	gene 5.9	367
549.999005	gene 6	225
549.999005	gene 6.3	384
549.999005	gene 6.5	435
549.999005	gene 6.7	383
549.999005	gene 7	387
549.999005	gene 7.3	398
549.999005	gene 7.7	395
549.999005	gene 8	123
549.999005	gene 9	393
549.999005	gp-2	79
549.999005	lysozyme-3.5	221
549.999005	protein_kinase-0.7	267
549.999005	rbs	2083
549.999005	ribosome	5
549.999005	rnapol-1	38
549.999005	rnapol-3.5	123
554.999000	E. coli B promoter	1
554.999000	E. coli C promoter	1
554.999000	E. coli promoter A1	1
554.999000	E. coli promoter A2	1
554.999000	E. coli promoter A3	1
554.999000	T7 promoter phi1.1A	1
554.999000	T7 promoter phi1.1B	1
554.999000	T7 promoter phi1.3	1
554.999000	T7 promoter phi1.5	1
554.999000	T7 promoter phi1.6	1
554.999000	T7 promoter phi10	0
554.999000	T7 promoter phi13	1
554.999000	T7 promoter phi17	1
554.999000	T7 promoter phi2.5	1
554.999000	T7 promoter phi3.8	1
554.999000	T7 promoter phi4.3	1
554.999000	T7 promoter phi4.7	1
554.999000	T7 promoter phi4c	1
554.999000	T7 promoter phi6.5	1
554.999000	T7 promoter phi9	1
554.999000	bound_ecolipol	0
554.999000	bound_ecolipol_p	1549
554.999000	bound_ribosome	5685
554.999000	degraded_transcript	15352
554.999000	ecoli_genome	251
554.999000	ecoli_transcript	26445
554.999000	ecolipol	0
554.999000	ecolipol-2	0
554.999000	ecolipol-2-p	205
554.999000	ecolipol-p	45
554.999000	gene 0.3	417
554.999000	gene 1.1	455
554.999000	gene 1.2	406
554.999000	gene 1.3	395
554.999000	gene 1.4	316
554.999000	gene 1.5	280
554.999000	gene 1.6	290
554.999000	gene 1.7	279
554.999000	gene 1.8	279
554.999000	gene 10A	835
554.999000	gene 11	131
554.999000	gene 12	17
554.999000	gene 13	181
554.999000	gene 14	141
554.999000	gene 15	15
554.999000	gene 17	15
554.999000	gene 17.5	116
554.999000	gene 18	111
554.999000	gene 18.5	94
554.999000	gene 18.7	93
554.999000	gene 19	2
554.999000	gene 19.2	75
554.999000	gene 19.3	89
554.999000	gene 19.5	99
554.999000	gene 2.5	408
554.999000	gene 2.8	366
554.999000	gene 3	301
554.999000	gene 3.8	439
554.999000	gene 4.2	340
554.999000	gene 4.3	459
554.999000	gene 4.5	526
554.999000	gene 4.7	465
554.999000	gene 4A	146
554.999000	gene 5	185
554.999000	gene 5.3	458
554.999000	gene 5.5	406
554.999000	gene 5.7	402
554.999000	gene 5.9	385
554.999000	gene 6	239
554.999000	gene 6.3	399
554.999000	gene 6.5	460
554.999000	gene 6.7	399
554.999000	gene 7	411
554.999000	gene 7.3	420
554.999000	gene 7.7	414
554.999000	gene 8	138
554.999000	gene 9	422
554.999000	gp-2	82
554.999000	lysozyme-3.5	220
554.999000	protein_kinase-0.7	270
554.999000	rbs	2205
554.999000	ribosome	7
554.999000	rnapol-1	35
554.999000	rnapol-3.5	131
559.999003	E. coli B promoter	1
559.999003	E. coli C promoter	1
559.999003	E. coli promoter A1	1
559.999003	E. coli promoter A2	1
559.999003	E. coli promoter A3	1
559.999003	T7 promoter phi1.1A	1
559.999003	T7 promoter phi1.1B	1
559.999003	T7 promoter phi1.3	1
559.999003	T7 promoter phi1.5	1
559.999003	T7 promoter phi1.6	1
559.999003	T7 promoter phi10	0
559.999003	T7 promoter phi13	1
559.999003	T7 promoter phi17	0
559.999003	T7 promoter phi2.5	1
559.999003	T7 promoter phi3.8	1
559.999003	T7 promoter phi4.3	1
559.999003	T7 promoter phi4.7	1
559.999003	T7 promoter phi4c	1
559.999003	T7 promoter phi6.5	1
559.999003	T7 promoter phi9	1
559.999003	bound_ecolipol	0
559.999003	bound_ecolipol_p	1545
559.999003	bound_ribosome	5578
559.999003	degraded_transcript	15587
559.999003	ecoli_genome	255
559.999003	ecoli_transcript	26579
559.999003	ecolipol	0
559.999003	ecolipol-2	0
559.999003	ecolipol-2-p	209
559.999003	ecolipol-p	45
559.999003	gene 0.3	421
559.999003	gene 1.1	466
559.999003	gene 1.2	412
559.999003	gene 1.3	408
559.999003	gene 1.4	326
559.999003	gene 1.5	293
559.999003	gene 1.6	303
559.999003	gene 1.7	289
559.999003	gene 1.8	289
559.999003	gene 10A	896
559.999003	gene 11	138
559.999003	gene 12	24
559.999003	gene 13	188
559.999003	gene 14	153
559.999003	gene 15	18
559.999003	gene 17	23
559.999003	gene 17.5	131
559.999003	gene 18	120
559.999003	gene 18.5	105
559.999003	gene 18.7	108
559.999003	gene 19	4
559.999003	gene 19.2	85
559.999003	gene 19.3	100
559.999003	gene 19.5	114
559.999003	gene 2.5	425
559.999003	gene 2.8	385
559.999003	gene 3	312
559.999003	gene 3.8	455
559.999003	gene 4.2	355
559.999003	gene 4.3	479
559.999003	gene 4.5	549
559.999003	gene 4.7	483
559.999003	gene 4A	157
559.999003	gene 5	199
559.999003	gene 5.3	475
559.999003	gene 5.5	424
559.999003	gene 5.7	420
559.999003	gene 5.9	404
559.999003	gene 6	257
559.999003	gene 6.3	422
559.999003	gene 6.5	486
559.999003	gene 6.7	419
559.999003	gene 7	432
559.999003	gene 7.3	441
559.999003	gene 7.7	435
559.999003	gene 8	154
559.999003	gene 9	448
559.999003	gp-2	90
559.999003	lysozyme-3.5	242
559.999003	protein_kinase-0.7	276
559.999003	rbs	2274
559.999003	ribosome	3
559.999003	rnapol-1	41
559.999003	rnapol-3.5	120
564.999005	E. coli B promoter	1
564.999005	E. coli C promoter	1
564.999005	E. coli promoter A1	1
564.999005	E. coli promoter A2	1
564.999005	E. coli promoter A3	1
564.999005	T7 promoter phi1.1A	1
564.999005	T7 promoter phi1.1B	1
564.999005	T7 promoter phi1.3	1
564.999005	T7 promoter phi1.5	1
564.999005	T7 promoter phi1.6	1
564.999005	T7 promoter phi10	1
564.999005	T7 promoter phi13	1
564.999005	T7 promoter phi17	1
564.999005	T7 promoter phi2.5	1
564.999005	T7 promoter phi3.8	0
564.999005	T7 promoter phi4.3	1
564.999005	T7 promoter phi4.7	1
564.999005	T7 promoter phi4c	1
564.999005	T7 promoter phi6.5	1
564.999005	T7 promoter phi9	0
564.999005	bound_ecolipol	0
564.999005	bound_ecolipol_p	1548
564.999005	bound_ribosome	5514
564.999005	degraded_transcript	15854
564.999005	ecoli_genome	252
564.999005	ecoli_transcript	26661
564.999005	ecolipol	0
564.999005	ecolipol-2	0
564.999005	ecolipol-2-p	216
564.999005	ecolipol-p	35
564.999005	gene 0.3	425
564.999005	gene 1.1	474
564.999005	gene 1.2	424
564.999005	gene 1.3	418
564.999005	gene 1.4	341
564.999005	gene 1.5	301
564.999005	gene 1.6	318
564.999005	gene 1.7	298
564.999005	gene 1.8	305
564.999005	gene 10A	984
564.999005	gene 11	150
564.999005	gene 12	31
564.999005	gene 13	202
564.999005	gene 14	163
564.999005	gene 15	24
564.999005	gene 17	32
564.999005	gene 17.5	142
564.999005	gene 18	132
564.999005	gene 18.5	117
564.999005	gene 18.7	117
564.999005	gene 19	8
564.999005	gene 19.2	96
564.999005	gene 19.3	113
564.999005	gene 19.5	127
564.999005	gene 2.5	448
564.999005	gene 2.8	402
564.999005	gene 3	324
564.999005	gene 3.8	471
564.999005	gene 4.2	371
564.999005	gene 4.3	497
564.999005	gene 4.5	572
564.999005	gene 4.7	509
564.999005	gene 4A	170
564.999005	gene 5	215
564.999005	gene 5.3	504
564.999005	gene 5.5	442
564.999005	gene 5.7	436
564.999005	gene 5.9	421
564.999005	gene 6	273
564.999005	gene 6.3	438
564.999005	gene 6.5	509
564.999005	gene 6.7	434
564.999005	gene 7	447
564.999005	gene 7.3	460
564.999005	gene 7.7	460
564.999005	gene 8	167
564.999005	gene 9	488
564.999005	gp-2	97
564.999005	lysozyme-3.5	234
564.999005	protein_kinase-0.7	277
564.999005	rbs	2323
564.999005	ribosome	7
564.999005	rnapol-1	29
564.999005	rnapol-3.5	139
569.999039	E. coli B promoter	1
569.999039	E. coli C promoter	1
569.999039	E. coli promoter A1	1
569.999039	E. coli promoter A2	1
569.999039	E. coli promoter A3	1
569.999039	T7 promoter phi1.1A	1
569.999039	T7 promoter phi1.1B	1
569.999039	T7 promoter phi1.3	1
569.999039	T7 promoter phi1.5	1
569.999039	T7 promoter phi1.6	0
569.999039	T7 promoter phi10	0
569.999039	T7 promoter phi13	1
569.999039	T7 promoter phi17	0
569.999039	T7 promoter phi2.5	1
569.999039	T7 promoter phi3.8	1
569.999039	T7 promoter phi4.3	0
569.999039	T7 promoter phi4.7	1
569.999039	T7 promoter phi4c	1
569.999039	T7 promoter phi6.5	1
569.999039	T7 promoter phi9	1
569.999039	bound_ecolipol	0
569.999039	bound_ecolipol_p	1533
569.999039	bound_ribosome	5430
569.999039	degraded_transcript	16085
569.999039	ecoli_genome	267
569.999039	ecoli_transcript	26825
569.999039	ecolipol	0
569.999039	ecolipol-2	0
569.999039	ecolipol-2-p	223
569.999039	ecolipol-p	43
569.999039	gene 0.3	428
569.999039	gene 1.1	482
569.999039	gene 1.2	431
569.999039	gene 1.3	433
569.999039	gene 1.4	350
569.999039	gene 1.5	311
569.999039	gene 1.6	331
569.999039	gene 1.7	309
569.999039	gene 1.8	317
569.999039	gene 10A	1055
569.999039	gene 11	160
569.999039	gene 12	35
569.999039	gene 13	219
569.999039	gene 14	180
569.999039	gene 15	27
569.999039	gene 17	43
569.999039	gene 17.5	152
569.999039	gene 18	144
569.999039	gene 18.5	133
569.999039	gene 18.7	124
569.999039	gene 19	11
569.999039	gene 19.2	108
569.999039	gene 19.3	125
569.999039	gene 19.5	139
569.999039	gene 2.5	465
569.999039	gene 2.8	416
569.999039	gene 3	337
569.999039	gene 3.8	497
569.999039	gene 4.2	383
569.999039	gene 4.3	523
569.999039	gene 4.5	597
569.999039	gene 4.7	533
569.999039	gene 4A	181
569.999039	gene 5	235
569.999039	gene 5.3	527
569.999039	gene 5.5	459
569.999039	gene 5.7	454
569.999039	gene 5.9	443
569.999039	gene 6	293
569.999039	gene 6.3	457
569.999039	gene 6.5	531
569.999039	gene 6.7	453
569.999039	gene 7	467
569.999039	gene 7.3	483
569.999039	gene 7.7	484
569.999039	gene 8	187
569.999039	gene 9	518
569.999039	gp-2	102
569.999039	lysozyme-3.5	251
569.999039	protein_kinase-0.7	280
569.999039	rbs	2434
569.999039	ribosome	6
569.999039	rnapol-1	35
569.999039	rnapol-3.5	136
574.999014	E. coli B promoter	1
574.999014	E. coli C promoter	1
574.999014	E. coli promoter A1	1
574.999014	E. coli promoter A2	1
574.999014	E. coli promoter A3	1
574.999014	T7 promoter phi1.1A	1
574.999014	T7 promoter phi1.1B	1
574.999014	T7 promoter phi1.3	1
574.999014	T7 promoter phi1.5	1
574.999014	T7 promoter phi1.6	1
574.999014	T7 promoter phi10	0
574.999014	T7 promoter phi13	1
574.999014	T7 promoter phi17	0
574.999014	T7 promoter phi2.5	0
574.999014	T7 promoter phi3.8	1
574.999014	T7 promoter phi4.3	1
574.999014	T7 promoter phi4.7	1
574.999014	T7 promoter phi4c	0
574.999014	T7 promoter phi6.5	1
574.999014	T7 promoter phi9	0
574.999014	bound_ecolipol	0
574.999014	bound_ecolipol_p	1529
574.999014	bound_ribosome	5315
574.999014	degraded_transcript	16371
574.999014	ecoli_genome	271
574.999014	ecoli_transcript	26946
574.999014	ecolipol	0
574.999014	ecolipol-2	0
574.999014	ecolipol-2-p	237
574.999014	ecolipol-p	33
574.999014	gene 0.3	433
574.999014	gene 1.1	490
574.999014	gene 1.2	439
574.999014	gene 1.3	447
574.999014	gene 1.4	360
574.999014	gene 1.5	318
574.999014	gene 1.6	342
574.999014	gene 1.7	320
574.999014	gene 1.8	326
574.999014	gene 10A	1146
574.999014	gene 11	169
574.999014	gene 12	40
574.999014	gene 13	232
574.999014	gene 14	193
574.999014	gene 15	34
574.999014	gene 17	50
574.999014	gene 17.5	163
574.999014	gene 18	154
574.999014	gene 18.5	147
574.999014	gene 18.7	140
574.999014	gene 19	19
574.999014	gene 19.2	118
574.999014	gene 19.3	138
574.999014	gene 19.5	152
574.999014	gene 2.5	485
574.999014	gene 2.8	429
574.999014	gene 3	350
574.999014	gene 3.8	514
574.999014	gene 4.2	401
574.999014	gene 4.3	549
574.999014	gene 4.5	617
574.999014	gene 4.7	558
574.999014	gene 4A	187
574.999014	gene 5	254
574.999014	gene 5.3	546
574.999014	gene 5.5	478
574.999014	gene 5.7	466
574.999014	gene 5.9	461
574.999014	gene 6	313
574.999014	gene 6.3	474
574.999014	gene 6.5	555
574.999014	gene 6.7	473
574.999014	gene 7	487
574.999014	gene 7.3	501
574.999014	gene 7.7	502
574.999014	gene 8	206
574.999014	gene 9	558
574.999014	gp-2	100
574.999014	lysozyme-3.5	253
574.999014	protein_kinase-0.7	283
574.999014	rbs	2501
574.999014	ribosome	5
574.999014	rnapol-1	30
574.999014	rnapol-3.5	144
579.999017	E. coli B promoter	1
579.999017	E. coli C promoter	1
579.999017	E. coli promoter A1	1
579.999017	E. coli promoter A2	1
579.999017	E. coli promoter A3	1
579.999017	T7 promoter phi1.1A	1
579.999017	T7 promoter phi1.1B	1
579.999017	T7 promoter phi1.3	1
579.999017	T7 promoter phi1.5	1
579.999017	T7 promoter phi1.6	1
579.999017	T7 promoter phi10	0
579.999017	T7 promoter phi13	1
579.999017	T7 promoter phi17	0
579.999017	T7 promoter phi2.5	1
579.999017	T7 promoter phi3.8	1
579.999017	T7 promoter phi4.3	1
579.999017	T7 promoter phi4.7	1
579.999017	T7 promoter phi4c	1
579.999017	T7 promoter phi6.5	1
579.999017	T7 promoter phi9	1
579.999017	bound_ecolipol	0
579.999017	bound_ecolipol_p	1502
579.999017	bound_ribosome	5206
579.999017	degraded_transcript	16638
579.999017	ecoli_genome	298
579.999017	ecoli_transcript	27097
579.999017	ecolipol	0
579.999017	ecolipol-2	0
579.999017	ecolipol-2-p	248
579.999017	ecolipol-p	49
579.999017	gene 0.3	436
579.999017	gene 1.1	502
579.999017	gene 1.2	445
579.999017	gene 1.3	463
579.999017	gene 1.4	374
579.999017	gene 1.5	327
579.999017	gene 1.6	355
579.999017	gene 1.7	333
579.999017	gene 1.8	342
579.999017	gene 10A	1226
579.999017	gene 11	177
579.999017	gene 12	47
579.999017	gene 13	257
579.999017	gene 14	204
579.999017	gene 15	44
579.999017	gene 17	59
579.999017	gene 17.5	173
579.999017	gene 18	174
579.999017	gene 18.5	155
579.999017	gene 18.7	154
579.999017	gene 19	28
579.999017	gene 19.2	133
579.999017	gene 19.3	152
579.999017	gene 19.5	166
579.999017	gene 2.5	501
579.999017	gene 2.8	440
579.999017	gene 3	361
579.999017	gene 3.8	528
579.999017	gene 4.2	417
579.999017	gene 4.3	571
579.999017	gene 4.5	632
579.999017	gene 4.7	582
579.999017	gene 4A	202
579.999017	gene 5	270
579.999017	gene 5.3	568
579.999017	gene 5.5	502
579.999017	gene 5.7	487
579.999017	gene 5.9	482
579.999017	gene 6	330
579.999017	gene 6.3	491
579.999017	gene 6.5	583
579.999017	gene 6.7	496
579.999017	gene 7	510
579.999017	gene 7.3	523
579.999017	gene 7.7	529
579.999017	gene 8	223
579.999017	gene 9	590
579.999017	gp-2	106
579.999017	lysozyme-3.5	270
579.999017	protein_kinase-0.7	285
579.999017	rbs	2586
579.999017	ribosome	7
579.999017	rnapol-1	39
579.999017	rnapol-3.5	139
584.999026	E. coli B promoter	1
584.999026	E. coli C promoter	1
584.999026	E. coli promoter A1	1
584.999026	E. coli promoter A2	1
584.999026	E. coli promoter A3	1
584.999026	T7 promoter phi1.1A	1
584.999026	T7 promoter phi1.1B	1
584.999026	T7 promoter phi1.3	1
584.999026	T7 promoter phi1.5	1
584.999026	T7 promoter phi1.6	1
584.999026	T7 promoter phi10	1
584.999026	T7 promoter phi13	1
584.999026	T7 promoter phi17	1
584.999026	T7 promoter phi2.5	1
584.999026	T7 promoter phi3.8	1
584.999026	T7 promoter phi4.3	1
584.999026	T7 promoter phi4.7	1
584.999026	T7 promoter phi4c	1
584.999026	T7 promoter phi6.5	1
584.999026	T7 promoter phi9	1
584.999026	bound_ecolipol	0
584.999026	bound_ecolipol_p	1500
584.999026	bound_ribosome	5139
584.999026	degraded_transcript	16887
584.999026	ecoli_genome	300
584.999026	ecoli_transcript	27225
584.999026	ecolipol	0
584.999026	ecolipol-2	0
584.999026	ecolipol-2-p	266
584.999026	ecolipol-p	33
584.999026	gene 0.3	438
584.999026	gene 1.1	510
584.999026	gene 1.2	453
584.999026	gene 1.3	479
584.999026	gene 1.4	387
584.999026	gene 1.5	334
584.999026	gene 1.6	367
584.999026	gene 1.7	345
584.999026	gene 1.8	353
584.999026	gene 10A	1300
584.999026	gene 11	187
584.999026	gene 12	50
584.999026	gene 13	269
584.999026	gene 14	220
584.999026	gene 15	52
584.999026	gene 17	69
584.999026	gene 17.5	183
584.999026	gene 18	188
584.999026	gene 18.5	166
584.999026	gene 18.7	163
584.999026	gene 19	34
584.999026	gene 19.2	144
584.999026	gene 19.3	171
584.999026	gene 19.5	180
584.999026	gene 2.5	515
584.999026	gene 2.8	463
584.999026	gene 3	375
584.999026	gene 3.8	549
584.999026	gene 4.2	433
584.999026	gene 4.3	586
584.999026	gene 4.5	657
584.999026	gene 4.7	598
584.999026	gene 4A	212
584.999026	gene 5	295
584.999026	gene 5.3	595
584.999026	gene 5.5	524
584.999026	gene 5.7	501
584.999026	gene 5.9	502
584.999026	gene 6	347
584.999026	gene 6.3	510
584.999026	gene 6.5	609
584.999026	gene 6.7	524
584.999026	gene 7	535
584.999026	gene 7.3	543
584.999026	gene 7.7	561
584.999026	gene 8	240
584.999026	gene 9	620
584.999026	gp-2	100
584.999026	lysozyme-3.5	280
584.999026	protein_kinase-0.7	288
584.999026	rbs	2648
584.999026	ribosome	6
584.999026	rnapol-1	39
584.999026	rnapol-3.5	140
589.999003	E. coli B promoter	1
589.999003	E. coli C promoter	1
589.999003	E. coli promoter A1	1
589.999003	E. coli promoter A2	1
589.999003	E. coli promoter A3	1
589.999003	T7 promoter phi1.1A	1
589.999003	T7 promoter phi1.1B	1
589.999003	T7 promoter phi1.3	1
589.999003	T7 promoter phi1.5	1
589.999003	T7 promoter phi1.6	1
589.999003	T7 promoter phi10	0
589.999003	T7 promoter phi13	1
589.999003	T7 promoter phi17	0
589.999003	T7 promoter phi2.5	1
589.999003	T7 promoter phi3.8	1
589.999003	T7 promoter phi4.3	1
589.999003	T7 promoter phi4.7	1
589.999003	T7 promoter phi4c	0
589.999003	T7 promoter phi6.5	1
589.999003	T7 promoter phi9	0
589.999003	bound_ecolipol	0
589.999003	bound_ecolipol_p	1480
589.999003	bound_ribosome	5009
589.999003	degraded_transcript	17177
589.999003	ecoli_genome	320
589.999003	ecoli_transcript	27376
589.999003	ecolipol	0
589.999003	ecolipol-2	0
589.999003	ecolipol-2-p	266
589.999003	ecolipol-p	53
589.999003	gene 0.3	440
589.999003	gene 1.1	516
589.999003	gene 1.2	460
589.999003	gene 1.3	490
589.999003	gene 1.4	396
589.999003	gene 1.5	345
589.999003	gene 1.6	379
589.999003	gene 1.7	351
589.999003	gene 1.8	365
589.999003	gene 10A	1388
589.999003	gene 11	197
589.999003	gene 12	59
589.999003	gene 13	277
589.999003	gene 14	230
589.999003	gene 15	57
589.999003	gene 17	80
589.999003	gene 17.5	199
589.999003	gene 18	204
589.999003	gene 18.5	182
589.999003	gene 18.7	174
589.999003	gene 19	42
589.999003	gene 19.2	154
589.999003	gene 19.3	183
589.999003	gene 19.5	198
589.999003	gene 2.5	528
589.999003	gene 2.8	482
589.999003	gene 3	391
589.999003	gene 3.8	575
589.999003	gene 4.2	446
589.999003	gene 4.3	606
589.999003	gene 4.5	682
589.999003	gene 4.7	621
589.999003	gene 4A	220
589.999003	gene 5	316
589.999003	gene 5.3	613
589.999003	gene 5.5	553
589.999003	gene 5.7	526
589.999003	gene 5.9	521
589.999003	gene 6	365
589.999003	gene 6.3	528
589.999003	gene 6.5	632
589.999003	gene 6.7	544
589.999003	gene 7	557
589.999003	gene 7.3	563
589.999003	gene 7.7	588
589.999003	gene 8	262
589.999003	gene 9	658
589.999003	gp-2	113
589.999003	lysozyme-3.5	284
589.999003	protein_kinase-0.7	290
589.999003	rbs	2769
589.999003	ribosome	10
589.999003	rnapol-1	29
589.999003	rnapol-3.5	148
594.999001	E. coli B promoter	1
594.999001	E. coli C promoter	1
594.999001	E. coli promoter A1	1
594.999001	E. coli promoter A2	1
594.999001	E. coli promoter A3	1
594.999001	T7 promoter phi1.1A	1
594.999001	T7 promoter phi1.1B	1
594.999001	T7 promoter phi1.3	1
594.999001	T7 promoter phi1.5	1
594.999001	T7 promoter phi1.6	1
594.999001	T7 promoter phi10	1
594.999001	T7 promoter phi13	1
594.999001	T7 promoter phi17	1
594.999001	T7 promoter phi2.5	1
594.999001	T7 promoter phi3.8	1
594.999001	T7 promoter phi4.3	1
594.999001	T7 promoter phi4.7	1
594.999001	T7 promoter phi4c	1
594.999001	T7 promoter phi6.5	1
594.999001	T7 promoter phi9	0
594.999001	bound_ecolipol	0
594.999001	bound_ecolipol_p	1505
594.999001	bound_ribosome	4942
594.999001	degraded_transcript	17456
594.999001	ecoli_genome	295
594.999001	ecoli_transcript	27482
594.999001	ecolipol	0
594.999001	ecolipol-2	0
594.999001	ecolipol-2-p	258
594.999001	ecolipol-p	36
594.999001	gene 0.3	440
594.999001	gene 1.1	523
594.999001	gene 1.2	468
594.999001	gene 1.3	507
594.999001	gene 1.4	409
594.999001	gene 1.5	354
594.999001	gene 1.6	389
594.999001	gene 1.7	364
594.999001	gene 1.8	379
594.999001	gene 10A	1458
594.999001	gene 11	209
594.999001	gene 12	71
594.999001	gene 13	291
594.999001	gene 14	244
594.999001	gene 15	69
594.999001	gene 17	98
594.999001	gene 17.5	215
594.999001	gene 18	221
594.999001	gene 18.5	194
594.999001	gene 18.7	182
594.999001	gene 19	53
594.999001	gene 19.2	167
594.999001	gene 19.3	190
594.999001	gene 19.5	214
594.999001	gene 2.5	549
594.999001	gene 2.8	502
594.999001	gene 3	409
594.999001	gene 3.8	599
594.999001	gene 4.2	464
594.999001	gene 4.3	619
594.999001	gene 4.5	712
594.999001	gene 4.7	648
594.999001	gene 4A	228
594.999001	gene 5	340
594.999001	gene 5.3	636
594.999001	gene 5.5	575
594.999001	gene 5.7	543
594.999001	gene 5.9	543
594.999001	gene 6	382
594.999001	gene 6.3	553
594.999001	gene 6.5	649
594.999001	gene 6.7	570
594.999001	gene 7	574
594.999001	gene 7.3	584
594.999001	gene 7.7	615
594.999001	gene 8	278
594.999001	gene 9	698
594.999001	gp-2	132
594.999001	lysozyme-3.5	300
594.999001	protein_kinase-0.7	293
594.999001	rbs	2880
594.999001	ribosome	2
594.999001	rnapol-1	34
594.999001	rnapol-3.5	150
599.999001	E. coli B promoter	1
599.999001	E. coli C promoter	1
599.999001	E. coli promoter A1	1
599.999001	E. coli promoter A2	1
599.999001	E. coli promoter A3	1
599.999001	T7 promoter phi1.1A	1
599.999001	T7 promoter phi1.1B	1
599.999001	T7 promoter phi1.3	1
599.999001	T7 promoter phi1.5	1
599.999001	T7 promoter phi1.6	1
599.999001	T7 promoter phi10	1
599.999001	T7 promoter phi13	1
599.999001	T7 promoter phi17	1
599.999001	T7 promoter phi2.5	1
599.999001	T7 promoter phi3.8	1
599.999001	T7 promoter phi4.3	0
599.999001	T7 promoter phi4.7	1
599.999001	T7 promoter phi4c	1
599.999001	T7 promoter phi6.5	1
599.999001	T7 promoter phi9	1
599.999001	bound_ecolipol	0
599.999001	bound_ecolipol_p	1492
599.999001	bound_ribosome	4899
599.999001	degraded_transcript	17722
599.999001	ecoli_genome	308
599.999001	ecoli_transcript	27566
599.999001	ecolipol	0
599.999001	ecolipol-2	0
599.999001	ecolipol-2-p	271
599.999001	ecolipol-p	36
599.999001	gene 0.3	442
599.999001	gene 1.1	535
599.999001	gene 1.2	484
599.999001	gene 1.3	520
599.999001	gene 1.4	415
599.999001	gene 1.5	363
599.999001	gene 1.6	401
599.999001	gene 1.7	378
599.999001	gene 1.8	388
599.999001	gene 10A	1525
599.999001	gene 11	218
599.999001	gene 12	77
599.999001	gene 13	299
599.999001	gene 14	257
599.999001	gene 15	74
599.999001	gene 17	120
599.999001	gene 17.5	232
599.999001	gene 18	241
599.999001	gene 18.5	212
599.999001	gene 18.7	188
599.999001	gene 19	60
599.999001	gene 19.2	181
599.999001	gene 19.3	204
599.999001	gene 19.5	227
599.999001	gene 2.5	564
599.999001	gene 2.8	518
599.999001	gene 3	431
599.999001	gene 3.8	619
599.999001	gene 4.2	476
599.999001	gene 4.3	642
599.999001	gene 4.5	736
599.999001	gene 4.7	672
599.999001	gene 4A	240
599.999001	gene 5	359
599.999001	gene 5.3	663
599.999001	gene 5.5	598
599.999001	gene 5.7	570
599.999001	gene 5.9	559
599.999001	gene 6	400
599.999001	gene 6.3	567
599.999001	gene 6.5	674
599.999001	gene 6.7	593
599.999001	gene 7	588
599.999001	gene 7.3	619
599.999001	gene 7.7	642
599.999001	gene 8	305
599.999001	gene 9	732
599.999001	gp-2	127
599.999001	lysozyme-3.5	309
599.999001	protein_kinase-0.7	296
599.999001	rbs	2993
599.999001	ribosome	5
599.999001	rnapol-1	28
599.999001	rnapol-3.5	162
604.999003	E. coli B promoter	1
604.999003	E. coli C promoter	1
604.999003	E. coli promoter A1	1
604.999003	E. coli promoter A2	1
604.999003	E. coli promoter A3	1
604.999003	T7 promoter phi1.1A	1
604.999003	T7 promoter phi1.1B	1
604.999003	T7 promoter phi1.3	1
604.999003	T7 promoter phi1.5	1
604.999003	T7 promoter phi1.6	1
604.999003	T7 promoter phi10	1
604.999003	T7 promoter phi13	1
604.999003	T7 promoter phi17	1
604.999003	T7 promoter phi2.5	1
604.999003	T7 promoter phi3.8	1
604.999003	T7 promoter phi4.3	1
604.999003	T7 promoter phi4.7	1
604.999003	T7 promoter phi4c	1
604.999003	T7 promoter phi6.5	1
604.999003	T7 promoter phi9	1
604.999003	bound_ecolipol	0
604.999003	bound_ecolipol_p	1480
604.999003	bound_ribosome	4858
604.999003	degraded_transcript	18012
604.999003	ecoli_genome	320
604.999003	ecoli_transcript	27606
604.999003	ecolipol	0
604.999003	ecolipol-2	0
604.999003	ecolipol-2-p	282
604.999003	ecolipol-p	37
604.999003	gene 0.3	445
604.999003	gene 1.1	545
604.999003	gene 1.2	492
604.999003	gene 1.3	533
604.999003	gene 1.4	423
604.999003	gene 1.5	374
604.999003	gene 1.6	411
604.999003	gene 1.7	389
604.999003	gene 1.8	400
604.999003	gene 10A	1619
604.999003	gene 11	229
604.999003	gene 12	86
604.999003	gene 13	321
604.999003	gene 14	272
604.999003	gene 15	78
604.999003	gene 17	134
604.999003	gene 17.5	258
604.999003	gene 18	250
604.999003	gene 18.5	224
604.999003	gene 18.7	200
604.999003	gene 19	71
604.999003	gene 19.2	195
604.999003	gene 19.3	214
604.999003	gene 19.5	245
604.999003	gene 2.5	589
604.999003	gene 2.8	531
604.999003	gene 3	445
604.999003	gene 3.8	641
604.999003	gene 4.2	502
604.999003	gene 4.3	668
604.999003	gene 4.5	762
604.999003	gene 4.7	693
604.999003	gene 4A	247
604.999003	gene 5	379
604.999003	gene 5.3	680
604.999003	gene 5.5	617
604.999003	gene 5.7	596
604.999003	gene 5.9	574
604.999003	gene 6	422
604.999003	gene 6.3	583
604.999003	gene 6.5	701
604.999003	gene 6.7	620
604.999003	gene 7	624
604.999003	gene 7.3	653
604.999003	gene 7.7	668
604.999003	gene 8	328
604.999003	gene 9	772
604.999003	gp-2	131
604.999003	lysozyme-3.5	319
604.999003	protein_kinase-0.7	300
604.999003	rbs	3089
604.999003	ribosome	5
604.999003	rnapol-1	27
604.999003	rnapol-3.5	160
609.999039	E. coli B promoter	1
609.999039	E. coli C promoter	1
609.999039	E. coli promoter A1	1
609.999039	E. coli promoter A2	1
609.999039	E. coli promoter A3	1
609.999039	T7 promoter phi1.1A	1
609.999039	T7 promoter phi1.1B	1
609.999039	T7 promoter phi1.3	1
609.999039	T7 promoter phi1.5	1
609.999039	T7 promoter phi1.6	1
609.999039	T7 promoter phi10	0
609.999039	T7 promoter phi13	1
609.999039	T7 promoter phi17	1
609.999039	T7 promoter phi2.5	1
609.999039	T7 promoter phi3.8	1
609.999039	T7 promoter phi4.3	1
609.999039	T7 promoter phi4.7	1
609.999039	T7 promoter phi4c	1
609.999039	T7 promoter phi6.5	1
609.999039	T7 promoter phi9	1
609.999039	bound_ecolipol	0
609.999039	bound_ecolipol_p	1464
609.999039	bound_ribosome	4737
609.999039	degraded_transcript	18268
609.999039	ecoli_genome	336
609.999039	ecoli_transcript	27755
609.999039	ecolipol	0
609.999039	ecolipol-2	0
609.999039	ecolipol-2-p	295
609.999039	ecolipol-p	40
609.999039	gene 0.3	447
609.999039	gene 1.1	554
609.999039	gene 1.2	498
609.999039	gene 1.3	543
609.999039	gene 1.4	432
609.999039	gene 1.5	383
609.999039	gene 1.6	421
609.999039	gene 1.7	406
609.999039	gene 1.8	412
609.999039	gene 10A	1705
609.999039	gene 11	241
609.999039	gene 12	95
609.999039	gene 13	334
609.999039	gene 14	291
609.999039	gene 15	88
609.999039	gene 16	1
609.999039	gene 17	147
609.999039	gene 17.5	275
609.999039	gene 18	260
609.999039	gene 18.5	236
609.999039	gene 18.7	212
609.999039	gene 19	91
609.999039	gene 19.2	210
609.999039	gene 19.3	223
609.999039	gene 19.5	262
609.999039	gene 2.5	600
609.999039	gene 2.8	548
609.999039	gene 3	457
609.999039	gene 3.8	666
609.999039	gene 4.2	516
609.999039	gene 4.3	696
609.999039	gene 4.5	781
609.999039	gene 4.7	705
609.999039	gene 4A	256
609.999039	gene 5	399
609.999039	gene 5.3	696
609.999039	gene 5.5	644
609.999039	gene 5.7	611
609.999039	gene 5.9	590
609.999039	gene 6	438
609.999039	gene 6.3	600
609.999039	gene 6.5	725
609.999039	gene 6.7	643
609.999039	gene 7	649
609.999039	gene 7.3	678
609.999039	gene 7.7	695
609.999039	gene 8	347
609.999039	gene 9	813
609.999039	gp-2	123
609.999039	lysozyme-3.5	337
609.999039	protein_kinase-0.7	308
609.999039	rbs	3152
609.999039	ribosome	4
609.999039	rnapol-1	29
609.999039	rnapol-3.5	161
614.999004	E. coli B promoter	1
614.999004	E. coli C promoter	1
614.999004	E. coli promoter A1	1
614.999004	E. coli promoter A2	1
614.999004	E. coli promoter A3	1
614.999004	T7 promoter phi1.1A	1
614.999004	T7 promoter phi1.1B	1
614.999004	T7 promoter phi1.3	1
614.999004	T7 promoter phi1.5	1
614.999004	T7 promoter phi1.6	1
614.999004	T7 promoter phi10	0
614.999004	T7 promoter phi13	1
614.999004	T7 promoter phi17	1
614.999004	T7 promoter phi2.5	1
614.999004	T7 promoter phi3.8	1
614.999004	T7 promoter phi4.3	1
614.999004	T7 promoter phi4.7	1
614.999004	T7 promoter phi4c	1
614.999004	T7 promoter phi6.5	1
614.999004	T7 promoter phi9	0
614.999004	bound_ecolipol	0
614.999004	bound_ecolipol_p	1483
614.999004	bound_ribosome	4679
614.999004	degraded_transcript	18535
614.999004	ecoli_genome	317
614.999004	ecoli_transcript	27843
614.999004	ecolipol	0
614.999004	ecolipol-2	0
614.999004	ecolipol-2-p	284
614.999004	ecolipol-p	32
614.999004	gene 0.3	449
614.999004	gene 1.1	563
614.999004	gene 1.2	504
614.999004	gene 1.3	552
614.999004	gene 1.4	443
614.999004	gene 1.5	396
614.999004	gene 1.6	435
614.999004	gene 1.7	421
614.999004	gene 1.8	427
614.999004	gene 10A	1802
614.999004	gene 11	252
614.999004	gene 12	99
614.999004	gene 13	347
614.999004	gene 14	312
614.999004	gene 15	98
614.999004	gene 16	2
614.999004	gene 17	161
614.999004	gene 17.5	296
614.999004	gene 18	278
614.999004	gene 18.5	246
614.999004	gene 18.7	221
614.999004	gene 19	103
614.999004	gene 19.2	217
614.999004	gene 19.3	239
614.999004	gene 19.5	285
614.999004	gene 2.5	615
614.999004	gene 2.8	569
614.999004	gene 3	470
614.999004	gene 3.8	689
614.999004	gene 4.2	536
614.999004	gene 4.3	718
614.999004	gene 4.5	800
614.999004	gene 4.7	725
614.999004	gene 4A	267
614.999004	gene 5	419
614.999004	gene 5.3	718
614.999004	gene 5.5	672
614.999004	gene 5.7	632
614.999004	gene 5.9	613
614.999004	gene 6	458
614.999004	gene 6.3	618
614.999004	gene 6.5	753
614.999004	gene 6.7	675
614.999004	gene 7	671
614.999004	gene 7.3	704
614.999004	gene 7.7	713
614.999004	gene 8	369
614.999004	gene 9	851
614.999004	gp-2	154
614.999004	lysozyme-3.5	346
614.999004	protein_kinase-0.7	312
614.999004	rbs	3245
614.999004	ribosome	3
614.999004	rnapol-1	33
614.999004	rnapol-3.5	160
619.999001	E. coli B promoter	1
619.999001	E. coli C promoter	1
619.999001	E. coli promoter A1	1
619.999001	E. coli promoter A2	1
619.999001	E. coli promoter A3	1
619.999001	T7 promoter phi1.1A	1
619.999001	T7 promoter phi1.1B	1
619.999001	T7 promoter phi1.3	0
619.999001	T7 promoter phi1.5	1
619.999001	T7 promoter phi1.6	1
619.999001	T7 promoter phi10	1
619.999001	T7 promoter phi13	1
619.999001	T7 promoter phi17	1
619.999001	T7 promoter phi2.5	1
619.999001	T7 promoter phi3.8	1
619.999001	T7 promoter phi4.3	1
619.999001	T7 promoter phi4.7	1
619.999001	T7 promoter phi4c	1
619.999001	T7 promoter phi6.5	1
619.999001	T7 promoter phi9	1
619.999001	bound_ecolipol	0
619.999001	bound_ecolipol_p	1459
619.999001	bound_ribosome	4570
619.999001	degraded_transcript	18789
619.999001	ecoli_genome	341
619.999001	ecoli_transcript	27990
619.999001	ecolipol	0
619.999001	ecolipol-2	0
619.999001	ecolipol-2-p	306
619.999001	ecolipol-p	34
619.999001	gene 0.3	453
619.999001	gene 1.1	567
619.999001	gene 1.2	513
619.999001	gene 1.3	562
619.999001	gene 1.4	448
619.999001	gene 1.5	406
619.999001	gene 1.6	454
619.999001	gene 1.7	438
619.999001	gene 1.8	435
619.999001	gene 10A	1883
619.999001	gene 11	262
619.999001	gene 12	102
619.999001	gene 13	365
619.999001	gene 14	327
619.999001	gene 15	112
619.999001	gene 16	6
619.999001	gene 17	177
619.999001	gene 17.5	313
619.999001	gene 18	289
619.999001	gene 18.5	262
619.999001	gene 18.7	235
619.999001	gene 19	113
619.999001	gene 19.2	232
619.999001	gene 19.3	252
619.999001	gene 19.5	301
619.999001	gene 2.5	631
619.999001	gene 2.8	584
619.999001	gene 3	483
619.999001	gene 3.8	709
619.999001	gene 4.2	554
619.999001	gene 4.3	730
619.999001	gene 4.5	830
619.999001	gene 4.7	744
619.999001	gene 4A	271
619.999001	gene 5	437
619.999001	gene 5.3	748
619.999001	gene 5.5	694
619.999001	gene 5.7	649
619.999001	gene 5.9	631
619.999001	gene 6	474
619.999001	gene 6.3	644
619.999001	gene 6.5	776
619.999001	gene 6.7	702
619.999001	gene 7	698
619.999001	gene 7.3	731
619.999001	gene 7.7	729
619.999001	gene 8	387
619.999001	gene 9	882
619.999001	gp-2	143
619.999001	lysozyme-3.5	360
619.999001	protein_kinase-0.7	317
619.999001	rbs	3337
619.999001	ribosome	4
619.999001	rnapol-1	31
619.999001	rnapol-3.5	167
624.999015	E. coli B promoter	1
624.999015	E. coli C promoter	1
624.999015	E. coli promoter A1	1
624.999015	E. coli promoter A2	1
624.999015	E. coli promoter A3	1
624.999015	T7 promoter phi1.1A	1
624.999015	T7 promoter phi1.1B	1
624.999015	T7 promoter phi1.3	1
624.999015	T7 promoter phi1.5	1
624.999015	T7 promoter phi1.6	1
624.999015	T7 promoter phi10	1
624.999015	T7 promoter phi13	1
624.999015	T7 promoter phi17	1
624.999015	T7 promoter phi2.5	1
624.999015	T7 promoter phi3.8	1
624.999015	T7 promoter phi4.3	1
624.999015	T7 promoter phi4.7	1
624.999015	T7 promoter phi4c	1
624.999015	T7 promoter phi6.5	1
624.999015	T7 promoter phi9	1
624.999015	bound_ecolipol	0
624.999015	bound_ecolipol_p	1460
624.999015	bound_ribosome	4475
624.999015	degraded_transcript	19046
624.999015	ecoli_genome	340
624.999015	ecoli_transcript	28141
624.999015	ecolipol	0
624.999015	ecolipol-2	0
624.999015	ecolipol-2-p	289
624.999015	ecolipol-p	50
624.999015	gene 0.3	456
624.999015	gene 1.1	573
624.999015	gene 1.2	518
624.999015	gene 1.3	575
624.999015	gene 1.4	460
624.999015	gene 1.5	416
624.999015	gene 1.6	466
624.999015	gene 1.7	453
624.999015	gene 1.8	446
624.999015	gene 10A	1965
624.999015	gene 11	277
624.999015	gene 12	110
624.999015	gene 13	381
624.999015	gene 14	341
624.999015	gene 15	122
624.999015	gene 16	9
624.999015	gene 17	195
624.999015	gene 17.5	332
624.999015	gene 18	308
624.999015	gene 18.5	282
624.999015	gene 18.7	250
624.999015	gene 19	119
624.999015	gene 19.2	252
624.999015	gene 19.3	269
624.999015	gene 19.5	313
624.999015	gene 2.5	648
624.999015	gene 2.8	600
624.999015	gene 3	500
624.999015	gene 3.8	729
624.999015	gene 4.2	581
624.999015	gene 4.3	749
624.999015	gene 4.5	850
624.999015	gene 4.7	763
624.999015	gene 4A	277
624.999015	gene 5	457
624.999015	gene 5.3	767
624.999015	gene 5.5	713
624.999015	gene 5.7	668
624.999015	gene 5.9	656
624.999015	gene 6	497
624.999015	gene 6.3	658
624.999015	gene 6.5	800
624.999015	gene 6.7	720
624.999015	gene 7	723
624.999015	gene 7.3	762
624.999015	gene 7.7	754
624.999015	gene 8	402
624.999015	gene 9	921
624.999015	gp-2	173
624.999015	lysozyme-3.5	363
624.999015	protein_kinase-0.7	320
624.999015	rbs	3389
624.999015	ribosome	7
624.999015	rnapol-1	24
624.999015	rnapol-3.5	179
629.999001	E. coli B promoter	1
629.999001	E. coli C promoter	1
629.999001	E. coli promoter A1	1
629.999001	E. coli promoter A2	1
629.999001	E. coli promoter A3	1
629.999001	T7 promoter phi1.1A	1
629.999001	T7 promoter phi1.1B	1
629.999001	T7 promoter phi1.3	1
629.999001	T7 promoter phi1.5	1
629.999001	T7 promoter phi1.6	1
629.999001	T7 promoter phi10	0
629.999001	T7 promoter phi13	1
629.999001	T7 promoter phi17	0
629.999001	T7 promoter phi2.5	1
629.999001	T7 promoter phi3.8	0
629.999001	T7 promoter phi4.3	1
629.999001	T7 promoter phi4.7	1
629.999001	T7 promoter phi4c	1
629.999001	T7 promoter phi6.5	1
629.999001	T7 promoter phi9	0
629.999001	bound_ecolipol	0
629.999001	bound_ecolipol_p	1447
629.999001	bound_ribosome	4428
629.999001	degraded_transcript	19320
629.999001	ecoli_genome	353
629.999001	ecoli_transcript	28210
629.999001	ecolipol	0
629.999001	ecolipol-2	0
629.999001	ecolipol-2-p	308
629.999001	ecolipol-p	44
629.999001	gene 0.3	462
629.999001	gene 1.1	582
629.999001	gene 1.2	526
629.999001	gene 1.3	594
629.999001	gene 1.4	471
629.999001	gene 1.5	428
629.999001	gene 1.6	479
629.999001	gene 1.7	474
629.999001	gene 1.8	456
629.999001	gene 10A	2086
629.999001	gene 11	288
629.999001	gene 12	118
629.999001	gene 13	401
629.999001	gene 14	354
629.999001	gene 15	134
629.999001	gene 16	14
629.999001	gene 17	206
629.999001	gene 17.5	351
629.999001	gene 18	333
629.999001	gene 18.5	292
629.999001	gene 18.7	269
629.999001	gene 19	133
629.999001	gene 19.2	264
629.999001	gene 19.3	281
629.999001	gene 19.5	328
629.999001	gene 2.5	660
629.999001	gene 2.8	620
629.999001	gene 3	510
629.999001	gene 3.8	749
629.999001	gene 4.2	608
629.999001	gene 4.3	770
629.999001	gene 4.5	874
629.999001	gene 4.7	795
629.999001	gene 4A	292
629.999001	gene 5	480
629.999001	gene 5.3	792
629.999001	gene 5.5	736
629.999001	gene 5.7	691
629.999001	gene 5.9	681
629.999001	gene 6	516
629.999001	gene 6.3	679
629.999001	gene 6.5	827
629.999001	gene 6.7	747
629.999001	gene 7	746
629.999001	gene 7.3	793
629.999001	gene 7.7	777
629.999001	gene 8	423
629.999001	gene 9	957
629.999001	gp-2	164
629.999001	lysozyme-3.5	372
629.999001	protein_kinase-0.7	323
629.999001	rbs	3464
629.999001	ribosome	3
629.999001	rnapol-1	24
629.999001	rnapol-3.5	179
634.999004	E. coli B promoter	1
634.999004	E. coli C promoter	1
634.999004	E. coli promoter A1	1
634.999004	E. coli promoter A2	1
634.999004	E. coli promoter A3	1
634.999004	T7 promoter phi1.1A	1
634.999004	T7 promoter phi1.1B	1
634.999004	T7 promoter phi1.3	1
634.999004	T7 promoter phi1.5	1
634.999004	T7 promoter phi1.6	1
634.999004	T7 promoter phi10	0
634.999004	T7 promoter phi13	1
634.999004	T7 promoter phi17	1
634.999004	T7 promoter phi2.5	1
634.999004	T7 promoter phi3.8	1
634.999004	T7 promoter phi4.3	1
634.999004	T7 promoter phi4.7	1
634.999004	T7 promoter phi4c	1
634.999004	T7 promoter phi6.5	1
634.999004	T7 promoter phi9	1
634.999004	bound_ecolipol	0
634.999004	bound_ecolipol_p	1443
634.999004	bound_ribosome	4376
634.999004	degraded_transcript	19588
634.999004	ecoli_genome	357
634.999004	ecoli_transcript	28289
634.999004	ecolipol	0
634.999004	ecolipol-2	0
634.999004	ecolipol-2-p	321
634.999004	ecolipol-p	35
634.999004	gene 0.3	466
634.999004	gene 1.1	594
634.999004	gene 1.2	536
634.999004	gene 1.3	605
634.999004	gene 1.4	480
634.999004	gene 1.5	437
634.999004	gene 1.6	486
634.999004	gene 1.7	496
634.999004	gene 1.8	463
634.999004	gene 10A	2192
634.999004	gene 11	298
634.999004	gene 12	124
634.999004	gene 13	417
634.999004	gene 14	371
634.999004	gene 15	144
634.999004	gene 16	21
634.999004	gene 17	227
634.999004	gene 17.5	374
634.999004	gene 18	353
634.999004	gene 18.5	303
634.999004	gene 18.7	283
634.999004	gene 19	149
634.999004	gene 19.2	278
634.999004	gene 19.3	297
634.999004	gene 19.5	347
634.999004	gene 2.5	676
634.999004	gene 2.8	638
634.999004	gene 3	526
634.999004	gene 3.8	768
634.999004	gene 4.2	627
634.999004	gene 4.3	792
634.999004	gene 4.5	899
634.999004	gene 4.7	812
634.999004	gene 4A	302
634.999004	gene 5	509
634.999004	gene 5.3	815
634.999004	gene 5.5	757
634.999004	gene 5.7	721
634.999004	gene 5.9	704
634.999004	gene 6	534
634.999004	gene 6.3	697
634.999004	gene 6.5	855
634.999004	gene 6.7	774
634.999004	gene 7	775
634.999004	gene 7.3	820
634.999004	gene 7.7	801
634.999004	gene 8	446
634.999004	gene 9	998
634.999004	gp-2	165
634.999004	lysozyme-3.5	397
634.999004	protein_kinase-0.7	324
634.999004	rbs	3590
634.999004	ribosome	5
634.999004	rnapol-1	37
634.999004	rnapol-3.5	168
639.999009	E. coli B promoter	1
639.999009	E. coli C promoter	1
639.999009	E. coli promoter A1	1
639.999009	E. coli promoter A2	1
639.999009	E. coli promoter A3	1
639.999009	T7 promoter phi1.1A	1
639.999009	T7 promoter phi1.1B	1
639.999009	T7 promoter phi1.3	1
639.999009	T7 promoter phi1.5	1
639.999009	T7 promoter phi1.6	1
639.999009	T7 promoter phi10	1
639.999009	T7 promoter phi13	1
639.999009	T7 promoter phi17	1
639.999009	T7 promoter phi2.5	1
639.999009	T7 promoter phi3.8	1
639.999009	T7 promoter phi4.3	1
639.999009	T7 promoter phi4.7	1
639.999009	T7 promoter phi4c	1
639.999009	T7 promoter phi6.5	1
639.999009	T7 promoter phi9	1
639.999009	bound_ecolipol	0
639.999009	bound_ecolipol_p	1469
639.999009	bound_ribosome	4318
639.999009	degraded_transcript	19844
639.999009	ecoli_genome	331
639.999009	ecoli_transcript	28356
639.999009	ecolipol	0
639.999009	ecolipol-2	0
639.999009	ecolipol-2-p	300
639.999009	ecolipol-p	30
639.999009	gene 0.3	470
639.999009	gene 1.1	601
639.999009	gene 1.2	541
639.999009	gene 1.3	617
639.999009	gene 1.4	487
639.999009	gene 1.5	443
639.999009	gene 1.6	498
639.999009	gene 1.7	510
639.999009	gene 1.8	475
639.999009	gene 10A	2273
639.999009	gene 11	318
639.999009	gene 12	131
639.999009	gene 13	433
639.999009	gene 14	382
639.999009	gene 15	154
639.999009	gene 16	22
639.999009	gene 17	246
639.999009	gene 17.5	395
639.999009	gene 18	376
639.999009	gene 18.5	316
639.999009	gene 18.7	300
639.999009	gene 19	163
639.999009	gene 19.2	296
639.999009	gene 19.3	317
639.999009	gene 19.5	362
639.999009	gene 2.5	690
639.999009	gene 2.8	651
639.999009	gene 3	540
639.999009	gene 3.8	792
639.999009	gene 4.2	647
639.999009	gene 4.3	815
639.999009	gene 4.5	926
639.999009	gene 4.7	832
639.999009	gene 4A	318
639.999009	gene 5	531
639.999009	gene 5.3	839
639.999009	gene 5.5	775
639.999009	gene 5.7	750
639.999009	gene 5.9	729
639.999009	gene 6	554
639.999009	gene 6.3	716
639.999009	gene 6.5	885
639.999009	gene 6.7	802
639.999009	gene 7	801
639.999009	gene 7.3	845
639.999009	gene 7.7	825
639.999009	gene 8	463
639.999009	gene 9	1040
639.999009	gp-2	195
639.999009	lysozyme-3.5	393
639.999009	protein_kinase-0.7	327
639.999009	rbs	3677
639.999009	ribosome	2
639.999009	rnapol-1	23
639.999009	rnapol-3.5	176
644.999003	E. coli B promoter	1
644.999003	E. coli C promoter	1
644.999003	E. coli promoter A1	1
644.999003	E. coli promoter A2	1
644.999003	E. coli promoter A3	1
644.999003	T7 promoter phi1.1A	1
644.999003	T7 promoter phi1.1B	1
644.999003	T7 promoter phi1.3	1
644.999003	T7 promoter phi1.5	1
644.999003	T7 promoter phi1.6	1
644.999003	T7 promoter phi10	0
644.999003	T7 promoter phi13	1
644.999003	T7 promoter phi17	1
644.999003	T7 promoter phi2.5	1
644.999003	T7 promoter phi3.8	1
644.999003	T7 promoter phi4.3	1
644.999003	T7 promoter phi4.7	1
644.999003	T7 promoter phi4c	1
644.999003	T7 promoter phi6.5	0
644.999003	T7 promoter phi9	1
644.999003	bound_ecolipol	0
644.999003	bound_ecolipol_p	1429
644.999003	bound_ribosome	4226
644.999003	degraded_transcript	20119
644.999003	ecoli_genome	371
644.999003	ecoli_transcript	28452
644.999003	ecolipol	0
644.999003	ecolipol-2	0
644.999003	ecolipol-2-p	338
644.999003	ecolipol-p	32
644.999003	gene 0.3	472
644.999003	gene 1.1	609
644.999003	gene 1.2	548
644.999003	gene 1.3	632
644.999003	gene 1.4	496
644.999003	gene 1.5	452
644.999003	gene 1.6	513
644.999003	gene 1.7	525
644.999003	gene 1.8	489
644.999003	gene 10A	2366
644.999003	gene 11	328
644.999003	gene 12	143
644.999003	gene 13	452
644.999003	gene 14	398
644.999003	gene 15	163
644.999003	gene 16	27
644.999003	gene 17	259
644.999003	gene 17.5	417
644.999003	gene 18	395
644.999003	gene 18.5	331
644.999003	gene 18.7	312
644.999003	gene 19	183
644.999003	gene 19.2	312
644.999003	gene 19.3	329
644.999003	gene 19.5	381
644.999003	gene 2.5	713
644.999003	gene 2.8	667
644.999003	gene 3	558
644.999003	gene 3.8	810
644.999003	gene 4.2	666
644.999003	gene 4.3	831
644.999003	gene 4.5	948
644.999003	gene 4.7	854
644.999003	gene 4A	329
644.999003	gene 5	550
644.999003	gene 5.3	865
644.999003	gene 5.5	796
644.999003	gene 5.7	775
644.999003	gene 5.9	751
644.999003	gene 6	572
644.999003	gene 6.3	733
644.999003	gene 6.5	917
644.999003	gene 6.7	828
644.999003	gene 7	834
644.999003	gene 7.3	874
644.999003	gene 7.7	849
644.999003	gene 8	493
644.999003	gene 9	1083
644.999003	gp-2	172
644.999003	lysozyme-3.5	400
644.999003	protein_kinase-0.7	328
644.999003	rbs	3785
644.999003	ribosome	4
644.999003	rnapol-1	18
644.999003	rnapol-3.5	177
649.999011	E. coli B promoter	1
649.999011	E. coli C promoter	1
649.999011	E. coli promoter A1	1
649.999011	E. coli promoter A2	1
649.999011	E. coli promoter A3	1
649.999011	T7 promoter phi1.1A	1
649.999011	T7 promoter phi1.1B	1
649.999011	T7 promoter phi1.3	1
649.999011	T7 promoter phi1.5	1
649.999011	T7 promoter phi1.6	1
649.999011	T7 promoter phi10	1
649.999011	T7 promoter phi13	1
649.999011	T7 promoter phi17	1
649.999011	T7 promoter phi2.5	1
649.999011	T7 promoter phi3.8	1
649.999011	T7 promoter phi4.3	1
649.999011	T7 promoter phi4.7	1
649.999011	T7 promoter phi4c	1
649.999011	T7 promoter phi6.5	1
649.999011	T7 promoter phi9	0
649.999011	bound_ecolipol	0
649.999011	bound_ecolipol_p	1411
649.999011	bound_ribosome	4169
649.999011	degraded_transcript	20401
649.999011	ecoli_genome	389
649.999011	ecoli_transcript	28549
649.999011	ecolipol	0
649.999011	ecolipol-2	0
649.999011	ecolipol-2-p	356
649.999011	ecolipol-p	33
649.999011	gene 0.3	474
649.999011	gene 1.1	614
649.999011	gene 1.2	557
649.999011	gene 1.3	643
649.999011	gene 1.4	508
649.999011	gene 1.5	464
649.999011	gene 1.6	526
649.999011	gene 1.7	532
649.999011	gene 1.8	503
649.999011	gene 10A	2435
649.999011	gene 11	348
649.999011	gene 12	149
649.999011	gene 13	467
649.999011	gene 14	419
649.999011	gene 15	172
649.999011	gene 16	36
649.999011	gene 17	279
649.999011	gene 17.5	441
649.999011	gene 18	411
649.999011	gene 18.5	351
649.999011	gene 18.7	330
649.999011	gene 19	194
649.999011	gene 19.2	324
649.999011	gene 19.3	341
649.999011	gene 19.5	401
649.999011	gene 2.5	733
649.999011	gene 2.8	686
649.999011	gene 3	573
649.999011	gene 3.8	821
649.999011	gene 4.2	698
649.999011	gene 4.3	852
649.999011	gene 4.5	980
649.999011	gene 4.7	879
649.999011	gene 4A	346
649.999011	gene 5	568
649.999011	gene 5.3	887
649.999011	gene 5.5	819
649.999011	gene 5.7	794
649.999011	gene 5.9	772
649.999011	gene 6	598
649.999011	gene 6.3	751
649.999011	gene 6.5	953
649.999011	gene 6.7	848
649.999011	gene 7	854
649.999011	gene 7.3	895
649.999011	gene 7.7	875
649.999011	gene 8	516
649.999011	gene 9	1124
649.999011	gp-2	166
649.999011	lysozyme-3.5	420
649.999011	protein_kinase-0.7	332
649.999011	rbs	3948
649.999011	ribosome	3
649.999011	rnapol-1	26
649.999011	rnapol-3.5	175
654.999003	E. coli B promoter	1
654.999003	E. coli C promoter	1
654.999003	E. coli promoter A1	1
654.999003	E. coli promoter A2	1
654.999003	E. coli promoter A3	1
654.999003	T7 promoter phi1.1A	1
654.999003	T7 promoter phi1.1B	1
654.999003	T7 promoter phi1.3	1
654.999003	T7 promoter phi1.5	0
654.999003	T7 promoter phi1.6	1
654.999003	T7 promoter phi10	1
654.999003	T7 promoter phi13	1
654.999003	T7 promoter phi17	1
654.999003	T7 promoter phi2.5	1
654.999003	T7 promoter phi3.8	1
654.999003	T7 promoter phi4.3	1
654.999003	T7 promoter phi4.7	1
654.999003	T7 promoter phi4c	1
654.999003	T7 promoter phi6.5	1
654.999003	T7 promoter phi9	1
654.999003	bound_ecolipol	0
654.999003	bound_ecolipol_p	1435
654.999003	bound_ribosome	4077
654.999003	degraded_transcript	20665
654.999003	ecoli_genome	365
654.999003	ecoli_transcript	28663
654.999003	ecolipol	0
654.999003	ecolipol-2	0
654.999003	ecolipol-2-p	334
654.999003	ecolipol-p	31
654.999003	gene 0.3	477
654.999003	gene 1.1	620
654.999003	gene 1.2	568
654.999003	gene 1.3	656
654.999003	gene 1.4	519
654.999003	gene 1.5	477
654.999003	gene 1.6	535
654.999003	gene 1.7	540
654.999003	gene 1.8	515
654.999003	gene 10A	2529
654.999003	gene 11	363
654.999003	gene 12	157
654.999003	gene 13	484
654.999003	gene 14	437
654.999003	gene 15	187
654.999003	gene 16	42
654.999003	gene 17	297
654.999003	gene 17.5	463
654.999003	gene 18	430
654.999003	gene 18.5	367
654.999003	gene 18.7	349
654.999003	gene 19	209
654.999003	gene 19.2	340
654.999003	gene 19.3	359
654.999003	gene 19.5	421
654.999003	gene 2.5	749
654.999003	gene 2.8	704
654.999003	gene 3	582
654.999003	gene 3.8	838
654.999003	gene 4.2	715
654.999003	gene 4.3	871
654.999003	gene 4.5	1004
654.999003	gene 4.7	903
654.999003	gene 4A	363
654.999003	gene 5	592
654.999003	gene 5.3	907
654.999003	gene 5.5	838
654.999003	gene 5.7	812
654.999003	gene 5.9	793
654.999003	gene 6	620
654.999003	gene 6.3	766
654.999003	gene 6.5	985
654.999003	gene 6.7	881
654.999003	gene 7	881
654.999003	gene 7.3	912
654.999003	gene 7.7	905
654.999003	gene 8	536
654.999003	gene 9	1162
654.999003	gp-2	200
654.999003	lysozyme-3.5	440
654.999003	protein_kinase-0.7	335
654.999003	rbs	4023
654.999003	ribosome	5
654.999003	rnapol-1	26
654.999003	rnapol-3.5	181
659.999001	E. coli B promoter	1
659.999001	E. coli C promoter	1
659.999001	E. coli promoter A1	1
659.999001	E. coli promoter A2	1
659.999001	E. coli promoter A3	1
659.999001	T7 promoter phi1.1A	1
659.999001	T7 promoter phi1.1B	1
659.999001	T7 promoter phi1.3	1
659.999001	T7 promoter phi1.5	1
659.999001	T7 promoter phi1.6	1
659.999001	T7 promoter phi10	0
659.999001	T7 promoter phi13	1
659.999001	T7 promoter phi17	1
659.999001	T7 promoter phi2.5	1
659.999001	T7 promoter phi3.8	1
659.999001	T7 promoter phi4.3	1
659.999001	T7 promoter phi4.7	1
659.999001	T7 promoter phi4c	1
659.999001	T7 promoter phi6.5	1
659.999001	T7 promoter phi9	1
659.999001	bound_ecolipol	0
659.999001	bound_ecolipol_p	1411
659.999001	bound_ribosome	4058
659.999001	degraded_transcript	20934
659.999001	ecoli_genome	389
659.999001	ecoli_transcript	28696
659.999001	ecolipol	0
659.999001	ecolipol-2	0
659.999001	ecolipol-2-p	345
659.999001	ecolipol-p	44
659.999001	gene 0.3	480
659.999001	gene 1.1	630
659.999001	gene 1.2	576
659.999001	gene 1.3	669
659.999001	gene 1.4	531
659.999001	gene 1.5	486
659.999001	gene 1.6	549
659.999001	gene 1.7	555
659.999001	gene 1.8	525
659.999001	gene 10A	2620
659.999001	gene 11	375
659.999001	gene 12	167
659.999001	gene 13	507
659.999001	gene 14	456
659.999001	gene 15	200
659.999001	gene 16	45
659.999001	gene 17	314
659.999001	gene 17.5	486
659.999001	gene 18	455
659.999001	gene 18.5	386
659.999001	gene 18.7	367
659.999001	gene 19	222
659.999001	gene 19.2	362
659.999001	gene 19.3	377
659.999001	gene 19.5	438
659.999001	gene 2.5	763
659.999001	gene 2.8	725
659.999001	gene 3	598
659.999001	gene 3.8	862
659.999001	gene 4.2	732
659.999001	gene 4.3	899
659.999001	gene 4.5	1029
659.999001	gene 4.7	929
659.999001	gene 4A	379
659.999001	gene 5	608
659.999001	gene 5.3	937
659.999001	gene 5.5	856
659.999001	gene 5.7	828
659.999001	gene 5.9	822
659.999001	gene 6	637
659.999001	gene 6.3	786
659.999001	gene 6.5	1012
659.999001	gene 6.7	905
659.999001	gene 7	910
659.999001	gene 7.3	941
659.999001	gene 7.7	936
659.999001	gene 8	553
659.999001	gene 9	1213
659.999001	gp-2	197
659.999001	lysozyme-3.5	465
659.999001	protein_kinase-0.7	339
659.999001	rbs	4158
659.999001	ribosome	1
659.999001	rnapol-1	33
659.999001	rnapol-3.5	182
664.999009	E. coli B promoter	1
664.999009	E. coli C promoter	1
664.999009	E. coli promoter A1	1
664.999009	E. coli promoter A2	1
664.999009	E. coli promoter A3	1
664.999009	T7 promoter phi1.1A	1
664.999009	T7 promoter phi1.1B	1
664.999009	T7 promoter phi1.3	1
664.999009	T7 promoter phi1.5	1
664.999009	T7 promoter phi1.6	1
664.999009	T7 promoter phi10	0
664.999009	T7 promoter phi13	1
664.999009	T7 promoter phi17	0
664.999009	T7 promoter phi2.5	1
664.999009	T7 promoter phi3.8	1
664.999009	T7 promoter phi4.3	1
664.999009	T7 promoter phi4.7	1
664.999009	T7 promoter phi4c	1
664.999009	T7 promoter phi6.5	1
664.999009	T7 promoter phi9	1
664.999009	bound_ecolipol	0
664.999009	bound_ecolipol_p	1445
664.999009	bound_ribosome	4004
664.999009	degraded_transcript	21231
664.999009	ecoli_genome	355
664.999009	ecoli_transcript	28717
664.999009	ecolipol	0
664.999009	ecolipol-2	0
664.999009	ecolipol-2-p	327
664.999009	ecolipol-p	28
664.999009	gene 0.3	482
664.999009	gene 1.1	638
664.999009	gene 1.2	582
664.999009	gene 1.3	680
664.999009	gene 1.4	540
664.999009	gene 1.5	498
664.999009	gene 1.6	560
664.999009	gene 1.7	566
664.999009	gene 1.8	537
664.999009	gene 10A	2734
664.999009	gene 11	386
664.999009	gene 12	175
664.999009	gene 13	531
664.999009	gene 14	479
664.999009	gene 15	214
664.999009	gene 16	51
664.999009	gene 17	336
664.999009	gene 17.5	502
664.999009	gene 18	477
664.999009	gene 18.5	404
664.999009	gene 18.7	388
664.999009	gene 19	235
664.999009	gene 19.2	374
664.999009	gene 19.3	394
664.999009	gene 19.5	454
664.999009	gene 2.5	773
664.999009	gene 2.8	738
664.999009	gene 3	612
664.999009	gene 3.8	883
664.999009	gene 4.2	747
664.999009	gene 4.3	914
664.999009	gene 4.5	1059
664.999009	gene 4.7	958
664.999009	gene 4A	389
664.999009	gene 5	638
664.999009	gene 5.3	972
664.999009	gene 5.5	882
664.999009	gene 5.7	847
664.999009	gene 5.9	847
664.999009	gene 6	656
664.999009	gene 6.3	806
664.999009	gene 6.5	1043
664.999009	gene 6.7	925
664.999009	gene 7	931
664.999009	gene 7.3	967
664.999009	gene 7.7	974
664.999009	gene 8	580
664.999009	gene 9	1260
664.999009	gp-2	223
664.999009	lysozyme-3.5	471
664.999009	protein_kinase-0.7	341
664.999009	rbs	4207
664.999009	ribosome	2
664.999009	rnapol-1	25
664.999009	rnapol-3.5	197
669.999015	E. coli B promoter	1
669.999015	E. coli C promoter	1
669.999015	E. coli promoter A1	1
669.999015	E. coli promoter A2	1
669.999015	E. coli promoter A3	1
669.999015	T7 promoter phi1.1A	1
669.999015	T7 promoter phi1.1B	1
669.999015	T7 promoter phi1.3	1
669.999015	T7 promoter phi1.5	1
669.999015	T7 promoter phi1.6	1
669.999015	T7 promoter phi10	1
669.999015	T7 promoter phi13	1
669.999015	T7 promoter phi17	1
669.999015	T7 promoter phi2.5	1
669.999015	T7 promoter phi3.8	0
669.999015	T7 promoter phi4.3	1
669.999015	T7 promoter phi4.7	1
669.999015	T7 promoter phi4c	1
669.999015	T7 promoter phi6.5	1
669.999015	T7 promoter phi9	0
669.999015	bound_ecolipol	0
669.999015	bound_ecolipol_p	1406
669.999015	bound_ribosome	3932
669.999015	degraded_transcript	21502
669.999015	ecoli_genome	394
669.999015	ecoli_transcript	28842
669.999015	ecolipol	0
669.999015	ecolipol-2	0
669.999015	ecolipol-2-p	352
669.999015	ecolipol-p	42
669.999015	gene 0.3	483
669.999015	gene 1.1	643
669.999015	gene 1.2	589
669.999015	gene 1.3	685
669.999015	gene 1.4	549
669.999015	gene 1.5	510
669.999015	gene 1.6	573
669.999015	gene 1.7	576
669.999015	gene 1.8	549
669.999015	gene 10A	2850
669.999015	gene 11	400
669.999015	gene 12	184
669.999015	gene 13	546
669.999015	gene 14	489
669.999015	gene 15	226
669.999015	gene 16	58
669.999015	gene 17	350
669.999015	gene 17.5	523
669.999015	gene 18	498
669.999015	gene 18.5	418
669.999015	gene 18.7	405
669.999015	gene 19	249
669.999015	gene 19.2	400
669.999015	gene 19.3	409
669.999015	gene 19.5	475
669.999015	gene 2.5	790
669.999015	gene 2.8	753
669.999015	gene 3	624
669.999015	gene 3.8	901
669.999015	gene 4.2	766
669.999015	gene 4.3	933
669.999015	gene 4.5	1085
669.999015	gene 4.7	980
669.999015	gene 4A	406
669.999015	gene 5	678
669.999015	gene 5.3	996
669.999015	gene 5.5	903
669.999015	gene 5.7	874
669.999015	gene 5.9	866
669.999015	gene 6	675
669.999015	gene 6.3	834
669.999015	gene 6.5	1070
669.999015	gene 6.7	950
669.999015	gene 7	967
669.999015	gene 7.3	994
669.999015	gene 7.7	1000
669.999015	gene 8	604
669.999015	gene 9	1297
669.999015	gp-2	206
669.999015	lysozyme-3.5	473
669.999015	protein_kinase-0.7	343
669.999015	rbs	4354
669.999015	ribosome	5
669.999015	rnapol-1	19
669.999015	rnapol-3.5	210
674.999007	E. coli B promoter	1
674.999007	E. coli C promoter	1
674.999007	E. coli promoter A1	1
674.999007	E. coli promoter A2	1
674.999007	E. coli promoter A3	1
674.999007	T7 promoter phi1.1A	1
674.999007	T7 promoter phi1.1B	1
674.999007	T7 promoter phi1.3	0
674.999007	T7 promoter phi1.5	0
674.999007	T7 promoter phi1.6	1
674.999007	T7 promoter phi10	0
674.999007	T7 promoter phi13	1
674.999007	T7 promoter phi17	1
674.999007	T7 promoter phi2.5	1
674.999007	T7 promoter phi3.8	1
674.999007	T7 promoter phi4.3	1
674.999007	T7 promoter phi4.7	1
674.999007	T7 promoter phi4c	0
674.999007	T7 promoter phi6.5	1
674.999007	T7 promoter phi9	0
674.999007	bound_ecolipol	0
674.999007	bound_ecolipol_p	1411
674.999007	bound_ribosome	3882
674.999007	degraded_transcript	21763
674.999007	ecoli_genome	389
674.999007	ecoli_transcript	28944
674.999007	ecolipol	0
674.999007	ecolipol-2	0
674.999007	ecolipol-2-p	360
674.999007	ecolipol-p	29
674.999007	gene 0.3	484
674.999007	gene 1.1	651
674.999007	gene 1.2	597
674.999007	gene 1.3	699
674.999007	gene 1.4	556
674.999007	gene 1.5	517
674.999007	gene 1.6	582
674.999007	gene 1.7	586
674.999007	gene 1.8	562
674.999007	gene 10A	2944
674.999007	gene 11	415
674.999007	gene 12	199
674.999007	gene 13	565
674.999007	gene 14	511
674.999007	gene 15	237
674.999007	gene 16	72
674.999007	gene 17	362
674.999007	gene 17.5	538
674.999007	gene 18	522
674.999007	gene 18.5	439
674.999007	gene 18.7	422
674.999007	gene 19	264
674.999007	gene 19.2	428
674.999007	gene 19.3	436
674.999007	gene 19.5	499
674.999007	gene 2.5	809
674.999007	gene 2.8	770
674.999007	gene 3	633
674.999007	gene 3.8	920
674.999007	gene 4.2	774
674.999007	gene 4.3	946
674.999007	gene 4.5	1112
674.999007	gene 4.7	1002
674.999007	gene 4A	417
674.999007	gene 5	713
674.999007	gene 5.3	1027
674.999007	gene 5.5	928
674.999007	gene 5.7	895
674.999007	gene 5.9	886
674.999007	gene 6	698
674.999007	gene 6.3	858
674.999007	gene 6.5	1096
674.999007	gene 6.7	975
674.999007	gene 7	993
674.999007	gene 7.3	1020
674.999007	gene 7.7	1027
674.999007	gene 8	630
674.999007	gene 9	1334
674.999007	gp-2	208
674.999007	lysozyme-3.5	493
674.999007	protein_kinase-0.7	348
674.999007	rbs	4407
674.999007	ribosome	4
674.999007	rnapol-1	25
674.999007	rnapol-3.5	198
679.999005	E. coli B promoter	1
679.999005	E. coli C promoter	1
679.999005	E. coli promoter A1	1
679.999005	E. coli promoter A2	1
679.999005	E. coli promoter A3	1
679.999005	T7 promoter phi1.1A	1
679.999005	T7 promoter phi1.1B	1
679.999005	T7 promoter phi1.3	1
679.999005	T7 promoter phi1.5	1
679.999005	T7 promoter phi1.6	1
679.999005	T7 promoter phi10	1
679.999005	T7 promoter phi13	1
679.999005	T7 promoter phi17	1
679.999005	T7 promoter phi2.5	1
679.999005	T7 promoter phi3.8	1
679.999005	T7 promoter phi4.3	1
679.999005	T7 promoter phi4.7	1
679.999005	T7 promoter phi4c	1
679.999005	T7 promoter phi6.5	1
679.999005	T7 promoter phi9	1
679.999005	bound_ecolipol	0
679.999005	bound_ecolipol_p	1415
679.999005	bound_ribosome	3822
679.999005	degraded_transcript	22039
679.999005	ecoli_genome	385
679.999005	ecoli_transcript	29015
679.999005	ecolipol	0
679.999005	ecolipol-2	0
679.999005	ecolipol-2-p	359
679.999005	ecolipol-p	26
679.999005	gene 0.3	485
679.999005	gene 1.1	662
679.999005	gene 1.2	604
679.999005	gene 1.3	713
679.999005	gene 1.4	570
679.999005	gene 1.5	526
679.999005	gene 1.6	593
679.999005	gene 1.7	604
679.999005	gene 1.8	585
679.999005	gene 10A	3051
679.999005	gene 11	430
679.999005	gene 12	206
679.999005	gene 13	577
679.999005	gene 14	526
679.999005	gene 15	250
679.999005	gene 16	80
679.999005	gene 17	381
679.999005	gene 17.5	559
679.999005	gene 18	536
679.999005	gene 18.5	468
679.999005	gene 18.7	442
679.999005	gene 19	288
679.999005	gene 19.2	451
679.999005	gene 19.3	453
679.999005	gene 19.5	521
679.999005	gene 2.5	828
679.999005	gene 2.8	785
679.999005	gene 3	639
679.999005	gene 3.8	942
679.999005	gene 4.2	788
679.999005	gene 4.3	963
679.999005	gene 4.5	1137
679.999005	gene 4.7	1025
679.999005	gene 4A	428
679.999005	gene 5	739
679.999005	gene 5.3	1051
679.999005	gene 5.5	955
679.999005	gene 5.7	921
679.999005	gene 5.9	906
679.999005	gene 6	724
679.999005	gene 6.3	876
679.999005	gene 6.5	1130
679.999005	gene 6.7	1004
679.999005	gene 7	1023
679.999005	gene 7.3	1042
679.999005	gene 7.7	1067
679.999005	gene 8	652
679.999005	gene 9	1385
679.999005	gp-2	218
679.999005	lysozyme-3.5	508
679.999005	protein_kinase-0.7	352
679.999005	rbs	4488
679.999005	ribosome	4
679.999005	rnapol-1	25
679.999005	rnapol-3.5	201
684.999001	E. coli B promoter	1
684.999001	E. coli C promoter	1
684.999001	E. coli promoter A1	1
684.999001	E. coli promoter A2	1
684.999001	E. coli promoter A3	1
684.999001	T7 promoter phi1.1A	1
684.999001	T7 promoter phi1.1B	1
684.999001	T7 promoter phi1.3	1
684.999001	T7 promoter phi1.5	1
684.999001	T7 promoter phi1.6	1
684.999001	T7 promoter phi10	0
684.999001	T7 promoter phi13	1
684.999001	T7 promoter phi17	1
684.999001	T7 promoter phi2.5	1
684.999001	T7 promoter phi3.8	1
684.999001	T7 promoter phi4.3	1
684.999001	T7 promoter phi4.7	1
684.999001	T7 promoter phi4c	1
684.999001	T7 promoter phi6.5	1
684.999001	T7 promoter phi9	1
684.999001	bound_ecolipol	0
684.999001	bound_ecolipol_p	1395
684.999001	bound_ribosome	3737
684.999001	degraded_transcript	22310
684.999001	ecoli_genome	405
684.999001	ecoli_transcript	29152
684.999001	ecolipol	0
684.999001	ecolipol-2	0
684.999001	ecolipol-2-p	370
684.999001	ecolipol-p	35
684.999001	gene 0.3	488
684.999001	gene 1.1	671
684.999001	gene 1.2	613
684.999001	gene 1.3	719
684.999001	gene 1.4	577
684.999001	gene 1.5	533
684.999001	gene 1.6	605
684.999001	gene 1.7	617
684.999001	gene 1.8	592
684.999001	gene 10A	3174
684.999001	gene 11	442
684.999001	gene 12	218
684.999001	gene 13	592
684.999001	gene 14	542
684.999001	gene 15	263
684.999001	gene 16	94
684.999001	gene 17	394
684.999001	gene 17.5	574
684.999001	gene 18	555
684.999001	gene 18.5	487
684.999001	gene 18.7	461
684.999001	gene 19	304
684.999001	gene 19.2	467
684.999001	gene 19.3	474
684.999001	gene 19.5	533
684.999001	gene 2.5	850
684.999001	gene 2.8	799
684.999001	gene 3	656
684.999001	gene 3.8	966
684.999001	gene 4.2	808
684.999001	gene 4.3	987
684.999001	gene 4.5	1164
684.999001	gene 4.7	1052
684.999001	gene 4A	441
684.999001	gene 5	759
684.999001	gene 5.3	1076
684.999001	gene 5.5	978
684.999001	gene 5.7	947
684.999001	gene 5.9	927
684.999001	gene 6	730
684.999001	gene 6.3	906
684.999001	gene 6.5	1158
684.999001	gene 6.7	1028
684.999001	gene 7	1055
684.999001	gene 7.3	1067
684.999001	gene 7.7	1101
684.999001	gene 8	676
684.999001	gene 9	1424
684.999001	gp-2	216
684.999001	lysozyme-3.5	527
684.999001	protein_kinase-0.7	354
684.999001	rbs	4605
684.999001	ribosome	7
684.999001	rnapol-1	28
684.999001	rnapol-3.5	196
689.999009	E. coli B promoter	1
689.999009	E. coli C promoter	1
689.999009	E. coli promoter A1	1
689.999009	E. coli promoter A2	1
689.999009	E. coli promoter A3	1
689.999009	T7 promoter phi1.1A	1
689.999009	T7 promoter phi1.1B	1
689.999009	T7 promoter phi1.3	1
689.999009	T7 promoter phi1.5	1
689.999009	T7 promoter phi1.6	1
689.999009	T7 promoter phi10	0
689.999009	T7 promoter phi13	0
689.999009	T7 promoter phi17	1
689.999009	T7 promoter phi2.5	1
689.999009	T7 promoter phi3.8	1
689.999009	T7 promoter phi4.3	1
689.999009	T7 promoter phi4.7	1
689.999009	T7 promoter phi4c	1
689.999009	T7 promoter phi6.5	1
689.999009	T7 promoter phi9	1
689.999009	bound_ecolipol	0
689.999009	bound_ecolipol_p	1412
689.999009	bound_ribosome	3685
689.999009	degraded_transcript	22570
689.999009	ecoli_genome	388
689.999009	ecoli_transcript	29198
689.999009	ecolipol	0
689.999009	ecolipol-2	0
689.999009	ecolipol-2-p	358
689.999009	ecolipol-p	30
689.999009	gene 0.3	490
689.999009	gene 1.1	677
689.999009	gene 1.2	622
689.999009	gene 1.3	729
689.999009	gene 1.4	583
689.999009	gene 1.5	537
689.999009	gene 1.6	618
689.999009	gene 1.7	635
689.999009	gene 1.8	604
689.999009	gene 10A	3293
689.999009	gene 11	455
689.999009	gene 12	227
689.999009	gene 13	623
689.999009	gene 14	564
689.999009	gene 15	275
689.999009	gene 16	107
689.999009	gene 17	404
689.999009	gene 17.5	593
689.999009	gene 18	572
689.999009	gene 18.5	508
689.999009	gene 18.7	486
689.999009	gene 19	328
689.999009	gene 19.2	484
689.999009	gene 19.3	491
689.999009	gene 19.5	549
689.999009	gene 2.5	870
689.999009	gene 2.8	818
689.999009	gene 3	667
689.999009	gene 3.8	994
689.999009	gene 4.2	832
689.999009	gene 4.3	1013
689.999009	gene 4.5	1194
689.999009	gene 4.7	1086
689.999009	gene 4A	459
689.999009	gene 5	784
689.999009	gene 5.3	1099
689.999009	gene 5.5	997
689.999009	gene 5.7	968
689.999009	gene 5.9	947
689.999009	gene 6	753
689.999009	gene 6.3	929
689.999009	gene 6.5	1187
689.999009	gene 6.7	1061
689.999009	gene 7	1086
689.999009	gene 7.3	1093
689.999009	gene 7.7	1132
689.999009	gene 8	695
689.999009	gene 9	1468
689.999009	gp-2	239
689.999009	lysozyme-3.5	537
689.999009	protein_kinase-0.7	357
689.999009	rbs	4726
689.999009	ribosome	5
689.999009	rnapol-1	25
689.999009	rnapol-3.5	208
694.999002	E. coli B promoter	1
694.999002	E. coli C promoter	1
694.999002	E. coli promoter A1	1
694.999002	E. coli promoter A2	1
694.999002	E. coli promoter A3	1
694.999002	T7 promoter phi1.1A	1
694.999002	T7 promoter phi1.1B	1
694.999002	T7 promoter phi1.3	1
694.999002	T7 promoter phi1.5	1
694.999002	T7 promoter phi1.6	1
694.999002	T7 promoter phi10	0
694.999002	T7 promoter phi13	1
694.999002	T7 promoter phi17	1
694.999002	T7 promoter phi2.5	1
694.999002	T7 promoter phi3.8	1
694.999002	T7 promoter phi4.3	1
694.999002	T7 promoter phi4.7	1
694.999002	T7 promoter phi4c	1
694.999002	T7 promoter phi6.5	1
694.999002	T7 promoter phi9	1
694.999002	bound_ecolipol	0
694.999002	bound_ecolipol_p	1383
694.999002	bound_ribosome	3645
694.999002	degraded_transcript	22849
694.999002	ecoli_genome	417
694.999002	ecoli_transcript	29230
694.999002	ecolipol	0
694.999002	ecolipol-2	0
694.999002	ecolipol-2-p	385
694.999002	ecolipol-p	32
694.999002	gene 0.3	493
694.999002	gene 1.1	687
694.999002	gene 1.2	626
694.999002	gene 1.3	742
694.999002	gene 1.4	591
694.999002	gene 1.5	549
694.999002	gene 1.6	627
694.999002	gene 1.7	646
694.999002	gene 1.8	615
694.999002	gene 10A	3399
694.999002	gene 11	470
694.999002	gene 12	237
694.999002	gene 13	634
694.999002	gene 14	583
694.999002	gene 15	289
694.999002	gene 16	125
694.999002	gene 17	433
694.999002	gene 17.5	617
694.999002	gene 18	583
694.999002	gene 18.5	526
694.999002	gene 18.7	509
694.999002	gene 19	349
694.999002	gene 19.2	512
694.999002	gene 19.3	515
694.999002	gene 19.5	572
694.999002	gene 2.5	892
694.999002	gene 2.8	836
694.999002	gene 3	684
694.999002	gene 3.8	1006
694.999002	gene 4.2	848
694.999002	gene 4.3	1037
694.999002	gene 4.5	1220
694.999002	gene 4.7	1115
694.999002	gene 4A	470
694.999002	gene 5	816
694.999002	gene 5.3	1127
694.999002	gene 5.5	1027
694.999002	gene 5.7	997
694.999002	gene 5.9	975
694.999002	gene 6	779
694.999002	gene 6.3	955
694.999002	gene 6.5	1212
694.999002	gene 6.7	1090
694.999002	gene 7	1121
694.999002	gene 7.3	1119
694.999002	gene 7.7	1160
694.999002	gene 8	716
694.999002	gene 9	1514
694.999002	gp-2	221
694.999002	lysozyme-3.5	552
694.999002	protein_kinase-0.7	358
694.999002	rbs	4828
694.999002	ribosome	5
694.999002	rnapol-1	28
694.999002	rnapol-3.5	202
699.999003	E. coli B promoter	1
699.999003	E. coli C promoter	1
699.999003	E. coli promoter A1	1
699.999003	E. coli promoter A2	1
699.999003	E. coli promoter A3	1
699.999003	T7 promoter phi1.1A	1
699.999003	T7 promoter phi1.1B	1
699.999003	T7 promoter phi1.3	1
699.999003	T7 promoter phi1.5	1
699.999003	T7 promoter phi1.6	1
699.999003	T7 promoter phi10	0
699.999003	T7 promoter phi13	0
699.999003	T7 promoter phi17	0
699.999003	T7 promoter phi2.5	1
699.999003	T7 promoter phi3.8	1
699.999003	T7 promoter phi4.3	0
699.999003	T7 promoter phi4.7	1
699.999003	T7 promoter phi4c	1
699.999003	T7 promoter phi6.5	1
699.999003	T7 promoter phi9	1
699.999003	bound_ecolipol	0
699.999003	bound_ecolipol_p	1383
699.999003	bound_ribosome	3618
699.999003	degraded_transcript	23087
699.999003	ecoli_genome	417
699.999003	ecoli_transcript	29298
699.999003	ecolipol	0
699.999003	ecolipol-2	0
699.999003	ecolipol-2-p	387
699.999003	ecolipol-p	30
699.999003	gene 0.3	496
699.999003	gene 1.1	695
699.999003	gene 1.2	633
699.999003	gene 1.3	753
699.999003	gene 1.4	602
699.999003	gene 1.5	560
699.999003	gene 1.6	641
699.999003	gene 1.7	661
699.999003	gene 1.8	628
699.999003	gene 10A	3497
699.999003	gene 11	484
699.999003	gene 12	244
699.999003	gene 13	648
699.999003	gene 14	604
699.999003	gene 15	310
699.999003	gene 16	133
699.999003	gene 17	451
699.999003	gene 17.5	634
699.999003	gene 18	605
699.999003	gene 18.5	552
699.999003	gene 18.7	532
699.999003	gene 19	364
699.999003	gene 19.2	538
699.999003	gene 19.3	532
699.999003	gene 19.5	606
699.999003	gene 2.5	908
699.999003	gene 2.8	849
699.999003	gene 3	703
699.999003	gene 3.8	1026
699.999003	gene 4.2	876
699.999003	gene 4.3	1062
699.999003	gene 4.5	1256
699.999003	gene 4.7	1141
699.999003	gene 4A	484
699.999003	gene 5	839
699.999003	gene 5.3	1148
699.999003	gene 5.5	1059
699.999003	gene 5.7	1012
699.999003	gene 5.9	1004
699.999003	gene 6	801
699.999003	gene 6.3	976
699.999003	gene 6.5	1243
699.999003	gene 6.7	1117
699.999003	gene 7	1150
699.999003	gene 7.3	1149
699.999003	gene 7.7	1191
699.999003	gene 8	744
699.999003	gene 9	1569
699.999003	gp-2	226
699.999003	lysozyme-3.5	562
699.999003	protein_kinase-0.7	359
699.999003	rbs	4957
699.999003	ribosome	6
699.999003	rnapol-1	17
699.999003	rnapol-3.5	210
704.999014	E. coli B promoter	1
704.999014	E. coli C promoter	1
704.999014	E. coli promoter A1	1
704.999014	E. coli promoter A2	1
704.999014	E. coli promoter A3	1
704.999014	T7 promoter phi1.1A	1
704.999014	T7 promoter phi1.1B	1
704.999014	T7 promoter phi1.3	1
704.999014	T7 promoter phi1.5	1
704.999014	T7 promoter phi1.6	1
704.999014	T7 promoter phi10	0
704.999014	T7 promoter phi13	1
704.999014	T7 promoter phi17	1
704.999014	T7 promoter phi2.5	1
704.999014	T7 promoter phi3.8	0
704.999014	T7 promoter phi4.3	1
704.999014	T7 promoter phi4.7	1
704.999014	T7 promoter phi4c	1
704.999014	T7 promoter phi6.5	1
704.999014	T7 promoter phi9	1
704.999014	bound_ecolipol	0
704.999014	bound_ecolipol_p	1371
704.999014	bound_ribosome	3595
704.999014	degraded_transcript	23379
704.999014	ecoli_genome	429
704.999014	ecoli_transcript	29305
704.999014	ecolipol	0
704.999014	ecolipol-2	0
704.999014	ecolipol-2-p	392
704.999014	ecolipol-p	37
704.999014	gene 0.3	499
704.999014	gene 1.1	703
704.999014	gene 1.2	636
704.999014	gene 1.3	763
704.999014	gene 1.4	612
704.999014	gene 1.5	571
704.999014	gene 1.6	653
704.999014	gene 1.7	679
704.999014	gene 1.8	645
704.999014	gene 10A	3626
704.999014	gene 11	499
704.999014	gene 12	257
704.999014	gene 13	671
704.999014	gene 14	624
704.999014	gene 15	323
704.999014	gene 16	147
704.999014	gene 17	466
704.999014	gene 17.5	662
704.999014	gene 18	619
704.999014	gene 18.5	571
704.999014	gene 18.7	552
704.999014	gene 19	386
704.999014	gene 19.2	560
704.999014	gene 19.3	552
704.999014	gene 19.5	629
704.999014	gene 2.5	926
704.999014	gene 2.8	859
704.999014	gene 3	714
704.999014	gene 3.8	1052
704.999014	gene 4.2	892
704.999014	gene 4.3	1092
704.999014	gene 4.5	1286
704.999014	gene 4.7	1162
704.999014	gene 4A	494
704.999014	gene 5	864
704.999014	gene 5.3	1176
704.999014	gene 5.5	1080
704.999014	gene 5.7	1043
704.999014	gene 5.9	1033
704.999014	gene 6	820
704.999014	gene 6.3	1001
704.999014	gene 6.5	1270
704.999014	gene 6.7	1150
704.999014	gene 7	1174
704.999014	gene 7.3	1174
704.999014	gene 7.7	1218
704.999014	gene 8	777
704.999014	gene 9	1610
704.999014	gp-2	230
704.999014	lysozyme-3.5	581
704.999014	protein_kinase-0.7	360
704.999014	rbs	5088
704.999014	ribosome	4
704.999014	rnapol-1	26
704.999014	rnapol-3.5	197
709.999001	E. coli B promoter	1
709.999001	E. coli C promoter	1
709.999001	E. coli promoter A1	1
709.999001	E. coli promoter A2	1
709.999001	E. coli promoter A3	1
709.999001	T7 promoter phi1.1A	1
709.999001	T7 promoter phi1.1B	1
709.999001	T7 promoter phi1.3	1
709.999001	T7 promoter phi1.5	1
709.999001	T7 promoter phi1.6	1
709.999001	T7 promoter phi10	0
709.999001	T7 promoter phi13	1
709.999001	T7 promoter phi17	1
709.999001	T7 promoter phi2.5	0
709.999001	T7 promoter phi3.8	1
709.999001	T7 promoter phi4.3	1
709.999001	T7 promoter phi4.7	1
709.999001	T7 promoter phi4c	1
709.999001	T7 promoter phi6.5	1
709.999001	T7 promoter phi9	0
709.999001	bound_ecolipol	0
709.999001	bound_ecolipol_p	1402
709.999001	bound_ribosome	3541
709.999001	degraded_transcript	23684
709.999001	ecoli_genome	398
709.999001	ecoli_transcript	29329
709.999001	ecolipol	0
709.999001	ecolipol-2	0
709.999001	ecolipol-2-p	370
709.999001	ecolipol-p	28
709.999001	gene 0.3	503
709.999001	gene 1.1	714
709.999001	gene 1.2	644
709.999001	gene 1.3	777
709.999001	gene 1.4	619
709.999001	gene 1.5	581
709.999001	gene 1.6	665
709.999001	gene 1.7	690
709.999001	gene 1.8	657
709.999001	gene 10A	3732
709.999001	gene 11	517
709.999001	gene 12	270
709.999001	gene 13	689
709.999001	gene 14	647
709.999001	gene 15	347
709.999001	gene 16	154
709.999001	gene 17	495
709.999001	gene 17.5	686
709.999001	gene 18	647
709.999001	gene 18.5	585
709.999001	gene 18.7	572
709.999001	gene 19	399
709.999001	gene 19.2	581
709.999001	gene 19.3	567
709.999001	gene 19.5	647
709.999001	gene 2.5	943
709.999001	gene 2.8	871
709.999001	gene 3	730
709.999001	gene 3.8	1071
709.999001	gene 4.2	910
709.999001	gene 4.3	1113
709.999001	gene 4.5	1318
709.999001	gene 4.7	1194
709.999001	gene 4A	502
709.999001	gene 5	886
709.999001	gene 5.3	1201
709.999001	gene 5.5	1109
709.999001	gene 5.7	1064
709.999001	gene 5.9	1055
709.999001	gene 6	837
709.999001	gene 6.3	1031
709.999001	gene 6.5	1309
709.999001	gene 6.7	1184
709.999001	gene 7	1209
709.999001	gene 7.3	1204
709.999001	gene 7.7	1257
709.999001	gene 8	801
709.999001	gene 9	1658
709.999001	gp-2	270
709.999001	lysozyme-3.5	588
709.999001	protein_kinase-0.7	361
709.999001	rbs	5218
709.999001	ribosome	2
709.999001	rnapol-1	21
709.999001	rnapol-3.5	206
714.999007	E. coli B promoter	1
714.999007	E. coli C promoter	1
714.999007	E. coli promoter A1	1
714.999007	E. coli promoter A2	1
714.999007	E. coli promoter A3	1
714.999007	T7 promoter phi1.1A	1
714.999007	T7 promoter phi1.1B	1
714.999007	T7 promoter phi1.3	1
714.999007	T7 promoter phi1.5	1
714.999007	T7 promoter phi1.6	1
714.999007	T7 promoter phi10	0
714.999007	T7 promoter phi13	1
714.999007	T7 promoter phi17	1
714.999007	T7 promoter phi2.5	1
714.999007	T7 promoter phi3.8	1
714.999007	T7 promoter phi4.3	1
714.999007	T7 promoter phi4.7	1
714.999007	T7 promoter phi4c	1
714.999007	T7 promoter phi6.5	1
714.999007	T7 promoter phi9	1
714.999007	bound_ecolipol	0
714.999007	bound_ecolipol_p	1402
714.999007	bound_ribosome	3474
714.999007	degraded_transcript	23966
714.999007	ecoli_genome	398
714.999007	ecoli_transcript	29372
714.999007	ecolipol	0
714.999007	ecolipol-2	0
714.999007	ecolipol-2-p	369
714.999007	ecolipol-p	29
714.999007	gene 0.3	503
714.999007	gene 1.1	724
714.999007	gene 1.2	649
714.999007	gene 1.3	784
714.999007	gene 1.4	627
714.999007	gene 1.5	593
714.999007	gene 1.6	674
714.999007	gene 1.7	702
714.999007	gene 1.8	668
714.999007	gene 10A	3838
714.999007	gene 11	530
714.999007	gene 12	280
714.999007	gene 13	708
714.999007	gene 14	668
714.999007	gene 15	374
714.999007	gene 16	164
714.999007	gene 17	514
714.999007	gene 17.5	716
714.999007	gene 18	663
714.999007	gene 18.5	608
714.999007	gene 18.7	591
714.999007	gene 19	420
714.999007	gene 19.2	599
714.999007	gene 19.3	587
714.999007	gene 19.5	670
714.999007	gene 2.5	967
714.999007	gene 2.8	891
714.999007	gene 3	748
714.999007	gene 3.8	1087
714.999007	gene 4.2	934
714.999007	gene 4.3	1132
714.999007	gene 4.5	1343
714.999007	gene 4.7	1227
714.999007	gene 4A	525
714.999007	gene 5	913
714.999007	gene 5.3	1229
714.999007	gene 5.5	1141
714.999007	gene 5.7	1084
714.999007	gene 5.9	1079
714.999007	gene 6	858
714.999007	gene 6.3	1052
714.999007	gene 6.5	1346
714.999007	gene 6.7	1214
714.999007	gene 7	1241
714.999007	gene 7.3	1235
714.999007	gene 7.7	1287
714.999007	gene 8	820
714.999007	gene 9	1711
714.999007	gp-2	284
714.999007	lysozyme-3.5	612
714.999007	protein_kinase-0.7	366
714.999007	rbs	5280
714.999007	ribosome	4
714.999007	rnapol-1	30
714.999007	rnapol-3.5	196
719.999007	E. coli B promoter	1
719.999007	E. coli C promoter	1
719.999007	E. coli promoter A1	1
719.999007	E. coli promoter A2	1
719.999007	E. coli promoter A3	1
719.999007	T7 promoter phi1.1A	1
719.999007	T7 promoter phi1.1B	1
719.999007	T7 promoter phi1.3	1
719.999007	T7 promoter phi1.5	1
719.999007	T7 promoter phi1.6	1
719.999007	T7 promoter phi10	0
719.999007	T7 promoter phi13	1
719.999007	T7 promoter phi17	1
719.999007	T7 promoter phi2.5	1
719.999007	T7 promoter phi3.8	1
719.999007	T7 promoter phi4.3	1
719.999007	T7 promoter phi4.7	1
719.999007	T7 promoter phi4c	0
719.999007	T7 promoter phi6.5	1
719.999007	T7 promoter phi9	1
719.999007	bound_ecolipol	0
719.999007	bound_ecolipol_p	1381
719.999007	bound_ribosome	3424
719.999007	degraded_transcript	24227
719.999007	ecoli_genome	419
719.999007	ecoli_transcript	29426
719.999007	ecolipol	0
719.999007	ecolipol-2	0
719.999007	ecolipol-2-p	390
719.999007	ecolipol-p	29
719.999007	gene 0.3	506
719.999007	gene 1.1	735
719.999007	gene 1.2	656
719.999007	gene 1.3	799
719.999007	gene 1.4	635
719.999007	gene 1.5	602
719.999007	gene 1.6	689
719.999007	gene 1.7	712
719.999007	gene 1.8	686
719.999007	gene 10A	3946
719.999007	gene 11	543
719.999007	gene 12	294
719.999007	gene 13	733
719.999007	gene 14	696
719.999007	gene 15	388
719.999007	gene 16	179
719.999007	gene 17	533
719.999007	gene 17.5	738
719.999007	gene 18	682
719.999007	gene 18.5	627
719.999007	gene 18.7	618
719.999007	gene 19	442
719.999007	gene 19.2	616
719.999007	gene 19.3	605
719.999007	gene 19.5	690
719.999007	gene 2.5	986
719.999007	gene 2.8	904
719.999007	gene 3	760
719.999007	gene 3.8	1098
719.999007	gene 4.2	954
719.999007	gene 4.3	1161
719.999007	gene 4.5	1375
719.999007	gene 4.7	1253
719.999007	gene 4A	543
719.999007	gene 5	940
719.999007	gene 5.3	1249
719.999007	gene 5.5	1159
719.999007	gene 5.7	1105
719.999007	gene 5.9	1097
719.999007	gene 6	879
719.999007	gene 6.3	1077
719.999007	gene 6.5	1383
719.999007	gene 6.7	1239
719.999007	gene 7	1273
719.999007	gene 7.3	1271
719.999007	gene 7.7	1317
719.999007	gene 8	836
719.999007	gene 9	1767
719.999007	gp-2	272
719.999007	lysozyme-3.5	620
719.999007	protein_kinase-0.7	369
719.999007	rbs	5426
719.999007	ribosome	1
719.999007	rnapol-1	19
719.999007	rnapol-3.5	209
724.999002	E. coli B promoter	1
724.999002	E. coli C promoter	1
724.999002	E. coli promoter A1	1
724.999002	E. coli promoter A2	1
724.999002	E. coli promoter A3	1
724.999002	T7 promoter phi1.1A	1
724.999002	T7 promoter phi1.1B	1
724.999002	T7 promoter phi1.3	1
724.999002	T7 promoter phi1.5	1
724.999002	T7 promoter phi1.6	1
724.999002	T7 promoter phi10	1
724.999002	T7 promoter phi13	1
724.999002	T7 promoter phi17	0
724.999002	T7 promoter phi2.5	1
724.999002	T7 promoter phi3.8	1
724.999002	T7 promoter phi4.3	1
724.999002	T7 promoter phi4.7	0
724.999002	T7 promoter phi4c	1
724.999002	T7 promoter phi6.5	1
724.999002	T7 promoter phi9	1
724.999002	bound_ecolipol	0
724.999002	bound_ecolipol_p	1361
724.999002	bound_ribosome	3367
724.999002	degraded_transcript	24490
724.999002	ecoli_genome	439
724.999002	ecoli_transcript	29528
724.999002	ecolipol	0
724.999002	ecolipol-2	0
724.999002	ecolipol-2-p	413
724.999002	ecolipol-p	26
724.999002	gene 0.3	509
724.999002	gene 1.1	742
724.999002	gene 1.2	663
724.999002	gene 1.3	817
724.999002	gene 1.4	645
724.999002	gene 1.5	608
724.999002	gene 1.6	701
724.999002	gene 1.7	730
724.999002	gene 1.8	705
724.999002	gene 10A	4068
724.999002	gene 11	563
724.999002	gene 12	309
724.999002	gene 13	757
724.999002	gene 14	712
724.999002	gene 15	413
724.999002	gene 16	193
724.999002	gene 17	548
724.999002	gene 17.5	768
724.999002	gene 18	708
724.999002	gene 18.5	652
724.999002	gene 18.7	639
724.999002	gene 19	457
724.999002	gene 19.2	627
724.999002	gene 19.3	632
724.999002	gene 19.5	716
724.999002	gene 2.5	1005
724.999002	gene 2.8	916
724.999002	gene 3	776
724.999002	gene 3.8	1121
724.999002	gene 4.2	974
724.999002	gene 4.3	1183
724.999002	gene 4.5	1402
724.999002	gene 4.7	1275
724.999002	gene 4A	554
724.999002	gene 5	965
724.999002	gene 5.3	1277
724.999002	gene 5.5	1184
724.999002	gene 5.7	1135
724.999002	gene 5.9	1121
724.999002	gene 6	898
724.999002	gene 6.3	1098
724.999002	gene 6.5	1410
724.999002	gene 6.7	1271
724.999002	gene 7	1301
724.999002	gene 7.3	1297
724.999002	gene 7.7	1353
724.999002	gene 8	859
724.999002	gene 9	1809
724.999002	gp-2	265
724.999002	lysozyme-3.5	635
724.999002	protein_kinase-0.7	371
724.999002	rbs	5513
724.999002	ribosome	5
724.999002	rnapol-1	25
724.999002	rnapol-3.5	204
729.999002	E. coli B promoter	1
729.999002	E. coli C promoter	1
729.999002	E. coli promoter A1	1
729.999002	E. coli promoter A2	1
729.999002	E. coli promoter A3	1
729.999002	T7 promoter phi1.1A	1
729.999002	T7 promoter phi1.1B	1
729.999002	T7 promoter phi1.3	1
729.999002	T7 promoter phi1.5	1
729.999002	T7 promoter phi1.6	1
729.999002	T7 promoter phi10	0
729.999002	T7 promoter phi13	0
729.999002	T7 promoter phi17	1
729.999002	T7 promoter phi2.5	1
729.999002	T7 promoter phi3.8	1
729.999002	T7 promoter phi4.3	1
729.999002	T7 promoter phi4.7	1
729.999002	T7 promoter phi4c	1
729.999002	T7 promoter phi6.5	1
729.999002	T7 promoter phi9	1
729.999002	bound_ecolipol	0
729.999002	bound_ecolipol_p	1365
729.999002	bound_ribosome	3323
729.999002	degraded_transcript	24795
729.999002	ecoli_genome	435
729.999002	ecoli_transcript	29552
729.999002	ecolipol	0
729.999002	ecolipol-2	0
729.999002	ecolipol-2-p	406
729.999002	ecolipol-p	29
729.999002	gene 0.3	512
729.999002	gene 1.1	754
729.999002	gene 1.2	669
729.999002	gene 1.3	830
729.999002	gene 1.4	649
729.999002	gene 1.5	614
729.999002	gene 1.6	714
729.999002	gene 1.7	745
729.999002	gene 1.8	721
729.999002	gene 10A	4178
729.999002	gene 11	577
729.999002	gene 12	322
729.999002	gene 13	774
729.999002	gene 14	730
729.999002	gene 15	427
729.999002	gene 16	204
729.999002	gene 17	570
729.999002	gene 17.5	796
729.999002	gene 18	738
729.999002	gene 18.5	677
729.999002	gene 18.7	663
729.999002	gene 19	478
729.999002	gene 19.2	651
729.999002	gene 19.3	657
729.999002	gene 19.5	737
729.999002	gene 2.5	1019
729.999002	gene 2.8	938
729.999002	gene 3	791
729.999002	gene 3.8	1147
729.999002	gene 4.2	992
729.999002	gene 4.3	1203
729.999002	gene 4.5	1431
729.999002	gene 4.7	1302
729.999002	gene 4A	575
729.999002	gene 5	990
729.999002	gene 5.3	1305
729.999002	gene 5.5	1212
729.999002	gene 5.7	1161
729.999002	gene 5.9	1164
729.999002	gene 6	923
729.999002	gene 6.3	1124
729.999002	gene 6.5	1443
729.999002	gene 6.7	1299
729.999002	gene 7	1339
729.999002	gene 7.3	1335
729.999002	gene 7.7	1395
729.999002	gene 8	878
729.999002	gene 9	1866
729.999002	gp-2	295
729.999002	lysozyme-3.5	642
729.999002	protein_kinase-0.7	371
729.999002	rbs	5630
729.999002	ribosome	1
729.999002	rnapol-1	20
729.999002	rnapol-3.5	209
734.999002	E. coli B promoter	1
734.999002	E. coli C promoter	1
734.999002	E. coli promoter A1	1
734.999002	E. coli promoter A2	1
734.999002	E. coli promoter A3	1
734.999002	T7 promoter phi1.1A	1
734.999002	T7 promoter phi1.1B	1
734.999002	T7 promoter phi1.3	1
734.999002	T7 promoter phi1.5	1
734.999002	T7 promoter phi1.6	1
734.999002	T7 promoter phi10	0
734.999002	T7 promoter phi13	0
734.999002	T7 promoter phi17	0
734.999002	T7 promoter phi2.5	1
734.999002	T7 promoter phi3.8	1
734.999002	T7 promoter phi4.3	1
734.999002	T7 promoter phi4.7	1
734.999002	T7 promoter phi4c	1
734.999002	T7 promoter phi6.5	1
734.999002	T7 promoter phi9	1
734.999002	bound_ecolipol	0
734.999002	bound_ecolipol_p	1373
734.999002	bound_ribosome	3282
734.999002	degraded_transcript	25086
734.999002	ecoli_genome	427
734.999002	ecoli_transcript	29577
734.999002	ecolipol	0
734.999002	ecolipol-2	0
734.999002	ecolipol-2-p	401
734.999002	ecolipol-p	26
734.999002	gene 0.3	513
734.999002	gene 1.1	765
734.999002	gene 1.2	677
734.999002	gene 1.3	849
734.999002	gene 1.4	654
734.999002	gene 1.5	622
734.999002	gene 1.6	725
734.999002	gene 1.7	759
734.999002	gene 1.8	739
734.999002	gene 10A	4267
734.999002	gene 11	592
734.999002	gene 12	334
734.999002	gene 13	790
734.999002	gene 14	748
734.999002	gene 15	441
734.999002	gene 16	215
734.999002	gene 17	598
734.999002	gene 17.5	822
734.999002	gene 18	757
734.999002	gene 18.5	699
734.999002	gene 18.7	675
734.999002	gene 19	501
734.999002	gene 19.2	662
734.999002	gene 19.3	678
734.999002	gene 19.5	757
734.999002	gene 2.5	1040
734.999002	gene 2.8	958
734.999002	gene 3	805
734.999002	gene 3.8	1163
734.999002	gene 4.2	1010
734.999002	gene 4.3	1225
734.999002	gene 4.5	1459
734.999002	gene 4.7	1320
734.999002	gene 4A	589
734.999002	gene 5	1014
734.999002	gene 5.3	1330
734.999002	gene 5.5	1232
734.999002	gene 5.7	1187
734.999002	gene 5.9	1186
734.999002	gene 6	939
734.999002	gene 6.3	1154
734.999002	gene 6.5	1482
734.999002	gene 6.7	1329
734.999002	gene 7	1369
734.999002	gene 7.3	1367
734.999002	gene 7.7	1426
734.999002	gene 8	905
734.999002	gene 9	1908
734.999002	gp-2	319
734.999002	lysozyme-3.5	669
734.999002	protein_kinase-0.7	371
734.999002	rbs	5814
734.999002	ribosome	2
734.999002	rnapol-1	22
734.999002	rnapol-3.5	205
739.999006	E. coli B promoter	1
739.999006	E. coli C promoter	1
739.999006	E. coli promoter A1	1
739.999006	E. coli promoter A2	1
739.999006	E. coli promoter A3	1
739.999006	T7 promoter phi1.1A	1
739.999006	T7 promoter phi1.1B	1
739.999006	T7 promoter phi1.3	1
739.999006	T7 promoter phi1.5	1
739.999006	T7 promoter phi1.6	1
739.999006	T7 promoter phi10	1
739.999006	T7 promoter phi13	1
739.999006	T7 promoter phi17	1
739.999006	T7 promoter phi2.5	1
739.999006	T7 promoter phi3.8	1
739.999006	T7 promoter phi4.3	1
739.999006	T7 promoter phi4.7	1
739.999006	T7 promoter phi4c	1
739.999006	T7 promoter phi6.5	1
739.999006	T7 promoter phi9	1
739.999006	bound_ecolipol	0
739.999006	bound_ecolipol_p	1344
739.999006	bound_ribosome	3260
739.999006	degraded_transcript	25360
739.999006	ecoli_genome	456
739.999006	ecoli_transcript	29574
739.999006	ecolipol	0
739.999006	ecolipol-2	0
739.999006	ecolipol-2-p	434
739.999006	ecolipol-p	22
739.999006	gene 0.3	514
739.999006	gene 1.1	772
739.999006	gene 1.2	686
739.999006	gene 1.3	864
739.999006	gene 1.4	669
739.999006	gene 1.5	631
739.999006	gene 1.6	740
739.999006	gene 1.7	772
739.999006	gene 1.8	747
739.999006	gene 10A	4380
739.999006	gene 11	602
739.999006	gene 12	345
739.999006	gene 13	809
739.999006	gene 14	770
739.999006	gene 15	454
739.999006	gene 16	223
739.999006	gene 17	617
739.999006	gene 17.5	847
739.999006	gene 18	781
739.999006	gene 18.5	725
739.999006	gene 18.7	688
739.999006	gene 19	522
739.999006	gene 19.2	688
739.999006	gene 19.3	705
739.999006	gene 19.5	777
739.999006	gene 2.5	1059
739.999006	gene 2.8	979
739.999006	gene 3	827
739.999006	gene 3.8	1184
739.999006	gene 4.2	1028
739.999006	gene 4.3	1254
739.999006	gene 4.5	1500
739.999006	gene 4.7	1350
739.999006	gene 4A	606
739.999006	gene 5	1042
739.999006	gene 5.3	1353
739.999006	gene 5.5	1258
739.999006	gene 5.7	1212
739.999006	gene 5.9	1208
739.999006	gene 6	956
739.999006	gene 6.3	1181
739.999006	gene 6.5	1508
739.999006	gene 6.7	1354
739.999006	gene 7	1393
739.999006	gene 7.3	1399
739.999006	gene 7.7	1472
739.999006	gene 8	933
739.999006	gene 9	1957
739.999006	gp-2	313
739.999006	lysozyme-3.5	675
739.999006	protein_kinase-0.7	374
739.999006	rbs	5942
739.999006	ribosome	3
739.999006	rnapol-1	17
739.999006	rnapol-3.5	215
744.999011	E. coli B promoter	1
744.999011	E. coli C promoter	1
744.999011	E. coli promoter A1	1
744.999011	E. coli promoter A2	1
744.999011	E. coli promoter A3	1
744.999011	T7 promoter phi1.1A	1
744.999011	T7 promoter phi1.1B	1
744.999011	T7 promoter phi1.3	1
744.999011	T7 promoter phi1.5	1
744.999011	T7 promoter phi1.6	1
744.999011	T7 promoter phi10	1
744.999011	T7 promoter phi13	1
744.999011	T7 promoter phi17	0
744.999011	T7 promoter phi2.5	1
744.999011	T7 promoter phi3.8	1
744.999011	T7 promoter phi4.3	1
744.999011	T7 promoter phi4.7	1
744.999011	T7 promoter phi4c	1
744.999011	T7 promoter phi6.5	0
744.999011	T7 promoter phi9	0
744.999011	bound_ecolipol	0
744.999011	bound_ecolipol_p	1342
744.999011	bound_ribosome	3187
744.999011	degraded_transcript	25651
744.999011	ecoli_genome	458
744.999011	ecoli_transcript	29635
744.999011	ecolipol	0
744.999011	ecolipol-2	0
744.999011	ecolipol-2-p	438
744.999011	ecolipol-p	20
744.999011	gene 0.3	514
744.999011	gene 1.1	780
744.999011	gene 1.2	698
744.999011	gene 1.3	877
744.999011	gene 1.4	676
744.999011	gene 1.5	644
744.999011	gene 1.6	749
744.999011	gene 1.7	790
744.999011	gene 1.8	760
744.999011	gene 10A	4492
744.999011	gene 11	617
744.999011	gene 12	359
744.999011	gene 13	837
744.999011	gene 14	797
744.999011	gene 15	462
744.999011	gene 16	238
744.999011	gene 17	639
744.999011	gene 17.5	868
744.999011	gene 18	802
744.999011	gene 18.5	746
744.999011	gene 18.7	707
744.999011	gene 19	548
744.999011	gene 19.2	706
744.999011	gene 19.3	724
744.999011	gene 19.5	794
744.999011	gene 2.5	1077
744.999011	gene 2.8	992
744.999011	gene 3	853
744.999011	gene 3.8	1209
744.999011	gene 4.2	1044
744.999011	gene 4.3	1276
744.999011	gene 4.5	1524
744.999011	gene 4.7	1382
744.999011	gene 4A	620
744.999011	gene 5	1068
744.999011	gene 5.3	1383
744.999011	gene 5.5	1287
744.999011	gene 5.7	1231
744.999011	gene 5.9	1232
744.999011	gene 6	969
744.999011	gene 6.3	1213
744.999011	gene 6.5	1544
744.999011	gene 6.7	1383
744.999011	gene 7	1424
744.999011	gene 7.3	1438
744.999011	gene 7.7	1511
744.999011	gene 8	954
744.999011	gene 9	2011
744.999011	gp-2	323
744.999011	lysozyme-3.5	691
744.999011	protein_kinase-0.7	378
744.999011	rbs	6055
744.999011	ribosome	4
744.999011	rnapol-1	18
744.999011	rnapol-3.5	217
749.999002	E. coli B promoter	1
749.999002	E. coli C promoter	1
749.999002	E. coli promoter A1	1
749.999002	E. coli promoter A2	1
749.999002	E. coli promoter A3	1
749.999002	T7 promoter phi1.1A	1
749.999002	T7 promoter phi1.1B	1
749.999002	T7 promoter phi1.3	1
749.999002	T7 promoter phi1.5	1
749.999002	T7 promoter phi1.6	1
749.999002	T7 promoter phi10	1
749.999002	T7 promoter phi13	1
749.999002	T7 promoter phi17	1
749.999002	T7 promoter phi2.5	1
749.999002	T7 promoter phi3.8	1
749.999002	T7 promoter phi4.3	1
749.999002	T7 promoter phi4.7	1
749.999002	T7 promoter phi4c	1
749.999002	T7 promoter phi6.5	1
749.999002	T7 promoter phi9	0
749.999002	bound_ecolipol	0
749.999002	bound_ecolipol_p	1346
749.999002	bound_ribosome	3137
749.999002	degraded_transcript	25958
749.999002	ecoli_genome	454
749.999002	ecoli_transcript	29623
749.999002	ecolipol	0
749.999002	ecolipol-2	0
749.999002	ecolipol-2-p	430
749.999002	ecolipol-p	24
749.999002	gene 0.3	515
749.999002	gene 1.1	787
749.999002	gene 1.2	704
749.999002	gene 1.3	885
749.999002	gene 1.4	686
749.999002	gene 1.5	656
749.999002	gene 1.6	752
749.999002	gene 1.7	813
749.999002	gene 1.8	770
749.999002	gene 10A	4611
749.999002	gene 11	636
749.999002	gene 12	372
749.999002	gene 13	863
749.999002	gene 14	816
749.999002	gene 15	482
749.999002	gene 16	252
749.999002	gene 17	667
749.999002	gene 17.5	894
749.999002	gene 18	829
749.999002	gene 18.5	770
749.999002	gene 18.7	737
749.999002	gene 19	559
749.999002	gene 19.2	734
749.999002	gene 19.3	744
749.999002	gene 19.5	823
749.999002	gene 2.5	1092
749.999002	gene 2.8	1009
749.999002	gene 3	869
749.999002	gene 3.8	1226
749.999002	gene 4.2	1067
749.999002	gene 4.3	1300
749.999002	gene 4.5	1554
749.999002	gene 4.7	1407
749.999002	gene 4A	631
749.999002	gene 5	1097
749.999002	gene 5.3	1405
749.999002	gene 5.5	1310
749.999002	gene 5.7	1256
749.999002	gene 5.9	1261
749.999002	gene 6	991
749.999002	gene 6.3	1238
749.999002	gene 6.5	1580
749.999002	gene 6.7	1410
749.999002	gene 7	1455
749.999002	gene 7.3	1459
749.999002	gene 7.7	1545
749.999002	gene 8	982
749.999002	gene 9	2061
749.999002	gp-2	343
749.999002	lysozyme-3.5	706
749.999002	protein_kinase-0.7	379
749.999002	rbs	6155
749.999002	ribosome	3
749.999002	rnapol-1	19
749.999002	rnapol-3.5	222
754.999002	E. coli B promoter	1
754.999002	E. coli C promoter	1
754.999002	E. coli promoter A1	1
754.999002	E. coli promoter A2	1
754.999002	E. coli promoter A3	1
754.999002	T7 promoter phi1.1A	1
754.999002	T7 promoter phi1.1B	1
754.999002	T7 promoter phi1.3	1
754.999002	T7 promoter phi1.5	1
754.999002	T7 promoter phi1.6	1
754.999002	T7 promoter phi10	0
754.999002	T7 promoter phi13	1
754.999002	T7 promoter phi17	1
754.999002	T7 promoter phi2.5	1
754.999002	T7 promoter phi3.8	1
754.999002	T7 promoter phi4.3	1
754.999002	T7 promoter phi4.7	1
754.999002	T7 promoter phi4c	0
754.999002	T7 promoter phi6.5	1
754.999002	T7 promoter phi9	1
754.999002	bound_ecolipol	0
754.999002	bound_ecolipol_p	1342
754.999002	bound_ribosome	3075
754.999002	degraded_transcript	26242
754.999002	ecoli_genome	458
754.999002	ecoli_transcript	29674
754.999002	ecolipol	0
754.999002	ecolipol-2	0
754.999002	ecolipol-2-p	444
754.999002	ecolipol-p	14
754.999002	gene 0.3	516
754.999002	gene 1.1	795
754.999002	gene 1.2	711
754.999002	gene 1.3	894
754.999002	gene 1.4	699
754.999002	gene 1.5	664
754.999002	gene 1.6	756
754.999002	gene 1.7	829
754.999002	gene 1.8	780
754.999002	gene 10A	4714
754.999002	gene 11	654
754.999002	gene 12	387
754.999002	gene 13	891
754.999002	gene 14	838
754.999002	gene 15	499
754.999002	gene 16	269
754.999002	gene 17	693
754.999002	gene 17.5	912
754.999002	gene 18	849
754.999002	gene 18.5	789
754.999002	gene 18.7	756
754.999002	gene 19	576
754.999002	gene 19.2	749
754.999002	gene 19.3	769
754.999002	gene 19.5	856
754.999002	gene 2.5	1116
754.999002	gene 2.8	1024
754.999002	gene 3	880
754.999002	gene 3.8	1243
754.999002	gene 4.2	1085
754.999002	gene 4.3	1319
754.999002	gene 4.5	1576
754.999002	gene 4.7	1436
754.999002	gene 4A	644
754.999002	gene 5	1120
754.999002	gene 5.3	1439
754.999002	gene 5.5	1329
754.999002	gene 5.7	1287
754.999002	gene 5.9	1292
754.999002	gene 6	1011
754.999002	gene 6.3	1263
754.999002	gene 6.5	1620
754.999002	gene 6.7	1448
754.999002	gene 7	1485
754.999002	gene 7.3	1489
754.999002	gene 7.7	1575
754.999002	gene 8	1014
754.999002	gene 9	2121
754.999002	gp-2	339
754.999002	lysozyme-3.5	722
754.999002	protein_kinase-0.7	383
754.999002	rbs	6257
754.999002	ribosome	1
754.999002	rnapol-1	14
754.999002	rnapol-3.5	230
759.999001	E. coli B promoter	1
759.999001	E. coli C promoter	1
759.999001	E. coli promoter A1	1
759.999001	E. coli promoter A2	1
759.999001	E. coli promoter A3	1
759.999001	T7 promoter phi1.1A	1
759.999001	T7 promoter phi1.1B	1
759.999001	T7 promoter phi1.3	1
759.999001	T7 promoter phi1.5	1
759.999001	T7 promoter phi1.6	1
759.999001	T7 promoter phi10	1
759.999001	T7 promoter phi13	1
759.999001	T7 promoter phi17	0
759.999001	T7 promoter phi2.5	1
759.999001	T7 promoter phi3.8	1
759.999001	T7 promoter phi4.3	0
759.999001	T7 promoter phi4.7	0
759.999001	T7 promoter phi4c	1
759.999001	T7 promoter phi6.5	1
759.999001	T7 promoter phi9	1
759.999001	bound_ecolipol	0
759.999001	bound_ecolipol_p	1316
759.999001	bound_ribosome	3034
759.999001	degraded_transcript	26525
759.999001	ecoli_genome	484
759.999001	ecoli_transcript	29681
759.999001	ecolipol	0
759.999001	ecolipol-2	0
759.999001	ecolipol-2-p	457
759.999001	ecolipol-p	27
759.999001	gene 0.3	517
759.999001	gene 1.1	803
759.999001	gene 1.2	714
759.999001	gene 1.3	908
759.999001	gene 1.4	709
759.999001	gene 1.5	670
759.999001	gene 1.6	766
759.999001	gene 1.7	843
759.999001	gene 1.8	794
759.999001	gene 10A	4823
759.999001	gene 11	676
759.999001	gene 12	400
759.999001	gene 13	908
759.999001	gene 14	854
759.999001	gene 15	512
759.999001	gene 16	285
759.999001	gene 17	713
759.999001	gene 17.5	937
759.999001	gene 18	877
759.999001	gene 18.5	819
759.999001	gene 18.7	776
759.999001	gene 19	594
759.999001	gene 19.2	765
759.999001	gene 19.3	791
759.999001	gene 19.5	883
759.999001	gene 2.5	1128
759.999001	gene 2.8	1048
759.999001	gene 3	897
759.999001	gene 3.8	1267
759.999001	gene 4.2	1107
759.999001	gene 4.3	1343
759.999001	gene 4.5	1607
759.999001	gene 4.7	1464
759.999001	gene 4A	655
759.999001	gene 5	1151
759.999001	gene 5.3	1456
759.999001	gene 5.5	1354
759.999001	gene 5.7	1308
759.999001	gene 5.9	1317
759.999001	gene 6	1029
759.999001	gene 6.3	1288
759.999001	gene 6.5	1650
759.999001	gene 6.7	1484
759.999001	gene 7	1522
759.999001	gene 7.3	1528
759.999001	gene 7.7	1609
759.999001	gene 8	1043
759.999001	gene 9	2175
759.999001	gp-2	345
759.999001	lysozyme-3.5	744
759.999001	protein_kinase-0.7	384
759.999001	rbs	6424
759.999001	ribosome	1
759.999001	rnapol-1	22
759.999001	rnapol-3.5	223
764.999002	E. coli B promoter	1
764.999002	E. coli C promoter	1
764.999002	E. coli promoter A1	1
764.999002	E. coli promoter A2	1
764.999002	E. coli promoter A3	1
764.999002	T7 promoter phi1.1A	1
764.999002	T7 promoter phi1.1B	1
764.999002	T7 promoter phi1.3	1
764.999002	T7 promoter phi1.5	1
764.999002	T7 promoter phi1.6	1
764.999002	T7 promoter phi10	1
764.999002	T7 promoter phi13	1
764.999002	T7 promoter phi17	0
764.999002	T7 promoter phi2.5	1
764.999002	T7 promoter phi3.8	1
764.999002	T7 promoter phi4.3	1
764.999002	T7 promoter phi4.7	1
764.999002	T7 promoter phi4c	0
764.999002	T7 promoter phi6.5	1
764.999002	T7 promoter phi9	1
764.999002	bound_ecolipol	0
764.999002	bound_ecolipol_p	1319
764.999002	bound_ribosome	2975
764.999002	degraded_transcript	26828
764.999002	ecoli_genome	481
764.999002	ecoli_transcript	29729
764.999002	ecolipol	0
764.999002	ecolipol-2	0
764.999002	ecolipol-2-p	463
764.999002	ecolipol-p	18
764.999002	gene 0.3	518
764.999002	gene 1.1	809
764.999002	gene 1.2	718
764.999002	gene 1.3	921
764.999002	gene 1.4	723
764.999002	gene 1.5	678
764.999002	gene 1.6	783
764.999002	gene 1.7	862
764.999002	gene 1.8	816
764.999002	gene 10A	4929
764.999002	gene 11	690
764.999002	gene 12	408
764.999002	gene 13	940
764.999002	gene 14	870
764.999002	gene 15	528
764.999002	gene 16	298
764.999002	gene 17	737
764.999002	gene 17.5	963
764.999002	gene 18	895
764.999002	gene 18.5	847
764.999002	gene 18.7	805
764.999002	gene 19	609
764.999002	gene 19.2	776
764.999002	gene 19.3	815
764.999002	gene 19.5	905
764.999002	gene 2.5	1144
764.999002	gene 2.8	1063
764.999002	gene 3	909
764.999002	gene 3.8	1290
764.999002	gene 4.2	1122
764.999002	gene 4.3	1371
764.999002	gene 4.5	1631
764.999002	gene 4.7	1490
764.999002	gene 4A	667
764.999002	gene 5	1165
764.999002	gene 5.3	1482
764.999002	gene 5.5	1375
764.999002	gene 5.7	1329
764.999002	gene 5.9	1343
764.999002	gene 6	1058
764.999002	gene 6.3	1305
764.999002	gene 6.5	1692
764.999002	gene 6.7	1505
764.999002	gene 7	1549
764.999002	gene 7.3	1568
764.999002	gene 7.7	1628
764.999002	gene 8	1073
764.999002	gene 9	2227
764.999002	gp-2	350
764.999002	lysozyme-3.5	754
764.999002	protein_kinase-0.7	385
764.999002	rbs	6498
764.999002	ribosome	3
764.999002	rnapol-1	23
764.999002	rnapol-3.5	227
769.999002	E. coli B promoter	1
769.999002	E. coli C promoter	1
769.999002	E. coli promoter A1	1
769.999002	E. coli promoter A2	1
769.999002	E. coli promoter A3	1
769.999002	T7 promoter phi1.1A	1
769.999002	T7 promoter phi1.1B	1
769.999002	T7 promoter phi1.3	1
769.999002	T7 promoter phi1.5	1
769.999002	T7 promoter phi1.6	1
769.999002	T7 promoter phi10	0
769.999002	T7 promoter phi13	1
769.999002	T7 promoter phi17	1
769.999002	T7 promoter phi2.5	1
769.999002	T7 promoter phi3.8	1
769.999002	T7 promoter phi4.3	1
769.999002	T7 promoter phi4.7	1
769.999002	T7 promoter phi4c	1
769.999002	T7 promoter phi6.5	1
769.999002	T7 promoter phi9	1
769.999002	bound_ecolipol	0
769.999002	bound_ecolipol_p	1319
769.999002	bound_ribosome	2907
769.999002	degraded_transcript	27098
769.999002	ecoli_genome	481
769.999002	ecoli_transcript	29799
769.999002	ecolipol	0
769.999002	ecolipol-2	0
769.999002	ecolipol-2-p	464
769.999002	ecolipol-p	17
769.999002	gene 0.3	519
769.999002	gene 1.1	822
769.999002	gene 1.2	724
769.999002	gene 1.3	932
769.999002	gene 1.4	728
769.999002	gene 1.5	685
769.999002	gene 1.6	794
769.999002	gene 1.7	874
769.999002	gene 1.8	830
769.999002	gene 10A	5049
769.999002	gene 11	706
769.999002	gene 12	421
769.999002	gene 13	958
769.999002	gene 14	889
769.999002	gene 15	547
769.999002	gene 16	313
769.999002	gene 17	756
769.999002	gene 17.5	978
769.999002	gene 18	917
769.999002	gene 18.5	865
769.999002	gene 18.7	821
769.999002	gene 19	630
769.999002	gene 19.2	794
769.999002	gene 19.3	839
769.999002	gene 19.5	929
769.999002	gene 2.5	1169
769.999002	gene 2.8	1081
769.999002	gene 3	926
769.999002	gene 3.8	1310
769.999002	gene 4.2	1134
769.999002	gene 4.3	1389
769.999002	gene 4.5	1649
769.999002	gene 4.7	1521
769.999002	gene 4A	682
769.999002	gene 5	1191
769.999002	gene 5.3	1507
769.999002	gene 5.5	1415
769.999002	gene 5.7	1352
769.999002	gene 5.9	1367
769.999002	gene 6	1080
769.999002	gene 6.3	1323
769.999002	gene 6.5	1724
769.999002	gene 6.7	1542
769.999002	gene 7	1581
769.999002	gene 7.3	1604
769.999002	gene 7.7	1664
769.999002	gene 8	1100
769.999002	gene 9	2279
769.999002	gp-2	363
769.999002	lysozyme-3.5	760
769.999002	protein_kinase-0.7	386
769.999002	rbs	6644
769.999002	ribosome	2
769.999002	rnapol-1	21
769.999002	rnapol-3.5	231
774.999001	E. coli B promoter	1
774.999001	E. coli C promoter	1
774.999001	E. coli promoter A1	1
774.999001	E. coli promoter A2	1
774.999001	E. coli promoter A3	1
774.999001	T7 promoter phi1.1A	1
774.999001	T7 promoter phi1.1B	1
774.999001	T7 promoter phi1.3	1
774.999001	T7 promoter phi1.5	1
774.999001	T7 promoter phi1.6	1
774.999001	T7 promoter phi10	0
774.999001	T7 promoter phi13	0
774.999001	T7 promoter phi17	0
774.999001	T7 promoter phi2.5	1
774.999001	T7 promoter phi3.8	1
774.999001	T7 promoter phi4.3	1
774.999001	T7 promoter phi4.7	1
774.999001	T7 promoter phi4c	1
774.999001	T7 promoter phi6.5	1
774.999001	T7 promoter phi9	1
774.999001	bound_ecolipol	0
774.999001	bound_ecolipol_p	1312
774.999001	bound_ribosome	2861
774.999001	degraded_transcript	27381
774.999001	ecoli_genome	488
774.999001	ecoli_transcript	29824
774.999001	ecolipol	0
774.999001	ecolipol-2	0
774.999001	ecolipol-2-p	465
774.999001	ecolipol-p	23
774.999001	gene 0.3	520
774.999001	gene 1.1	826
774.999001	gene 1.2	732
774.999001	gene 1.3	944
774.999001	gene 1.4	741
774.999001	gene 1.5	694
774.999001	gene 1.6	804
774.999001	gene 1.7	887
774.999001	gene 1.8	848
774.999001	gene 10A	5162
774.999001	gene 11	725
774.999001	gene 12	432
774.999001	gene 13	986
774.999001	gene 14	911
774.999001	gene 15	568
774.999001	gene 16	341
774.999001	gene 17	781
774.999001	gene 17.5	997
774.999001	gene 18	938
774.999001	gene 18.5	894
774.999001	gene 18.7	852
774.999001	gene 19	651
774.999001	gene 19.2	815
774.999001	gene 19.3	859
774.999001	gene 19.5	955
774.999001	gene 2.5	1190
774.999001	gene 2.8	1098
774.999001	gene 3	941
774.999001	gene 3.8	1332
774.999001	gene 4.2	1159
774.999001	gene 4.3	1408
774.999001	gene 4.5	1668
774.999001	gene 4.7	1546
774.999001	gene 4A	698
774.999001	gene 5	1211
774.999001	gene 5.3	1535
774.999001	gene 5.5	1449
774.999001	gene 5.7	1371
774.999001	gene 5.9	1395
774.999001	gene 6	1104
774.999001	gene 6.3	1342
774.999001	gene 6.5	1755
774.999001	gene 6.7	1575
774.999001	gene 7	1625
774.999001	gene 7.3	1635
774.999001	gene 7.7	1698
774.999001	gene 8	1135
774.999001	gene 9	2340
774.999001	gp-2	382
774.999001	lysozyme-3.5	773
774.999001	protein_kinase-0.7	389
774.999001	rbs	6743
774.999001	ribosome	4
774.999001	rnapol-1	28
774.999001	rnapol-3.5	236
779.999002	E. coli B promoter	1
779.999002	E. coli C promoter	1
779.999002	E. coli promoter A1	1
779.999002	E. coli promoter A2	1
779.999002	E. coli promoter A3	1
779.999002	T7 promoter phi1.1A	1
779.999002	T7 promoter phi1.1B	1
779.999002	T7 promoter phi1.3	0
779.999002	T7 promoter phi1.5	1
779.999002	T7 promoter phi1.6	1
779.999002	T7 promoter phi10	0
779.999002	T7 promoter phi13	1
779.999002	T7 promoter phi17	1
779.999002	T7 promoter phi2.5	1
779.999002	T7 promoter phi3.8	1
779.999002	T7 promoter phi4.3	1
779.999002	T7 promoter phi4.7	1
779.999002	T7 promoter phi4c	1
779.999002	T7 promoter phi6.5	0
779.999002	T7 promoter phi9	1
779.999002	bound_ecolipol	0
779.999002	bound_ecolipol_p	1297
779.999002	bound_ribosome	2849
779.999002	degraded_transcript	27652
779.999002	ecoli_genome	503
779.999002	ecoli_transcript	29808
779.999002	ecolipol	0
779.999002	ecolipol-2	0
779.999002	ecolipol-2-p	477
779.999002	ecolipol-p	26
779.999002	gene 0.3	521
779.999002	gene 1.1	832
779.999002	gene 1.2	740
779.999002	gene 1.3	954
779.999002	gene 1.4	752
779.999002	gene 1.5	704
779.999002	gene 1.6	815
779.999002	gene 1.7	904
779.999002	gene 1.8	863
779.999002	gene 10A	5285
779.999002	gene 11	746
779.999002	gene 12	445
779.999002	gene 13	1004
779.999002	gene 14	930
779.999002	gene 15	589
779.999002	gene 16	357
779.999002	gene 17	803
779.999002	gene 17.5	1027
779.999002	gene 18	959
779.999002	gene 18.5	920
779.999002	gene 18.7	872
779.999002	gene 19	680
779.999002	gene 19.2	839
779.999002	gene 19.3	888
779.999002	gene 19.5	975
779.999002	gene 2.5	1205
779.999002	gene 2.8	1113
779.999002	gene 3	959
779.999002	gene 3.8	1350
779.999002	gene 4.2	1179
779.999002	gene 4.3	1427
779.999002	gene 4.5	1697
779.999002	gene 4.7	1566
779.999002	gene 4A	720
779.999002	gene 5	1237
779.999002	gene 5.3	1569
779.999002	gene 5.5	1480
779.999002	gene 5.7	1391
779.999002	gene 5.9	1419
779.999002	gene 6	1127
779.999002	gene 6.3	1370
779.999002	gene 6.5	1789
779.999002	gene 6.7	1607
779.999002	gene 7	1656
779.999002	gene 7.3	1670
779.999002	gene 7.7	1736
779.999002	gene 8	1156
779.999002	gene 9	2402
779.999002	gp-2	386
779.999002	lysozyme-3.5	780
779.999002	protein_kinase-0.7	392
779.999002	rbs	6876
779.999002	ribosome	2
779.999002	rnapol-1	20
779.999002	rnapol-3.5	246
784.999006	E. coli B promoter	1
784.999006	E. coli C promoter	1
784.999006	E. coli promoter A1	1
784.999006	E. coli promoter A2	1
784.999006	E. coli promoter A3	1
784.999006	T7 promoter phi1.1A	1
784.999006	T7 promoter phi1.1B	1
784.999006	T7 promoter phi1.3	1
784.999006	T7 promoter phi1.5	1
784.999006	T7 promoter phi1.6	1
784.999006	T7 promoter phi10	1
784.999006	T7 promoter phi13	0
784.999006	T7 promoter phi17	1
784.999006	T7 promoter phi2.5	1
784.999006	T7 promoter phi3.8	1
784.999006	T7 promoter phi4.3	1
784.999006	T7 promoter phi4.7	1
784.999006	T7 promoter phi4c	1
784.999006	T7 promoter phi6.5	1
784.999006	T7 promoter phi9	0
784.999006	bound_ecolipol	0
784.999006	bound_ecolipol_p	1305
784.999006	bound_ribosome	2814
784.999006	degraded_transcript	27937
784.999006	ecoli_genome	495
784.999006	ecoli_transcript	29792
784.999006	ecolipol	0
784.999006	ecolipol-2	0
784.999006	ecolipol-2-p	469
784.999006	ecolipol-p	26
784.999006	gene 0.3	522
784.999006	gene 1.1	843
784.999006	gene 1.2	753
784.999006	gene 1.3	963
784.999006	gene 1.4	758
784.999006	gene 1.5	710
784.999006	gene 1.6	826
784.999006	gene 1.7	916
784.999006	gene 1.8	876
784.999006	gene 10A	5422
784.999006	gene 11	759
784.999006	gene 12	454
784.999006	gene 13	1026
784.999006	gene 14	956
784.999006	gene 15	614
784.999006	gene 16	380
784.999006	gene 17	834
784.999006	gene 17.5	1055
784.999006	gene 18	984
784.999006	gene 18.5	939
784.999006	gene 18.7	901
784.999006	gene 19	703
784.999006	gene 19.2	861
784.999006	gene 19.3	911
784.999006	gene 19.5	996
784.999006	gene 2.5	1223
784.999006	gene 2.8	1129
784.999006	gene 3	969
784.999006	gene 3.8	1377
784.999006	gene 4.2	1199
784.999006	gene 4.3	1448
784.999006	gene 4.5	1720
784.999006	gene 4.7	1589
784.999006	gene 4A	740
784.999006	gene 5	1265
784.999006	gene 5.3	1595
784.999006	gene 5.5	1505
784.999006	gene 5.7	1418
784.999006	gene 5.9	1446
784.999006	gene 6	1144
784.999006	gene 6.3	1393
784.999006	gene 6.5	1835
784.999006	gene 6.7	1645
784.999006	gene 7	1689
784.999006	gene 7.3	1711
784.999006	gene 7.7	1776
784.999006	gene 8	1195
784.999006	gene 9	2458
784.999006	gp-2	407
784.999006	lysozyme-3.5	783
784.999006	protein_kinase-0.7	393
784.999006	rbs	6947
784.999006	ribosome	3
784.999006	rnapol-1	17
784.999006	rnapol-3.5	252
789.999002	E. coli B promoter	1
789.999002	E. coli C promoter	1
789.999002	E. coli promoter A1	1
789.999002	E. coli promoter A2	1
789.999002	E. coli promoter A3	1
789.999002	T7 promoter phi1.1A	1
789.999002	T7 promoter phi1.1B	1
789.999002	T7 promoter phi1.3	1
789.999002	T7 promoter phi1.5	1
789.999002	T7 promoter phi1.6	1
789.999002	T7 promoter phi10	0
789.999002	T7 promoter phi13	1
789.999002	T7 promoter phi17	1
789.999002	T7 promoter phi2.5	1
789.999002	T7 promoter phi3.8	1
789.999002	T7 promoter phi4.3	1
789.999002	T7 promoter phi4.7	1
789.999002	T7 promoter phi4c	1
789.999002	T7 promoter phi6.5	1
789.999002	T7 promoter phi9	1
789.999002	bound_ecolipol	0
789.999002	bound_ecolipol_p	1298
789.999002	bound_ribosome	2783
789.999002	degraded_transcript	28243
789.999002	ecoli_genome	502
789.999002	ecoli_transcript	29769
789.999002	ecolipol	0
789.999002	ecolipol-2	0
789.999002	ecolipol-2-p	478
789.999002	ecolipol-p	24
789.999002	gene 0.3	524
789.999002	gene 1.1	850
789.999002	gene 1.2	761
789.999002	gene 1.3	972
789.999002	gene 1.4	768
789.999002	gene 1.5	720
789.999002	gene 1.6	843
789.999002	gene 1.7	930
789.999002	gene 1.8	891
789.999002	gene 10A	5565
789.999002	gene 11	776
789.999002	gene 12	472
789.999002	gene 13	1045
789.999002	gene 14	973
789.999002	gene 15	637
789.999002	gene 16	397
789.999002	gene 17	851
789.999002	gene 17.5	1073
789.999002	gene 18	1014
789.999002	gene 18.5	960
789.999002	gene 18.7	920
789.999002	gene 19	728
789.999002	gene 19.2	883
789.999002	gene 19.3	931
789.999002	gene 19.5	1018
789.999002	gene 2.5	1238
789.999002	gene 2.8	1145
789.999002	gene 3	988
789.999002	gene 3.8	1398
789.999002	gene 4.2	1225
789.999002	gene 4.3	1476
789.999002	gene 4.5	1740
789.999002	gene 4.7	1614
789.999002	gene 4A	759
789.999002	gene 5	1282
789.999002	gene 5.3	1631
789.999002	gene 5.5	1539
789.999002	gene 5.7	1454
789.999002	gene 5.9	1471
789.999002	gene 6	1166
789.999002	gene 6.3	1422
789.999002	gene 6.5	1865
789.999002	gene 6.7	1682
789.999002	gene 7	1731
789.999002	gene 7.3	1742
789.999002	gene 7.7	1816
789.999002	gene 8	1226
789.999002	gene 9	2523
789.999002	gp-2	417
789.999002	lysozyme-3.5	797
789.999002	protein_kinase-0.7	395
789.999002	rbs	7062
789.999002	ribosome	4
789.999002	rnapol-1	16
789.999002	rnapol-3.5	246
794.999014	E. coli B promoter	1
794.999014	E. coli C promoter	1
794.999014	E. coli promoter A1	1
794.999014	E. coli promoter A2	1
794.999014	E. coli promoter A3	1
794.999014	T7 promoter phi1.1A	1
794.999014	T7 promoter phi1.1B	1
794.999014	T7 promoter phi1.3	1
794.999014	T7 promoter phi1.5	1
794.999014	T7 promoter phi1.6	1
794.999014	T7 promoter phi10	1
794.999014	T7 promoter phi13	1
794.999014	T7 promoter phi17	1
794.999014	T7 promoter phi2.5	1
794.999014	T7 promoter phi3.8	1
794.999014	T7 promoter phi4.3	1
794.999014	T7 promoter phi4.7	1
794.999014	T7 promoter phi4c	1
794.999014	T7 promoter phi6.5	1
794.999014	T7 promoter phi9	0
794.999014	bound_ecolipol	0
794.999014	bound_ecolipol_p	1288
794.999014	bound_ribosome	2727
794.999014	degraded_transcript	28527
794.999014	ecoli_genome	512
794.999014	ecoli_transcript	29810
794.999014	ecolipol	0
794.999014	ecolipol-2	0
794.999014	ecolipol-2-p	491
794.999014	ecolipol-p	21
794.999014	gene 0.3	525
794.999014	gene 1.1	861
794.999014	gene 1.2	767
794.999014	gene 1.3	982
794.999014	gene 1.4	774
794.999014	gene 1.5	731
794.999014	gene 1.6	855
794.999014	gene 1.7	944
794.999014	gene 1.8	908
794.999014	gene 10A	5663
794.999014	gene 11	791
794.999014	gene 12	489
794.999014	gene 13	1064
794.999014	gene 14	997
794.999014	gene 15	657
794.999014	gene 16	415
794.999014	gene 17	876
794.999014	gene 17.5	1102
794.999014	gene 18	1038
794.999014	gene 18.5	981
794.999014	gene 18.7	947
794.999014	gene 19	752
794.999014	gene 19.2	906
794.999014	gene 19.3	949
794.999014	gene 19.5	1043
794.999014	gene 2.5	1253
794.999014	gene 2.8	1162
794.999014	gene 3	1005
794.999014	gene 3.8	1413
794.999014	gene 4.2	1244
794.999014	gene 4.3	1499
794.999014	gene 4.5	1759
794.999014	gene 4.7	1632
794.999014	gene 4A	774
794.999014	gene 5	1307
794.999014	gene 5.3	1672
794.999014	gene 5.5	1562
794.999014	gene 5.7	1490
794.999014	gene 5.9	1497
794.999014	gene 6	1187
794.999014	gene 6.3	1448
794.999014	gene 6.5	1900
794.999014	gene 6.7	1710
794.999014	gene 7	1775
794.999014	gene 7.3	1777
794.999014	gene 7.7	1844
794.999014	gene 8	1249
794.999014	gene 9	2572
794.999014	gp-2	414
794.999014	lysozyme-3.5	811
794.999014	protein_kinase-0.7	395
794.999014	rbs	7194
794.999014	ribosome	0
794.999014	rnapol-1	15
794.999014	rnapol-3.5	254
799.999000	E. coli B promoter	1
799.999000	E. coli C promoter	1
799.999000	E. coli promoter A1	1
799.999000	E. coli promoter A2	1
799.999000	E. coli promoter A3	1
799.999000	T7 promoter phi1.1A	1
799.999000	T7 promoter phi1.1B	1
799.999000	T7 promoter phi1.3	1
799.999000	T7 promoter phi1.5	1
799.999000	T7 promoter phi1.6	1
799.999000	T7 promoter phi10	1
799.999000	T7 promoter phi13	1
799.999000	T7 promoter phi17	1
799.999000	T7 promoter phi2.5	1
799.999000	T7 promoter phi3.8	1
799.999000	T7 promoter phi4.3	1
799.999000	T7 promoter phi4.7	1
799.999000	T7 promoter phi4c	1
799.999000	T7 promoter phi6.5	0
799.999000	T7 promoter phi9	1
799.999000	bound_ecolipol	0
799.999000	bound_ecolipol_p	1265
799.999000	bound_ribosome	2721
799.999000	degraded_transcript	28791
799.999000	ecoli_genome	535
799.999000	ecoli_transcript	29833
799.999000	ecolipol	0
799.999000	ecolipol-2	0
799.999000	ecolipol-2-p	513
799.999000	ecolipol-p	22
799.999000	gene 0.3	527
799.999000	gene 1.1	868
799.999000	gene 1.2	772
799.999000	gene 1.3	992
799.999000	gene 1.4	788
799.999000	gene 1.5	740
799.999000	gene 1.6	867
799.999000	gene 1.7	961
799.999000	gene 1.8	925
799.999000	gene 10A	5780
799.999000	gene 11	812
799.999000	gene 12	501
799.999000	gene 13	1090
799.999000	gene 14	1011
799.999000	gene 15	674
799.999000	gene 16	438
799.999000	gene 17	911
799.999000	gene 17.5	1142
799.999000	gene 18	1065
799.999000	gene 18.5	1009
799.999000	gene 18.7	972
799.999000	gene 19	774
799.999000	gene 19.2	923
799.999000	gene 19.3	980
799.999000	gene 19.5	1077
799.999000	gene 2.5	1271
799.999000	gene 2.8	1182
799.999000	gene 3	1020
799.999000	gene 3.8	1433
799.999000	gene 4.2	1272
799.999000	gene 4.3	1518
799.999000	gene 4.5	1780
799.999000	gene 4.7	1669
799.999000	gene 4A	787
799.999000	gene 5	1329
799.999000	gene 5.3	1690
799.999000	gene 5.5	1592
799.999000	gene 5.7	1522
799.999000	gene 5.9	1523
799.999000	gene 6	1220
799.999000	gene 6.3	1469
799.999000	gene 6.5	1931
799.999000	gene 6.7	1740
799.999000	gene 7	1809
799.999000	gene 7.3	1813
799.999000	gene 7.7	1880
799.999000	gene 8	1277
799.999000	gene 9	2639
799.999000	gp-2	404
799.999000	lysozyme-3.5	844
799.999000	protein_kinase-0.7	400
799.999000	rbs	7292
799.999000	ribosome	2
799.999000	rnapol-1	24
799.999000	rnapol-3.5	248
804.999000	E. coli B promoter	1
804.999000	E. coli C promoter	1
804.999000	E. coli promoter A1	1
804.999000	E. coli promoter A2	1
804.999000	E. coli promoter A3	1
804.999000	T7 promoter phi1.1A	1
804.999000	T7 promoter phi1.1B	1
804.999000	T7 promoter phi1.3	1
804.999000	T7 promoter phi1.5	1
804.999000	T7 promoter phi1.6	1
804.999000	T7 promoter phi10	1
804.999000	T7 promoter phi13	1
804.999000	T7 promoter phi17	1
804.999000	T7 promoter phi2.5	1
804.999000	T7 promoter phi3.8	1
804.999000	T7 promoter phi4.3	1
804.999000	T7 promoter phi4.7	1
804.999000	T7 promoter phi4c	1
804.999000	T7 promoter phi6.5	1
804.999000	T7 promoter phi9	1
804.999000	bound_ecolipol	0
804.999000	bound_ecolipol_p	1286
804.999000	bound_ribosome	2694
804.999000	degraded_transcript	29069
804.999000	ecoli_genome	514
804.999000	ecoli_transcript	29855
804.999000	ecolipol	0
804.999000	ecolipol-2	0
804.999000	ecolipol-2-p	496
804.999000	ecolipol-p	17
804.999000	gene 0.3	531
804.999000	gene 1.1	874
804.999000	gene 1.2	776
804.999000	gene 1.3	1006
804.999000	gene 1.4	793
804.999000	gene 1.5	750
804.999000	gene 1.6	881
804.999000	gene 1.7	973
804.999000	gene 1.8	936
804.999000	gene 10A	5898
804.999000	gene 11	834
804.999000	gene 12	518
804.999000	gene 13	1113
804.999000	gene 14	1037
804.999000	gene 15	704
804.999000	gene 16	457
804.999000	gene 17	935
804.999000	gene 17.5	1168
804.999000	gene 18	1098
804.999000	gene 18.5	1034
804.999000	gene 18.7	996
804.999000	gene 19	796
804.999000	gene 19.2	943
804.999000	gene 19.3	1014
804.999000	gene 19.5	1107
804.999000	gene 2.5	1297
804.999000	gene 2.8	1201
804.999000	gene 3	1037
804.999000	gene 3.8	1459
804.999000	gene 4.2	1298
804.999000	gene 4.3	1541
804.999000	gene 4.5	1803
804.999000	gene 4.7	1694
804.999000	gene 4A	805
804.999000	gene 5	1350
804.999000	gene 5.3	1720
804.999000	gene 5.5	1624
804.999000	gene 5.7	1545
804.999000	gene 5.9	1550
804.999000	gene 6	1251
804.999000	gene 6.3	1502
804.999000	gene 6.5	1966
804.999000	gene 6.7	1772
804.999000	gene 7	1852
804.999000	gene 7.3	1851
804.999000	gene 7.7	1914
804.999000	gene 8	1306
804.999000	gene 9	2698
804.999000	gp-2	430
804.999000	lysozyme-3.5	848
804.999000	protein_kinase-0.7	402
804.999000	rbs	7385
804.999000	ribosome	0
804.999000	rnapol-1	21
804.999000	rnapol-3.5	260
809.999002	E. coli B promoter	1
809.999002	E. coli C promoter	1
809.999002	E. coli promoter A1	1
809.999002	E. coli promoter A2	1
809.999002	E. coli promoter A3	1
809.999002	T7 promoter phi1.1A	1
809.999002	T7 promoter phi1.1B	1
809.999002	T7 promoter phi1.3	1
809.999002	T7 promoter phi1.5	1
809.999002	T7 promoter phi1.6	1
809.999002	T7 promoter phi10	0
809.999002	T7 promoter phi13	1
809.999002	T7 promoter phi17	1
809.999002	T7 promoter phi2.5	1
809.999002	T7 promoter phi3.8	1
809.999002	T7 promoter phi4.3	1
809.999002	T7 promoter phi4.7	1
809.999002	T7 promoter phi4c	1
809.999002	T7 promoter phi6.5	1
809.999002	T7 promoter phi9	1
809.999002	bound_ecolipol	0
809.999002	bound_ecolipol_p	1266
809.999002	bound_ribosome	2631
809.999002	degraded_transcript	29357
809.999002	ecoli_genome	534
809.999002	ecoli_transcript	29902
809.999002	ecolipol	0
809.999002	ecolipol-2	0
809.999002	ecolipol-2-p	515
809.999002	ecolipol-p	18
809.999002	gene 0.3	532
809.999002	gene 1.1	878
809.999002	gene 1.2	782
809.999002	gene 1.3	1018
809.999002	gene 1.4	802
809.999002	gene 1.5	758
809.999002	gene 1.6	887
809.999002	gene 1.7	986
809.999002	gene 1.8	951
809.999002	gene 10A	5999
809.999002	gene 11	855
809.999002	gene 12	526
809.999002	gene 13	1140
809.999002	gene 14	1059
809.999002	gene 15	721
809.999002	gene 16	473
809.999002	gene 17	958
809.999002	gene 17.5	1196
809.999002	gene 18	1117
809.999002	gene 18.5	1070
809.999002	gene 18.7	1025
809.999002	gene 19	825
809.999002	gene 19.2	967
809.999002	gene 19.3	1041
809.999002	gene 19.5	1133
809.999002	gene 2.5	1317
809.999002	gene 2.8	1222
809.999002	gene 3	1064
809.999002	gene 3.8	1483
809.999002	gene 4.2	1316
809.999002	gene 4.3	1567
809.999002	gene 4.5	1826
809.999002	gene 4.7	1717
809.999002	gene 4A	820
809.999002	gene 5	1382
809.999002	gene 5.3	1750
809.999002	gene 5.5	1652
809.999002	gene 5.7	1571
809.999002	gene 5.9	1583
809.999002	gene 6	1274
809.999002	gene 6.3	1529
809.999002	gene 6.5	1998
809.999002	gene 6.7	1807
809.999002	gene 7	1883
809.999002	gene 7.3	1888
809.999002	gene 7.7	1949
809.999002	gene 8	1336
809.999002	gene 9	2755
809.999002	gp-2	427
809.999002	lysozyme-3.5	847
809.999002	protein_kinase-0.7	404
809.999002	rbs	7553
809.999002	ribosome	1
809.999002	rnapol-1	14
809.999002	rnapol-3.5	269
814.999009	E. coli B promoter	1
814.999009	E. coli C promoter	1
814.999009	E. coli promoter A1	1
814.999009	E. coli promoter A2	1
814.999009	E. coli promoter A3	1
814.999009	T7 promoter phi1.1A	1
814.999009	T7 promoter phi1.1B	1
814.999009	T7 promoter phi1.3	1
814.999009	T7 promoter phi1.5	1
814.999009	T7 promoter phi1.6	1
814.999009	T7 promoter phi10	0
814.999009	T7 promoter phi13	1
814.999009	T7 promoter phi17	1
814.999009	T7 promoter phi2.5	1
814.999009	T7 promoter phi3.8	1
814.999009	T7 promoter phi4.3	1
814.999009	T7 promoter phi4.7	1
814.999009	T7 promoter phi4c	1
814.999009	T7 promoter phi6.5	1
814.999009	T7 promoter phi9	1
814.999009	bound_ecolipol	0
814.999009	bound_ecolipol_p	1276
814.999009	bound_ribosome	2610
814.999009	degraded_transcript	29650
814.999009	ecoli_genome	524
814.999009	ecoli_transcript	29869
814.999009	ecolipol	0
814.999009	ecolipol-2	0
814.999009	ecolipol-2-p	501
814.999009	ecolipol-p	22
814.999009	gene 0.3	532
814.999009	gene 1.1	886
814.999009	gene 1.2	792
814.999009	gene 1.3	1029
814.999009	gene 1.4	809
814.999009	gene 1.5	771
814.999009	gene 1.6	896
814.999009	gene 1.7	995
814.999009	gene 1.8	966
814.999009	gene 10A	6116
814.999009	gene 11	869
814.999009	gene 12	546
814.999009	gene 13	1164
814.999009	gene 14	1074
814.999009	gene 15	739
814.999009	gene 16	487
814.999009	gene 17	977
814.999009	gene 17.5	1215
814.999009	gene 18	1139
814.999009	gene 18.5	1104
814.999009	gene 18.7	1046
814.999009	gene 19	837
814.999009	gene 19.2	990
814.999009	gene 19.3	1067
814.999009	gene 19.5	1157
814.999009	gene 2.5	1334
814.999009	gene 2.8	1243
814.999009	gene 3	1085
814.999009	gene 3.8	1500
814.999009	gene 4.2	1340
814.999009	gene 4.3	1599
814.999009	gene 4.5	1858
814.999009	gene 4.7	1739
814.999009	gene 4A	838
814.999009	gene 5	1409
814.999009	gene 5.3	1766
814.999009	gene 5.5	1692
814.999009	gene 5.7	1602
814.999009	gene 5.9	1610
814.999009	gene 6	1296
814.999009	gene 6.3	1557
814.999009	gene 6.5	2034
814.999009	gene 6.7	1838
814.999009	gene 7	1925
814.999009	gene 7.3	1919
814.999009	gene 7.7	1984
814.999009	gene 8	1370
814.999009	gene 9	2815
814.999009	gp-2	459
814.999009	lysozyme-3.5	862
814.999009	protein_kinase-0.7	406
814.999009	rbs	7640
814.999009	ribosome	2
814.999009	rnapol-1	18
814.999009	rnapol-3.5	257
819.999004	E. coli B promoter	1
819.999004	E. coli C promoter	1
819.999004	E. coli promoter A1	1
819.999004	E. coli promoter A2	1
819.999004	E. coli promoter A3	1
819.999004	T7 promoter phi1.1A	1
819.999004	T7 promoter phi1.1B	1
819.999004	T7 promoter phi1.3	1
819.999004	T7 promoter phi1.5	1
819.999004	T7 promoter phi1.6	1
819.999004	T7 promoter phi10	1
819.999004	T7 promoter phi13	1
819.999004	T7 promoter phi17	0
819.999004	T7 promoter phi2.5	1
819.999004	T7 promoter phi3.8	1
819.999004	T7 promoter phi4.3	1
819.999004	T7 promoter phi4.7	1
819.999004	T7 promoter phi4c	0
819.999004	T7 promoter phi6.5	1
819.999004	T7 promoter phi9	1
819.999004	bound_ecolipol	0
819.999004	bound_ecolipol_p	1286
819.999004	bound_ribosome	2561
819.999004	degraded_transcript	29962
819.999004	ecoli_genome	514
819.999004	ecoli_transcript	29847
819.999004	ecolipol	0
819.999004	ecolipol-2	0
819.999004	ecolipol-2-p	487
819.999004	ecolipol-p	26
819.999004	gene 0.3	534
819.999004	gene 1.1	893
819.999004	gene 1.2	801
819.999004	gene 1.3	1040
819.999004	gene 1.4	817
819.999004	gene 1.5	781
819.999004	gene 1.6	911
819.999004	gene 1.7	1008
819.999004	gene 1.8	978
819.999004	gene 10A	6234
819.999004	gene 11	891
819.999004	gene 12	561
819.999004	gene 13	1200
819.999004	gene 14	1100
819.999004	gene 15	767
819.999004	gene 16	511
819.999004	gene 17	998
819.999004	gene 17.5	1237
819.999004	gene 18	1159
819.999004	gene 18.5	1132
819.999004	gene 18.7	1072
819.999004	gene 19	863
819.999004	gene 19.2	1009
819.999004	gene 19.3	1096
819.999004	gene 19.5	1185
819.999004	gene 2.5	1355
819.999004	gene 2.8	1259
819.999004	gene 3	1099
819.999004	gene 3.8	1518
819.999004	gene 4.2	1366
819.999004	gene 4.3	1620
819.999004	gene 4.5	1886
819.999004	gene 4.7	1765
819.999004	gene 4A	851
819.999004	gene 5	1440
819.999004	gene 5.3	1788
819.999004	gene 5.5	1719
819.999004	gene 5.7	1623
819.999004	gene 5.9	1638
819.999004	gene 6	1317
819.999004	gene 6.3	1581
819.999004	gene 6.5	2065
819.999004	gene 6.7	1885
819.999004	gene 7	1954
819.999004	gene 7.3	1952
819.999004	gene 7.7	2016
819.999004	gene 8	1403
819.999004	gene 9	2873
819.999004	gp-2	490
819.999004	lysozyme-3.5	880
819.999004	protein_kinase-0.7	407
819.999004	rbs	7747
819.999004	ribosome	6
819.999004	rnapol-1	20
819.999004	rnapol-3.5	265
824.999002	E. coli B promoter	1
824.999002	E. coli C promoter	1
824.999002	E. coli promoter A1	1
824.999002	E. coli promoter A2	1
824.999002	E. coli promoter A3	1
824.999002	T7 promoter phi1.1A	1
824.999002	T7 promoter phi1.1B	1
824.999002	T7 promoter phi1.3	1
824.999002	T7 promoter phi1.5	1
824.999002	T7 promoter phi1.6	1
824.999002	T7 promoter phi10	1
824.999002	T7 promoter phi13	1
824.999002	T7 promoter phi17	1
824.999002	T7 promoter phi2.5	1
824.999002	T7 promoter phi3.8	1
824.999002	T7 promoter phi4.3	1
824.999002	T7 promoter phi4.7	1
824.999002	T7 promoter phi4c	1
824.999002	T7 promoter phi6.5	1
824.999002	T7 promoter phi9	1
824.999002	bound_ecolipol	0
824.999002	bound_ecolipol_p	1286
824.999002	bound_ribosome	2507
824.999002	degraded_transcript	30252
824.999002	ecoli_genome	514
824.999002	ecoli_transcript	29848
824.999002	ecolipol	0
824.999002	ecolipol-2	0
824.999002	ecolipol-2-p	500
824.999002	ecolipol-p	13
824.999002	gene 0.3	536
824.999002	gene 1.1	907
824.999002	gene 1.2	806
824.999002	gene 1.3	1051
824.999002	gene 1.4	828
824.999002	gene 1.5	790
824.999002	gene 1.6	918
824.999002	gene 1.7	1020
824.999002	gene 1.8	994
824.999002	gene 10A	6348
824.999002	gene 11	907
824.999002	gene 12	573
824.999002	gene 13	1234
824.999002	gene 14	1119
824.999002	gene 15	778
824.999002	gene 16	526
824.999002	gene 17	1020
824.999002	gene 17.5	1265
824.999002	gene 18	1181
824.999002	gene 18.5	1159
824.999002	gene 18.7	1096
824.999002	gene 19	890
824.999002	gene 19.2	1026
824.999002	gene 19.3	1117
824.999002	gene 19.5	1221
824.999002	gene 2.5	1374
824.999002	gene 2.8	1275
824.999002	gene 3	1113
824.999002	gene 3.8	1540
824.999002	gene 4.2	1377
824.999002	gene 4.3	1648
824.999002	gene 4.5	1913
824.999002	gene 4.7	1787
824.999002	gene 4A	864
824.999002	gene 5	1464
824.999002	gene 5.3	1820
824.999002	gene 5.5	1754
824.999002	gene 5.7	1652
824.999002	gene 5.9	1666
824.999002	gene 6	1345
824.999002	gene 6.3	1599
824.999002	gene 6.5	2102
824.999002	gene 6.7	1921
824.999002	gene 7	1988
824.999002	gene 7.3	1987
824.999002	gene 7.7	2046
824.999002	gene 8	1433
824.999002	gene 9	2935
824.999002	gp-2	489
824.999002	lysozyme-3.5	895
824.999002	protein_kinase-0.7	410
824.999002	rbs	7868
824.999002	ribosome	1
824.999002	rnapol-1	13
824.999002	rnapol-3.5	272
829.999007	E. coli B promoter	1
829.999007	E. coli C promoter	1
829.999007	E. coli promoter A1	1
829.999007	E. coli promoter A2	1
829.999007	E. coli promoter A3	1
829.999007	T7 promoter phi1.1A	1
829.999007	T7 promoter phi1.1B	1
829.999007	T7 promoter phi1.3	1
829.999007	T7 promoter phi1.5	1
829.999007	T7 promoter phi1.6	1
829.999007	T7 promoter phi10	1
829.999007	T7 promoter phi13	1
829.999007	T7 promoter phi17	1
829.999007	T7 promoter phi2.5	1
829.999007	T7 promoter phi3.8	1
829.999007	T7 promoter phi4.3	1
829.999007	T7 promoter phi4.7	1
829.999007	T7 promoter phi4c	1
829.999007	T7 promoter phi6.5	1
829.999007	T7 promoter phi9	0
829.999007	bound_ecolipol	0
829.999007	bound_ecolipol_p	1260
829.999007	bound_ribosome	2449
829.999007	degraded_transcript	30542
829.999007	ecoli_genome	540
829.999007	ecoli_transcript	29875
829.999007	ecolipol	0
829.999007	ecolipol-2	0
829.999007	ecolipol-2-p	521
829.999007	ecolipol-p	18
829.999007	gene 0.3	539
829.999007	gene 1.1	914
829.999007	gene 1.2	810
829.999007	gene 1.3	1067
829.999007	gene 1.4	836
829.999007	gene 1.5	803
829.999007	gene 1.6	932
829.999007	gene 1.7	1038
829.999007	gene 1.8	1014
829.999007	gene 10A	6450
829.999007	gene 11	934
829.999007	gene 12	586
829.999007	gene 13	1266
829.999007	gene 14	1146
829.999007	gene 15	796
829.999007	gene 16	546
829.999007	gene 17	1049
829.999007	gene 17.5	1287
829.999007	gene 18	1214
829.999007	gene 18.5	1186
829.999007	gene 18.7	1124
829.999007	gene 19	919
829.999007	gene 19.2	1046
829.999007	gene 19.3	1136
829.999007	gene 19.5	1250
829.999007	gene 2.5	1389
829.999007	gene 2.8	1294
829.999007	gene 3	1131
829.999007	gene 3.8	1563
829.999007	gene 4.2	1398
829.999007	gene 4.3	1673
829.999007	gene 4.5	1932
829.999007	gene 4.7	1810
829.999007	gene 4A	882
829.999007	gene 5	1503
829.999007	gene 5.3	1858
829.999007	gene 5.5	1783
829.999007	gene 5.7	1680
829.999007	gene 5.9	1684
829.999007	gene 6	1369
829.999007	gene 6.3	1625
829.999007	gene 6.5	2133
829.999007	gene 6.7	1955
829.999007	gene 7	2022
829.999007	gene 7.3	2022
829.999007	gene 7.7	2081
829.999007	gene 8	1468
829.999007	gene 9	2972
829.999007	gp-2	480
829.999007	lysozyme-3.5	910
829.999007	protein_kinase-0.7	410
829.999007	rbs	8006
829.999007	ribosome	3
829.999007	rnapol-1	15
829.999007	rnapol-3.5	264
834.999003	E. coli B promoter	1
834.999003	E. coli C promoter	1
834.999003	E. coli promoter A1	1
834.999003	E. coli promoter A2	1
834.999003	E. coli promoter A3	1
834.999003	T7 promoter phi1.1A	1
834.999003	T7 promoter phi1.1B	1
834.999003	T7 promoter phi1.3	1
834.999003	T7 promoter phi1.5	1
834.999003	T7 promoter phi1.6	1
834.999003	T7 promoter phi10	0
834.999003	T7 promoter phi13	1
834.999003	T7 promoter phi17	1
834.999003	T7 promoter phi2.5	1
834.999003	T7 promoter phi3.8	1
834.999003	T7 promoter phi4.3	1
834.999003	T7 promoter phi4.7	1
834.999003	T7 promoter phi4c	1
834.999003	T7 promoter phi6.5	1
834.999003	T7 promoter phi9	1
834.999003	bound_ecolipol	0
834.999003	bound_ecolipol_p	1238
834.999003	bound_ribosome	2444
834.999003	degraded_transcript	30836
834.999003	ecoli_genome	562
834.999003	ecoli_transcript	29854
834.999003	ecolipol	0
834.999003	ecolipol-2	0
834.999003	ecolipol-2-p	543
834.999003	ecolipol-p	18
834.999003	gene 0.3	543
834.999003	gene 1.1	923
834.999003	gene 1.2	818
834.999003	gene 1.3	1082
834.999003	gene 1.4	844
834.999003	gene 1.5	811
834.999003	gene 1.6	948
834.999003	gene 1.7	1052
834.999003	gene 1.8	1029
834.999003	gene 10A	6564
834.999003	gene 11	960
834.999003	gene 12	600
834.999003	gene 13	1290
834.999003	gene 14	1171
834.999003	gene 15	820
834.999003	gene 16	561
834.999003	gene 17	1078
834.999003	gene 17.5	1317
834.999003	gene 18	1242
834.999003	gene 18.5	1209
834.999003	gene 18.7	1141
834.999003	gene 19	942
834.999003	gene 19.2	1070
834.999003	gene 19.3	1158
834.999003	gene 19.5	1276
834.999003	gene 2.5	1405
834.999003	gene 2.8	1312
834.999003	gene 3	1143
834.999003	gene 3.8	1587
834.999003	gene 4.2	1417
834.999003	gene 4.3	1692
834.999003	gene 4.5	1951
834.999003	gene 4.7	1847
834.999003	gene 4A	898
834.999003	gene 5	1535
834.999003	gene 5.3	1896
834.999003	gene 5.5	1803
834.999003	gene 5.7	1707
834.999003	gene 5.9	1705
834.999003	gene 6	1396
834.999003	gene 6.3	1650
834.999003	gene 6.5	2166
834.999003	gene 6.7	1988
834.999003	gene 7	2062
834.999003	gene 7.3	2055
834.999003	gene 7.7	2115
834.999003	gene 8	1495
834.999003	gene 9	3033
834.999003	gp-2	472
834.999003	lysozyme-3.5	922
834.999003	protein_kinase-0.7	413
834.999003	rbs	8189
834.999003	ribosome	2
834.999003	rnapol-1	18
834.999003	rnapol-3.5	261
839.999006	E. coli B promoter	1
839.999006	E. coli C promoter	1
839.999006	E. coli promoter A1	1
839.999006	E. coli promoter A2	1
839.999006	E. coli promoter A3	1
839.999006	T7 promoter phi1.1A	1
839.999006	T7 promoter phi1.1B	1
839.999006	T7 promoter phi1.3	0
839.999006	T7 promoter phi1.5	1
839.999006	T7 promoter phi1.6	1
839.999006	T7 promoter phi10	0
839.999006	T7 promoter phi13	0
839.999006	T7 promoter phi17	1
839.999006	T7 promoter phi2.5	1
839.999006	T7 promoter phi3.8	0
839.999006	T7 promoter phi4.3	1
839.999006	T7 promoter phi4.7	1
839.999006	T7 promoter phi4c	0
839.999006	T7 promoter phi6.5	1
839.999006	T7 promoter phi9	1
839.999006	bound_ecolipol	0
839.999006	bound_ecolipol_p	1248
839.999006	bound_ribosome	2425
839.999006	degraded_transcript	31149
839.999006	ecoli_genome	552
839.999006	ecoli_transcript	29801
839.999006	ecolipol	0
839.999006	ecolipol-2	0
839.999006	ecolipol-2-p	528
839.999006	ecolipol-p	23
839.999006	gene 0.3	545
839.999006	gene 1.1	933
839.999006	gene 1.2	823
839.999006	gene 1.3	1089
839.999006	gene 1.4	851
839.999006	gene 1.5	822
839.999006	gene 1.6	958
839.999006	gene 1.7	1070
839.999006	gene 1.8	1037
839.999006	gene 10A	6688
839.999006	gene 11	983
839.999006	gene 12	619
839.999006	gene 13	1317
839.999006	gene 14	1204
839.999006	gene 15	844
839.999006	gene 16	584
839.999006	gene 17	1107
839.999006	gene 17.5	1344
839.999006	gene 18	1266
839.999006	gene 18.5	1239
839.999006	gene 18.7	1168
839.999006	gene 19	961
839.999006	gene 19.2	1095
839.999006	gene 19.3	1192
839.999006	gene 19.5	1293
839.999006	gene 2.5	1417
839.999006	gene 2.8	1330
839.999006	gene 3	1161
839.999006	gene 3.8	1604
839.999006	gene 4.2	1439
839.999006	gene 4.3	1714
839.999006	gene 4.5	1971
839.999006	gene 4.7	1874
839.999006	gene 4A	916
839.999006	gene 5	1563
839.999006	gene 5.3	1927
839.999006	gene 5.5	1837
839.999006	gene 5.7	1736
839.999006	gene 5.9	1732
839.999006	gene 6	1420
839.999006	gene 6.3	1671
839.999006	gene 6.5	2203
839.999006	gene 6.7	2014
839.999006	gene 7	2103
839.999006	gene 7.3	2094
839.999006	gene 7.7	2148
839.999006	gene 8	1522
839.999006	gene 9	3099
839.999006	gp-2	504
839.999006	lysozyme-3.5	946
839.999006	protein_kinase-0.7	417
839.999006	rbs	8274
839.999006	ribosome	3
839.999006	rnapol-1	18
839.999006	rnapol-3.5	266
844.999001	E. coli B promoter	1
844.999001	E. coli C promoter	1
844.999001	E. coli promoter A1	1
844.999001	E. coli promoter A2	1
844.999001	E. coli promoter A3	1
844.999001	T7 promoter phi1.1A	1
844.999001	T7 promoter phi1.1B	1
844.999001	T7 promoter phi1.3	1
844.999001	T7 promoter phi1.5	1
844.999001	T7 promoter phi1.6	1
844.999001	T7 promoter phi10	0
844.999001	T7 promoter phi13	1
844.999001	T7 promoter phi17	1
844.999001	T7 promoter phi2.5	1
844.999001	T7 promoter phi3.8	1
844.999001	T7 promoter phi4.3	1
844.999001	T7 promoter phi4.7	1
844.999001	T7 promoter phi4c	1
844.999001	T7 promoter phi6.5	1
844.999001	T7 promoter phi9	1
844.999001	bound_ecolipol	0
844.999001	bound_ecolipol_p	1261
844.999001	bound_ribosome	2400
844.999001	degraded_transcript	31430
844.999001	ecoli_genome	539
844.999001	ecoli_transcript	29803
844.999001	ecolipol	0
844.999001	ecolipol-2	0
844.999001	ecolipol-2-p	518
844.999001	ecolipol-p	20
844.999001	gene 0.3	547
844.999001	gene 1.1	944
844.999001	gene 1.2	826
844.999001	gene 1.3	1102
844.999001	gene 1.4	860
844.999001	gene 1.5	832
844.999001	gene 1.6	969
844.999001	gene 1.7	1086
844.999001	gene 1.8	1046
844.999001	gene 10A	6797
844.999001	gene 11	996
844.999001	gene 12	643
844.999001	gene 13	1350
844.999001	gene 14	1231
844.999001	gene 15	861
844.999001	gene 16	607
844.999001	gene 17	1135
844.999001	gene 17.5	1374
844.999001	gene 18	1288
844.999001	gene 18.5	1267
844.999001	gene 18.7	1198
844.999001	gene 19	978
844.999001	gene 19.2	1122
844.999001	gene 19.3	1226
844.999001	gene 19.5	1326
844.999001	gene 2.5	1437
844.999001	gene 2.8	1346
844.999001	gene 3	1180
844.999001	gene 3.8	1631
844.999001	gene 4.2	1455
844.999001	gene 4.3	1731
844.999001	gene 4.5	1988
844.999001	gene 4.7	1902
844.999001	gene 4A	942
844.999001	gene 5	1592
844.999001	gene 5.3	1954
844.999001	gene 5.5	1864
844.999001	gene 5.7	1767
844.999001	gene 5.9	1764
844.999001	gene 6	1445
844.999001	gene 6.3	1692
844.999001	gene 6.5	2240
844.999001	gene 6.7	2045
844.999001	gene 7	2133
844.999001	gene 7.3	2125
844.999001	gene 7.7	2187
844.999001	gene 8	1545
844.999001	gene 9	3167
844.999001	gp-2	522
844.999001	lysozyme-3.5	957
844.999001	protein_kinase-0.7	421
844.999001	rbs	8429
844.999001	ribosome	0
844.999001	rnapol-1	14
844.999001	rnapol-3.5	274
849.999008	E. coli B promoter	1
849.999008	E. coli C promoter	1
849.999008	E. coli promoter A1	1
849.999008	E. coli promoter A2	1
849.999008	E. coli promoter A3	1
849.999008	T7 promoter phi1.1A	1
849.999008	T7 promoter phi1.1B	1
849.999008	T7 promoter phi1.3	1
849.999008	T7 promoter phi1.5	0
849.999008	T7 promoter phi1.6	1
849.999008	T7 promoter phi10	0
849.999008	T7 promoter phi13	1
849.999008	T7 promoter phi17	0
849.999008	T7 promoter phi2.5	1
849.999008	T7 promoter phi3.8	1
849.999008	T7 promoter phi4.3	1
849.999008	T7 promoter phi4.7	1
849.999008	T7 promoter phi4c	1
849.999008	T7 promoter phi6.5	1
849.999008	T7 promoter phi9	1
849.999008	bound_ecolipol	0
849.999008	bound_ecolipol_p	1235
849.999008	bound_ribosome	2340
849.999008	degraded_transcript	31729
849.999008	ecoli_genome	565
849.999008	ecoli_transcript	29828
849.999008	ecolipol	0
849.999008	ecolipol-2	0
849.999008	ecolipol-2-p	544
849.999008	ecolipol-p	20
849.999008	gene 0.3	550
849.999008	gene 1.1	953
849.999008	gene 1.2	833
849.999008	gene 1.3	1111
849.999008	gene 1.4	872
849.999008	gene 1.5	840
849.999008	gene 1.6	986
849.999008	gene 1.7	1102
849.999008	gene 1.8	1061
849.999008	gene 10A	6908
849.999008	gene 11	1021
849.999008	gene 12	658
849.999008	gene 13	1376
849.999008	gene 14	1249
849.999008	gene 15	884
849.999008	gene 16	628
849.999008	gene 17	1163
849.999008	gene 17.5	1400
849.999008	gene 18	1317
849.999008	gene 18.5	1301
849.999008	gene 18.7	1212
849.999008	gene 19	1005
849.999008	gene 19.2	1151
849.999008	gene 19.3	1263
849.999008	gene 19.5	1348
849.999008	gene 2.5	1461
849.999008	gene 2.8	1368
849.999008	gene 3	1199
849.999008	gene 3.8	1651
849.999008	gene 4.2	1473
849.999008	gene 4.3	1758
849.999008	gene 4.5	2020
849.999008	gene 4.7	1921
849.999008	gene 4A	957
849.999008	gene 5	1620
849.999008	gene 5.3	1973
849.999008	gene 5.5	1894
849.999008	gene 5.7	1793
849.999008	gene 5.9	1790
849.999008	gene 6	1465
849.999008	gene 6.3	1716
849.999008	gene 6.5	2276
849.999008	gene 6.7	2068
849.999008	gene 7	2156
849.999008	gene 7.3	2175
849.999008	gene 7.7	2220
849.999008	gene 8	1579
849.999008	gene 9	3215
849.999008	gp-2	508
849.999008	lysozyme-3.5	975
849.999008	protein_kinase-0.7	423
849.999008	rbs	8558
849.999008	ribosome	1
849.999008	rnapol-1	13
849.999008	rnapol-3.5	282
854.999009	E. coli B promoter	1
854.999009	E. coli C promoter	1
854.999009	E. coli promoter A1	1
854.999009	E. coli promoter A2	1
854.999009	E. coli promoter A3	1
854.999009	T7 promoter phi1.1A	1
854.999009	T7 promoter phi1.1B	1
854.999009	T7 promoter phi1.3	1
854.999009	T7 promoter phi1.5	1
854.999009	T7 promoter phi1.6	1
854.999009	T7 promoter phi10	1
854.999009	T7 promoter phi13	1
854.999009	T7 promoter phi17	1
854.999009	T7 promoter phi2.5	1
854.999009	T7 promoter phi3.8	1
854.999009	T7 promoter phi4.3	1
854.999009	T7 promoter phi4.7	1
854.999009	T7 promoter phi4c	1
854.999009	T7 promoter phi6.5	1
854.999009	T7 promoter phi9	1
854.999009	bound_ecolipol	0
854.999009	bound_ecolipol_p	1246
854.999009	bound_ribosome	2298
854.999009	degraded_transcript	32002
854.999009	ecoli_genome	554
854.999009	ecoli_transcript	29838
854.999009	ecolipol	0
854.999009	ecolipol-2	0
854.999009	ecolipol-2-p	539
854.999009	ecolipol-p	14
854.999009	gene 0.3	552
854.999009	gene 1.1	961
854.999009	gene 1.2	839
854.999009	gene 1.3	1124
854.999009	gene 1.4	884
854.999009	gene 1.5	850
854.999009	gene 1.6	998
854.999009	gene 1.7	1119
854.999009	gene 1.8	1069
854.999009	gene 10A	7048
854.999009	gene 11	1043
854.999009	gene 12	675
854.999009	gene 13	1394
854.999009	gene 14	1280
854.999009	gene 15	908
854.999009	gene 16	650
854.999009	gene 17	1184
854.999009	gene 17.5	1433
854.999009	gene 18	1354
854.999009	gene 18.5	1325
854.999009	gene 18.7	1244
854.999009	gene 19	1028
854.999009	gene 19.2	1174
854.999009	gene 19.3	1286
854.999009	gene 19.5	1375
854.999009	gene 2.5	1475
854.999009	gene 2.8	1380
854.999009	gene 3	1213
854.999009	gene 3.8	1672
854.999009	gene 4.2	1495
854.999009	gene 4.3	1775
854.999009	gene 4.5	2041
854.999009	gene 4.7	1953
854.999009	gene 4A	974
854.999009	gene 5	1649
854.999009	gene 5.3	1995
854.999009	gene 5.5	1923
854.999009	gene 5.7	1820
854.999009	gene 5.9	1818
854.999009	gene 6	1492
854.999009	gene 6.3	1743
854.999009	gene 6.5	2314
854.999009	gene 6.7	2104
854.999009	gene 7	2177
854.999009	gene 7.3	2208
854.999009	gene 7.7	2253
854.999009	gene 8	1597
854.999009	gene 9	3264
854.999009	gp-2	533
854.999009	lysozyme-3.5	995
854.999009	protein_kinase-0.7	425
854.999009	rbs	8712
854.999009	ribosome	0
854.999009	rnapol-1	19
854.999009	rnapol-3.5	279
859.999000	E. coli B promoter	1
859.999000	E. coli C promoter	1
859.999000	E. coli promoter A1	1
859.999000	E. coli promoter A2	1
859.999000	E. coli promoter A3	1
859.999000	T7 promoter phi1.1A	1
859.999000	T7 promoter phi1.1B	1
859.999000	T7 promoter phi1.3	1
859.999000	T7 promoter phi1.5	1
859.999000	T7 promoter phi1.6	1
859.999000	T7 promoter phi10	0
859.999000	T7 promoter phi13	1
859.999000	T7 promoter phi17	0
859.999000	T7 promoter phi2.5	1
859.999000	T7 promoter phi3.8	0
859.999000	T7 promoter phi4.3	1
859.999000	T7 promoter phi4.7	0
859.999000	T7 promoter phi4c	1
859.999000	T7 promoter phi6.5	1
859.999000	T7 promoter phi9	0
859.999000	bound_ecolipol	0
859.999000	bound_ecolipol_p	1232
859.999000	bound_ribosome	2271
859.999000	degraded_transcript	32284
859.999000	ecoli_genome	568
859.999000	ecoli_transcript	29848
859.999000	ecolipol	0
859.999000	ecolipol-2	0
859.999000	ecolipol-2-p	544
859.999000	ecolipol-p	23
859.999000	gene 0.3	555
859.999000	gene 1.1	966
859.999000	gene 1.2	842
859.999000	gene 1.3	1135
859.999000	gene 1.4	893
859.999000	gene 1.5	859
859.999000	gene 1.6	1011
859.999000	gene 1.7	1133
859.999000	gene 1.8	1079
859.999000	gene 10A	7162
859.999000	gene 11	1064
859.999000	gene 12	684
859.999000	gene 13	1418
859.999000	gene 14	1305
859.999000	gene 15	924
859.999000	gene 16	667
859.999000	gene 17	1213
859.999000	gene 17.5	1462
859.999000	gene 18	1382
859.999000	gene 18.5	1357
859.999000	gene 18.7	1264
859.999000	gene 19	1053
859.999000	gene 19.2	1193
859.999000	gene 19.3	1325
859.999000	gene 19.5	1393
859.999000	gene 2.5	1498
859.999000	gene 2.8	1396
859.999000	gene 3	1228
859.999000	gene 3.8	1694
859.999000	gene 4.2	1514
859.999000	gene 4.3	1802
859.999000	gene 4.5	2069
859.999000	gene 4.7	1982
859.999000	gene 4A	992
859.999000	gene 5	1677
859.999000	gene 5.3	2024
859.999000	gene 5.5	1949
859.999000	gene 5.7	1846
859.999000	gene 5.9	1845
859.999000	gene 6	1522
859.999000	gene 6.3	1777
859.999000	gene 6.5	2343
859.999000	gene 6.7	2127
859.999000	gene 7	2206
859.999000	gene 7.3	2254
859.999000	gene 7.7	2294
859.999000	gene 8	1623
859.999000	gene 9	3328
859.999000	gp-2	542
859.999000	lysozyme-3.5	1014
859.999000	protein_kinase-0.7	426
859.999000	rbs	8801
859.999000	ribosome	1
859.999000	rnapol-1	20
859.999000	rnapol-3.5	278
864.999003	E. coli B promoter	1
864.999003	E. coli C promoter	1
864.999003	E. coli promoter A1	1
864.999003	E. coli promoter A2	1
864.999003	E. coli promoter A3	1
864.999003	T7 promoter phi1.1A	1
864.999003	T7 promoter phi1.1B	1
864.999003	T7 promoter phi1.3	1
864.999003	T7 promoter phi1.5	1
864.999003	T7 promoter phi1.6	1
864.999003	T7 promoter phi10	0
864.999003	T7 promoter phi13	1
864.999003	T7 promoter phi17	1
864.999003	T7 promoter phi2.5	1
864.999003	T7 promoter phi3.8	0
864.999003	T7 promoter phi4.3	1
864.999003	T7 promoter phi4.7	0
864.999003	T7 promoter phi4c	1
864.999003	T7 promoter phi6.5	1
864.999003	T7 promoter phi9	0
864.999003	bound_ecolipol	0
864.999003	bound_ecolipol_p	1237
864.999003	bound_ribosome	2249
864.999003	degraded_transcript	32563
864.999003	ecoli_genome	563
864.999003	ecoli_transcript	29818
864.999003	ecolipol	0
864.999003	ecolipol-2	0
864.999003	ecolipol-2-p	545
864.999003	ecolipol-p	17
864.999003	gene 0.3	557
864.999003	gene 1.1	971
864.999003	gene 1.2	847
864.999003	gene 1.3	1146
864.999003	gene 1.4	902
864.999003	gene 1.5	867
864.999003	gene 1.6	1021
864.999003	gene 1.7	1154
864.999003	gene 1.8	1092
864.999003	gene 10A	7295
864.999003	gene 11	1080
864.999003	gene 12	700
864.999003	gene 13	1439
864.999003	gene 14	1328
864.999003	gene 15	950
864.999003	gene 16	683
864.999003	gene 17	1240
864.999003	gene 17.5	1490
864.999003	gene 18	1407
864.999003	gene 18.5	1391
864.999003	gene 18.7	1290
864.999003	gene 19	1080
864.999003	gene 19.2	1222
864.999003	gene 19.3	1342
864.999003	gene 19.5	1424
864.999003	gene 2.5	1519
864.999003	gene 2.8	1413
864.999003	gene 3	1250
864.999003	gene 3.8	1715
864.999003	gene 4.2	1535
864.999003	gene 4.3	1818
864.999003	gene 4.5	2107
864.999003	gene 4.7	2011
864.999003	gene 4A	1010
864.999003	gene 5	1714
864.999003	gene 5.3	2045
864.999003	gene 5.5	1977
864.999003	gene 5.7	1870
864.999003	gene 5.9	1872
864.999003	gene 6	1550
864.999003	gene 6.3	1805
864.999003	gene 6.5	2379
864.999003	gene 6.7	2160
864.999003	gene 7	2240
864.999003	gene 7.3	2277
864.999003	gene 7.7	2321
864.999003	gene 8	1657
864.999003	gene 9	3392
864.999003	gp-2	555
864.999003	lysozyme-3.5	1031
864.999003	protein_kinase-0.7	428
864.999003	rbs	8943
864.999003	ribosome	1
864.999003	rnapol-1	15
864.999003	rnapol-3.5	275
869.999015	E. coli B promoter	1
869.999015	E. coli C promoter	1
869.999015	E. coli promoter A1	1
869.999015	E. coli promoter A2	1
869.999015	E. coli promoter A3	1
869.999015	T7 promoter phi1.1A	1
869.999015	T7 promoter phi1.1B	1
869.999015	T7 promoter phi1.3	1
869.999015	T7 promoter phi1.5	0
869.999015	T7 promoter phi1.6	1
869.999015	T7 promoter phi10	1
869.999015	T7 promoter phi13	1
869.999015	T7 promoter phi17	1
869.999015	T7 promoter phi2.5	1
869.999015	T7 promoter phi3.8	1
869.999015	T7 promoter phi4.3	1
869.999015	T7 promoter phi4.7	1
869.999015	T7 promoter phi4c	1
869.999015	T7 promoter phi6.5	1
869.999015	T7 promoter phi9	0
869.999015	bound_ecolipol	0
869.999015	bound_ecolipol_p	1236
869.999015	bound_ribosome	2225
869.999015	degraded_transcript	32858
869.999015	ecoli_genome	564
869.999015	ecoli_transcript	29808
869.999015	ecolipol	0
869.999015	ecolipol-2	0
869.999015	ecolipol-2-p	544
869.999015	ecolipol-p	19
869.999015	gene 0.3	558
869.999015	gene 1.1	977
869.999015	gene 1.2	853
869.999015	gene 1.3	1153
869.999015	gene 1.4	911
869.999015	gene 1.5	881
869.999015	gene 1.6	1033
869.999015	gene 1.7	1172
869.999015	gene 1.8	1108
869.999015	gene 10A	7422
869.999015	gene 11	1094
869.999015	gene 12	712
869.999015	gene 13	1470
869.999015	gene 14	1357
869.999015	gene 15	973
869.999015	gene 16	705
869.999015	gene 17	1263
869.999015	gene 17.5	1520
869.999015	gene 18	1438
869.999015	gene 18.5	1422
869.999015	gene 18.7	1309
869.999015	gene 19	1105
869.999015	gene 19.2	1246
869.999015	gene 19.3	1374
869.999015	gene 19.5	1460
869.999015	gene 2.5	1545
869.999015	gene 2.8	1442
869.999015	gene 3	1264
869.999015	gene 3.8	1734
869.999015	gene 4.2	1557
869.999015	gene 4.3	1839
869.999015	gene 4.5	2130
869.999015	gene 4.7	2050
869.999015	gene 4A	1031
869.999015	gene 5	1740
869.999015	gene 5.3	2068
869.999015	gene 5.5	2004
869.999015	gene 5.7	1896
869.999015	gene 5.9	1890
869.999015	gene 6	1580
869.999015	gene 6.3	1830
869.999015	gene 6.5	2428
869.999015	gene 6.7	2189
869.999015	gene 7	2275
869.999015	gene 7.3	2311
869.999015	gene 7.7	2358
869.999015	gene 8	1690
869.999015	gene 9	3453
869.999015	gp-2	571
869.999015	lysozyme-3.5	1043
869.999015	protein_kinase-0.7	429
869.999015	rbs	9077
869.999015	ribosome	1
869.999015	rnapol-1	16
869.999015	rnapol-3.5	279
874.999005	E. coli B promoter	1
874.999005	E. coli C promoter	1
874.999005	E. coli promoter A1	1
874.999005	E. coli promoter A2	1
874.999005	E. coli promoter A3	1
874.999005	T7 promoter phi1.1A	1
874.999005	T7 promoter phi1.1B	1
874.999005	T7 promoter phi1.3	1
874.999005	T7 promoter phi1.5	1
874.999005	T7 promoter phi1.6	1
874.999005	T7 promoter phi10	1
874.999005	T7 promoter phi13	1
874.999005	T7 promoter phi17	1
874.999005	T7 promoter phi2.5	1
874.999005	T7 promoter phi3.8	1
874.999005	T7 promoter phi4.3	1
874.999005	T7 promoter phi4.7	0
874.999005	T7 promoter phi4c	1
874.999005	T7 promoter phi6.5	1
874.999005	T7 promoter phi9	1
874.999005	bound_ecolipol	0
874.999005	bound_ecolipol_p	1244
874.999005	bound_ribosome	2211
874.999005	degraded_transcript	33171
874.999005	ecoli_genome	556
874.999005	ecoli_transcript	29739
874.999005	ecolipol	0
874.999005	ecolipol-2	0
874.999005	ecolipol-2-p	548
874.999005	ecolipol-p	7
874.999005	gene 0.3	558
874.999005	gene 1.1	986
874.999005	gene 1.2	864
874.999005	gene 1.3	1163
874.999005	gene 1.4	921
874.999005	gene 1.5	895
874.999005	gene 1.6	1041
874.999005	gene 1.7	1190
874.999005	gene 1.8	1120
874.999005	gene 10A	7554
874.999005	gene 11	1119
874.999005	gene 12	731
874.999005	gene 13	1504
874.999005	gene 14	1385
874.999005	gene 15	991
874.999005	gene 16	720
874.999005	gene 17	1298
874.999005	gene 17.5	1553
874.999005	gene 18	1463
874.999005	gene 18.5	1448
874.999005	gene 18.7	1341
874.999005	gene 19	1139
874.999005	gene 19.2	1270
874.999005	gene 19.3	1399
874.999005	gene 19.5	1484
874.999005	gene 2.5	1568
874.999005	gene 2.8	1454
874.999005	gene 3	1278
874.999005	gene 3.8	1753
874.999005	gene 4.2	1580
874.999005	gene 4.3	1865
874.999005	gene 4.5	2162
874.999005	gene 4.7	2071
874.999005	gene 4A	1049
874.999005	gene 5	1772
874.999005	gene 5.3	2096
874.999005	gene 5.5	2035
874.999005	gene 5.7	1917
874.999005	gene 5.9	1912
874.999005	gene 6	1614
874.999005	gene 6.3	1853
874.999005	gene 6.5	2467
874.999005	gene 6.7	2224
874.999005	gene 7	2315
874.999005	gene 7.3	2338
874.999005	gene 7.7	2392
874.999005	gene 8	1734
874.999005	gene 9	3501
874.999005	gp-2	585
874.999005	lysozyme-3.5	1050
874.999005	protein_kinase-0.7	429
874.999005	rbs	9251
874.999005	ribosome	0
874.999005	rnapol-1	10
874.999005	rnapol-3.5	282
879.999005	E. coli B promoter	1
879.999005	E. coli C promoter	1
879.999005	E. coli promoter A1	1
879.999005	E. coli promoter A2	1
879.999005	E. coli promoter A3	1
879.999005	T7 promoter phi1.1A	1
879.999005	T7 promoter phi1.1B	1
879.999005	T7 promoter phi1.3	1
879.999005	T7 promoter phi1.5	1
879.999005	T7 promoter phi1.6	1
879.999005	T7 promoter phi10	1
879.999005	T7 promoter phi13	1
879.999005	T7 promoter phi17	1
879.999005	T7 promoter phi2.5	1
879.999005	T7 promoter phi3.8	1
879.999005	T7 promoter phi4.3	1
879.999005	T7 promoter phi4.7	1
879.999005	T7 promoter phi4c	1
879.999005	T7 promoter phi6.5	1
879.999005	T7 promoter phi9	1
879.999005	bound_ecolipol	0
879.999005	bound_ecolipol_p	1212
879.999005	bound_ribosome	2168
879.999005	degraded_transcript	33447
879.999005	ecoli_genome	588
879.999005	ecoli_transcript	29775
879.999005	ecolipol	0
879.999005	ecolipol-2	0
879.999005	ecolipol-2-p	568
879.999005	ecolipol-p	19
879.999005	gene 0.3	560
879.999005	gene 1.1	998
879.999005	gene 1.2	869
879.999005	gene 1.3	1177
879.999005	gene 1.4	929
879.999005	gene 1.5	903
879.999005	gene 1.6	1048
879.999005	gene 1.7	1200
879.999005	gene 1.8	1140
879.999005	gene 10A	7695
879.999005	gene 11	1134
879.999005	gene 12	751
879.999005	gene 13	1529
879.999005	gene 14	1410
879.999005	gene 15	1018
879.999005	gene 16	743
879.999005	gene 17	1326
879.999005	gene 17.5	1585
879.999005	gene 18	1496
879.999005	gene 18.5	1477
879.999005	gene 18.7	1381
879.999005	gene 19	1169
879.999005	gene 19.2	1302
879.999005	gene 19.3	1426
879.999005	gene 19.5	1514
879.999005	gene 2.5	1585
879.999005	gene 2.8	1475
879.999005	gene 3	1288
879.999005	gene 3.8	1769
879.999005	gene 4.2	1599
879.999005	gene 4.3	1888
879.999005	gene 4.5	2186
879.999005	gene 4.7	2104
879.999005	gene 4A	1071
879.999005	gene 5	1798
879.999005	gene 5.3	2131
879.999005	gene 5.5	2068
879.999005	gene 5.7	1945
879.999005	gene 5.9	1945
879.999005	gene 6	1635
879.999005	gene 6.3	1875
879.999005	gene 6.5	2500
879.999005	gene 6.7	2252
879.999005	gene 7	2344
879.999005	gene 7.3	2368
879.999005	gene 7.7	2424
879.999005	gene 8	1766
879.999005	gene 9	3555
879.999005	gp-2	583
879.999005	lysozyme-3.5	1071
879.999005	protein_kinase-0.7	430
879.999005	rbs	9340
879.999005	ribosome	6
879.999005	rnapol-1	14
879.999005	rnapol-3.5	287
884.999007	E. coli B promoter	1
884.999007	E. coli C promoter	1
884.999007	E. coli promoter A1	1
884.999007	E. coli promoter A2	1
884.999007	E. coli promoter A3	1
884.999007	T7 promoter phi1.1A	1
884.999007	T7 promoter phi1.1B	1
884.999007	T7 promoter phi1.3	1
884.999007	T7 promoter phi1.5	1
884.999007	T7 promoter phi1.6	1
884.999007	T7 promoter phi10	1
884.999007	T7 promoter phi13	1
884.999007	T7 promoter phi17	0
884.999007	T7 promoter phi2.5	1
884.999007	T7 promoter phi3.8	1
884.999007	T7 promoter phi4.3	1
884.999007	T7 promoter phi4.7	1
884.999007	T7 promoter phi4c	1
884.999007	T7 promoter phi6.5	1
884.999007	T7 promoter phi9	1
884.999007	bound_ecolipol	0
884.999007	bound_ecolipol_p	1210
884.999007	bound_ribosome	2125
884.999007	degraded_transcript	33711
884.999007	ecoli_genome	590
884.999007	ecoli_transcript	29820
884.999007	ecolipol	0
884.999007	ecolipol-2	0
884.999007	ecolipol-2-p	572
884.999007	ecolipol-p	17
884.999007	gene 0.3	561
884.999007	gene 1.1	1008
884.999007	gene 1.2	877
884.999007	gene 1.3	1187
884.999007	gene 1.4	948
884.999007	gene 1.5	914
884.999007	gene 1.6	1063
884.999007	gene 1.7	1212
884.999007	gene 1.8	1157
884.999007	gene 10A	7818
884.999007	gene 11	1151
884.999007	gene 12	771
884.999007	gene 13	1558
884.999007	gene 14	1441
884.999007	gene 15	1041
884.999007	gene 16	760
884.999007	gene 17	1355
884.999007	gene 17.5	1612
884.999007	gene 18	1514
884.999007	gene 18.5	1500
884.999007	gene 18.7	1405
884.999007	gene 19	1199
884.999007	gene 19.2	1330
884.999007	gene 19.3	1447
884.999007	gene 19.5	1543
884.999007	gene 2.5	1606
884.999007	gene 2.8	1489
884.999007	gene 3	1298
884.999007	gene 3.8	1800
884.999007	gene 4.2	1612
884.999007	gene 4.3	1916
884.999007	gene 4.5	2205
884.999007	gene 4.7	2123
884.999007	gene 4A	1093
884.999007	gene 5	1828
884.999007	gene 5.3	2157
884.999007	gene 5.5	2095
884.999007	gene 5.7	1975
884.999007	gene 5.9	1971
884.999007	gene 6	1655
884.999007	gene 6.3	1900
884.999007	gene 6.5	2549
884.999007	gene 6.7	2283
884.999007	gene 7	2378
884.999007	gene 7.3	2410
884.999007	gene 7.7	2453
884.999007	gene 8	1794
884.999007	gene 9	3610
884.999007	gp-2	597
884.999007	lysozyme-3.5	1099
884.999007	protein_kinase-0.7	430
884.999007	rbs	9523
884.999007	ribosome	0
884.999007	rnapol-1	20
884.999007	rnapol-3.5	288
889.999004	E. coli B promoter	1
889.999004	E. coli C promoter	1
889.999004	E. coli promoter A1	1
889.999004	E. coli promoter A2	1
889.999004	E. coli promoter A3	1
889.999004	T7 promoter phi1.1A	1
889.999004	T7 promoter phi1.1B	1
889.999004	T7 promoter phi1.3	1
889.999004	T7 promoter phi1.5	1
889.999004	T7 promoter phi1.6	1
889.999004	T7 promoter phi10	1
889.999004	T7 promoter phi13	1
889.999004	T7 promoter phi17	1
889.999004	T7 promoter phi2.5	1
889.999004	T7 promoter phi3.8	1
889.999004	T7 promoter phi4.3	1
889.999004	T7 promoter phi4.7	1
889.999004	T7 promoter phi4c	1
889.999004	T7 promoter phi6.5	0
889.999004	T7 promoter phi9	1
889.999004	bound_ecolipol	0
889.999004	bound_ecolipol_p	1204
889.999004	bound_ribosome	2086
889.999004	degraded_transcript	33986
889.999004	ecoli_genome	596
889.999004	ecoli_transcript	29837
889.999004	ecolipol	0
889.999004	ecolipol-2	0
889.999004	ecolipol-2-p	577
889.999004	ecolipol-p	18
889.999004	gene 0.3	564
889.999004	gene 1.1	1021
889.999004	gene 1.2	880
889.999004	gene 1.3	1195
889.999004	gene 1.4	959
889.999004	gene 1.5	926
889.999004	gene 1.6	1080
889.999004	gene 1.7	1230
889.999004	gene 1.8	1182
889.999004	gene 10A	7921
889.999004	gene 11	1167
889.999004	gene 12	791
889.999004	gene 13	1588
889.999004	gene 14	1461
889.999004	gene 15	1063
889.999004	gene 16	783
889.999004	gene 17	1385
889.999004	gene 17.5	1634
889.999004	gene 18	1545
889.999004	gene 18.5	1532
889.999004	gene 18.7	1435
889.999004	gene 19	1235
889.999004	gene 19.2	1365
889.999004	gene 19.3	1470
889.999004	gene 19.5	1565
889.999004	gene 2.5	1631
889.999004	gene 2.8	1507
889.999004	gene 3	1321
889.999004	gene 3.8	1824
889.999004	gene 4.2	1639
889.999004	gene 4.3	1943
889.999004	gene 4.5	2232
889.999004	gene 4.7	2151
889.999004	gene 4A	1106
889.999004	gene 5	1868
889.999004	gene 5.3	2190
889.999004	gene 5.5	2119
889.999004	gene 5.7	1996
889.999004	gene 5.9	1999
889.999004	gene 6	1678
889.999004	gene 6.3	1927
889.999004	gene 6.5	2580
889.999004	gene 6.7	2308
889.999004	gene 7	2404
889.999004	gene 7.3	2441
889.999004	gene 7.7	2498
889.999004	gene 8	1837
889.999004	gene 9	3675
889.999004	gp-2	610
889.999004	lysozyme-3.5	1107
889.999004	protein_kinase-0.7	431
889.999004	rbs	9614
889.999004	ribosome	0
889.999004	rnapol-1	14
889.999004	rnapol-3.5	296
894.999012	E. coli B promoter	1
894.999012	E. coli C promoter	1
894.999012	E. coli promoter A1	1
894.999012	E. coli promoter A2	1
894.999012	E. coli promoter A3	1
894.999012	T7 promoter phi1.1A	1
894.999012	T7 promoter phi1.1B	0
894.999012	T7 promoter phi1.3	1
894.999012	T7 promoter phi1.5	1
894.999012	T7 promoter phi1.6	1
894.999012	T7 promoter phi10	0
894.999012	T7 promoter phi13	1
894.999012	T7 promoter phi17	1
894.999012	T7 promoter phi2.5	1
894.999012	T7 promoter phi3.8	1
894.999012	T7 promoter phi4.3	1
894.999012	T7 promoter phi4.7	1
894.999012	T7 promoter phi4c	1
894.999012	T7 promoter phi6.5	0
894.999012	T7 promoter phi9	1
894.999012	bound_ecolipol	0
894.999012	bound_ecolipol_p	1199
894.999012	bound_ribosome	2111
894.999012	degraded_transcript	34268
894.999012	ecoli_genome	601
894.999012	ecoli_transcript	29801
894.999012	ecolipol	0
894.999012	ecolipol-2	0
894.999012	ecolipol-2-p	586
894.999012	ecolipol-p	14
894.999012	gene 0.3	564
894.999012	gene 1.1	1028
894.999012	gene 1.2	884
894.999012	gene 1.3	1205
894.999012	gene 1.4	968
894.999012	gene 1.5	937
894.999012	gene 1.6	1097
894.999012	gene 1.7	1244
894.999012	gene 1.8	1199
894.999012	gene 10A	8042
894.999012	gene 11	1182
894.999012	gene 12	813
894.999012	gene 13	1609
894.999012	gene 14	1489
894.999012	gene 15	1083
894.999012	gene 16	799
894.999012	gene 17	1414
894.999012	gene 17.5	1662
894.999012	gene 18	1573
894.999012	gene 18.5	1553
894.999012	gene 18.7	1464
894.999012	gene 19	1254
894.999012	gene 19.2	1387
894.999012	gene 19.3	1495
894.999012	gene 19.5	1596
894.999012	gene 2.5	1648
894.999012	gene 2.8	1526
894.999012	gene 3	1337
894.999012	gene 3.8	1846
894.999012	gene 4.2	1665
894.999012	gene 4.3	1970
894.999012	gene 4.5	2257
894.999012	gene 4.7	2181
894.999012	gene 4A	1131
894.999012	gene 5	1887
894.999012	gene 5.3	2217
894.999012	gene 5.5	2146
894.999012	gene 5.7	2030
894.999012	gene 5.9	2035
894.999012	gene 6	1713
894.999012	gene 6.3	1953
894.999012	gene 6.5	2617
894.999012	gene 6.7	2353
894.999012	gene 7	2435
894.999012	gene 7.3	2480
894.999012	gene 7.7	2543
894.999012	gene 8	1869
894.999012	gene 9	3728
894.999012	gp-2	613
894.999012	lysozyme-3.5	1119
894.999012	protein_kinase-0.7	431
894.999012	rbs	9744
894.999012	ribosome	0
894.999012	rnapol-1	11
894.999012	rnapol-3.5	300
899.999001	E. coli B promoter	1
899.999001	E. coli C promoter	1
899.999001	E. coli promoter A1	1
899.999001	E. coli promoter A2	1
899.999001	E. coli promoter A3	1
899.999001	T7 promoter phi1.1A	1
899.999001	T7 promoter phi1.1B	1
899.999001	T7 promoter phi1.3	1
899.999001	T7 promoter phi1.5	1
899.999001	T7 promoter phi1.6	0
899.999001	T7 promoter phi10	0
899.999001	T7 promoter phi13	1
899.999001	T7 promoter phi17	0
899.999001	T7 promoter phi2.5	1
899.999001	T7 promoter phi3.8	1
899.999001	T7 promoter phi4.3	1
899.999001	T7 promoter phi4.7	1
899.999001	T7 promoter phi4c	0
899.999001	T7 promoter phi6.5	1
899.999001	T7 promoter phi9	0
899.999001	bound_ecolipol	0
899.999001	bound_ecolipol_p	1203
899.999001	bound_ribosome	2113
899.999001	degraded_transcript	34555
899.999001	ecoli_genome	597
899.999001	ecoli_transcript	29741
899.999001	ecolipol	0
899.999001	ecolipol-2	0
899.999001	ecolipol-2-p	586
899.999001	ecolipol-p	10
899.999001	gene 0.3	566
899.999001	gene 1.1	1038
899.999001	gene 1.2	889
899.999001	gene 1.3	1215
899.999001	gene 1.4	974
899.999001	gene 1.5	943
899.999001	gene 1.6	1108
899.999001	gene 1.7	1262
899.999001	gene 1.8	1212
899.999001	gene 10A	8167
899.999001	gene 11	1206
899.999001	gene 12	830
899.999001	gene 13	1643
899.999001	gene 14	1516
899.999001	gene 15	1108
899.999001	gene 16	820
899.999001	gene 17	1442
899.999001	gene 17.5	1687
899.999001	gene 18	1599
899.999001	gene 18.5	1578
899.999001	gene 18.7	1482
899.999001	gene 19	1280
899.999001	gene 19.2	1408
899.999001	gene 19.3	1522
899.999001	gene 19.5	1629
899.999001	gene 2.5	1671
899.999001	gene 2.8	1548
899.999001	gene 3	1349
899.999001	gene 3.8	1873
899.999001	gene 4.2	1686
899.999001	gene 4.3	1996
899.999001	gene 4.5	2281
899.999001	gene 4.7	2203
899.999001	gene 4A	1147
899.999001	gene 5	1913
899.999001	gene 5.3	2241
899.999001	gene 5.5	2177
899.999001	gene 5.7	2056
899.999001	gene 5.9	2072
899.999001	gene 6	1742
899.999001	gene 6.3	1978
899.999001	gene 6.5	2656
899.999001	gene 6.7	2389
899.999001	gene 7	2477
899.999001	gene 7.3	2523
899.999001	gene 7.7	2584
899.999001	gene 8	1898
899.999001	gene 9	3790
899.999001	gp-2	624
899.999001	lysozyme-3.5	1151
899.999001	protein_kinase-0.7	434
899.999001	rbs	9885
899.999001	ribosome	1
899.999001	rnapol-1	21
899.999001	rnapol-3.5	287
904.999008	E. coli B promoter	1
904.999008	E. coli C promoter	1
904.999008	E. coli promoter A1	1
904.999008	E. coli promoter A2	1
904.999008	E. coli promoter A3	1
904.999008	T7 promoter phi1.1A	1
904.999008	T7 promoter phi1.1B	0
904.999008	T7 promoter phi1.3	1
904.999008	T7 promoter phi1.5	1
904.999008	T7 promoter phi1.6	1
904.999008	T7 promoter phi10	0
904.999008	T7 promoter phi13	1
904.999008	T7 promoter phi17	0
904.999008	T7 promoter phi2.5	1
904.999008	T7 promoter phi3.8	1
904.999008	T7 promoter phi4.3	1
904.999008	T7 promoter phi4.7	1
904.999008	T7 promoter phi4c	1
904.999008	T7 promoter phi6.5	1
904.999008	T7 promoter phi9	1
904.999008	bound_ecolipol	0
904.999008	bound_ecolipol_p	1210
904.999008	bound_ribosome	2061
904.999008	degraded_transcript	34821
904.999008	ecoli_genome	590
904.999008	ecoli_transcript	29783
904.999008	ecolipol	0
904.999008	ecolipol-2	0
904.999008	ecolipol-2-p	570
904.999008	ecolipol-p	19
904.999008	gene 0.3	568
904.999008	gene 1.1	1048
904.999008	gene 1.2	896
904.999008	gene 1.3	1227
904.999008	gene 1.4	986
904.999008	gene 1.5	951
904.999008	gene 1.6	1120
904.999008	gene 1.7	1278
904.999008	gene 1.8	1224
904.999008	gene 10A	8278
904.999008	gene 11	1223
904.999008	gene 12	846
904.999008	gene 13	1678
904.999008	gene 14	1546
904.999008	gene 15	1140
904.999008	gene 16	845
904.999008	gene 17	1471
904.999008	gene 17.5	1721
904.999008	gene 18	1626
904.999008	gene 18.5	1607
904.999008	gene 18.7	1503
904.999008	gene 19	1309
904.999008	gene 19.2	1431
904.999008	gene 19.3	1551
904.999008	gene 19.5	1653
904.999008	gene 2.5	1693
904.999008	gene 2.8	1568
904.999008	gene 3	1363
904.999008	gene 3.8	1895
904.999008	gene 4.2	1710
904.999008	gene 4.3	2033
904.999008	gene 4.5	2307
904.999008	gene 4.7	2231
904.999008	gene 4A	1162
904.999008	gene 5	1939
904.999008	gene 5.3	2269
904.999008	gene 5.5	2199
904.999008	gene 5.7	2089
904.999008	gene 5.9	2095
904.999008	gene 6	1780
904.999008	gene 6.3	2005
904.999008	gene 6.5	2690
904.999008	gene 6.7	2422
904.999008	gene 7	2504
904.999008	gene 7.3	2562
904.999008	gene 7.7	2616
904.999008	gene 8	1935
904.999008	gene 9	3835
904.999008	gp-2	656
904.999008	lysozyme-3.5	1151
904.999008	protein_kinase-0.7	436
904.999008	rbs	10011
904.999008	ribosome	0
904.999008	rnapol-1	11
904.999008	rnapol-3.5	303
909.999000	E. coli B promoter	1
909.999000	E. coli C promoter	1
909.999000	E. coli promoter A1	1
909.999000	E. coli promoter A2	1
909.999000	E. coli promoter A3	1
909.999000	T7 promoter phi1.1A	1
909.999000	T7 promoter phi1.1B	1
909.999000	T7 promoter phi1.3	1
909.999000	T7 promoter phi1.5	1
909.999000	T7 promoter phi1.6	1
909.999000	T7 promoter phi10	0
909.999000	T7 promoter phi13	1
909.999000	T7 promoter phi17	1
909.999000	T7 promoter phi2.5	1
909.999000	T7 promoter phi3.8	1
909.999000	T7 promoter phi4.3	1
909.999000	T7 promoter phi4.7	1
909.999000	T7 promoter phi4c	1
909.999000	T7 promoter phi6.5	1
909.999000	T7 promoter phi9	0
909.999000	bound_ecolipol	0
909.999000	bound_ecolipol_p	1191
909.999000	bound_ribosome	2053
909.999000	degraded_transcript	35097
909.999000	ecoli_genome	609
909.999000	ecoli_transcript	29760
909.999000	ecolipol	0
909.999000	ecolipol-2	0
909.999000	ecolipol-2-p	594
909.999000	ecolipol-p	14
909.999000	gene 0.3	570
909.999000	gene 1.1	1055
909.999000	gene 1.2	900
909.999000	gene 1.3	1235
909.999000	gene 1.4	996
909.999000	gene 1.5	964
909.999000	gene 1.6	1136
909.999000	gene 1.7	1291
909.999000	gene 1.8	1235
909.999000	gene 10A	8406
909.999000	gene 11	1240
909.999000	gene 12	858
909.999000	gene 13	1700
909.999000	gene 14	1572
909.999000	gene 15	1158
909.999000	gene 16	867
909.999000	gene 17	1499
909.999000	gene 17.5	1751
909.999000	gene 18	1646
909.999000	gene 18.5	1636
909.999000	gene 18.7	1522
909.999000	gene 19	1342
909.999000	gene 19.2	1453
909.999000	gene 19.3	1578
909.999000	gene 19.5	1683
909.999000	gene 2.5	1710
909.999000	gene 2.8	1590
909.999000	gene 3	1379
909.999000	gene 3.8	1917
909.999000	gene 4.2	1734
909.999000	gene 4.3	2061
909.999000	gene 4.5	2326
909.999000	gene 4.7	2256
909.999000	gene 4A	1182
909.999000	gene 5	1970
909.999000	gene 5.3	2298
909.999000	gene 5.5	2225
909.999000	gene 5.7	2113
909.999000	gene 5.9	2118
909.999000	gene 6	1810
909.999000	gene 6.3	2039
909.999000	gene 6.5	2726
909.999000	gene 6.7	2457
909.999000	gene 7	2537
909.999000	gene 7.3	2598
909.999000	gene 7.7	2660
909.999000	gene 8	1973
909.999000	gene 9	3898
909.999000	gp-2	647
909.999000	lysozyme-3.5	1167
909.999000	protein_kinase-0.7	437
909.999000	rbs	10172
909.999000	ribosome	2
909.999000	rnapol-1	19
909.999000	rnapol-3.5	294
914.999006	E. coli B promoter	1
914.999006	E. coli C promoter	1
914.999006	E. coli promoter A1	1
914.999006	E. coli promoter A2	1
914.999006	E. coli promoter A3	1
914.999006	T7 promoter phi1.1A	1
914.999006	T7 promoter phi1.1B	1
914.999006	T7 promoter phi1.3	1
914.999006	T7 promoter phi1.5	1
914.999006	T7 promoter phi1.6	1
914.999006	T7 promoter phi10	0
914.999006	T7 promoter phi13	1
914.999006	T7 promoter phi17	1
914.999006	T7 promoter phi2.5	1
914.999006	T7 promoter phi3.8	0
914.999006	T7 promoter phi4.3	1
914.999006	T7 promoter phi4.7	1
914.999006	T7 promoter phi4c	1
914.999006	T7 promoter phi6.5	1
914.999006	T7 promoter phi9	1
914.999006	bound_ecolipol	0
914.999006	bound_ecolipol_p	1207
914.999006	bound_ribosome	2014
914.999006	degraded_transcript	35340
914.999006	ecoli_genome	593
914.999006	ecoli_transcript	29782
914.999006	ecolipol	0
914.999006	ecolipol-2	0
914.999006	ecolipol-2-p	580
914.999006	ecolipol-p	12
914.999006	gene 0.3	573
914.999006	gene 1.1	1062
914.999006	gene 1.2	907
914.999006	gene 1.3	1251
914.999006	gene 1.4	1003
914.999006	gene 1.5	976
914.999006	gene 1.6	1149
914.999006	gene 1.7	1307
914.999006	gene 1.8	1251
914.999006	gene 10A	8544
914.999006	gene 11	1268
914.999006	gene 12	875
914.999006	gene 13	1721
914.999006	gene 14	1600
914.999006	gene 15	1184
914.999006	gene 16	893
914.999006	gene 17	1530
914.999006	gene 17.5	1778
914.999006	gene 18	1669
914.999006	gene 18.5	1664
914.999006	gene 18.7	1551
914.999006	gene 19	1365
914.999006	gene 19.2	1475
914.999006	gene 19.3	1614
914.999006	gene 19.5	1711
914.999006	gene 2.5	1734
914.999006	gene 2.8	1608
914.999006	gene 3	1402
914.999006	gene 3.8	1938
914.999006	gene 4.2	1762
914.999006	gene 4.3	2090
914.999006	gene 4.5	2353
914.999006	gene 4.7	2285
914.999006	gene 4A	1199
914.999006	gene 5	1992
914.999006	gene 5.3	2342
914.999006	gene 5.5	2249
914.999006	gene 5.7	2142
914.999006	gene 5.9	2142
914.999006	gene 6	1845
914.999006	gene 6.3	2063
914.999006	gene 6.5	2768
914.999006	gene 6.7	2506
914.999006	gene 7	2564
914.999006	gene 7.3	2624
914.999006	gene 7.7	2693
914.999006	gene 8	2005
914.999006	gene 9	3959
914.999006	gp-2	689
914.999006	lysozyme-3.5	1187
914.999006	protein_kinase-0.7	439
914.999006	rbs	10275
914.999006	ribosome	0
914.999006	rnapol-1	23
914.999006	rnapol-3.5	293
919.999011	E. coli B promoter	1
919.999011	E. coli C promoter	1
919.999011	E. coli promoter A1	1
919.999011	E. coli promoter A2	1
919.999011	E. coli promoter A3	1
919.999011	T7 promoter phi1.1A	0
919.999011	T7 promoter phi1.1B	0
919.999011	T7 promoter phi1.3	1
919.999011	T7 promoter phi1.5	1
919.999011	T7 promoter phi1.6	1
919.999011	T7 promoter phi10	1
919.999011	T7 promoter phi13	0
919.999011	T7 promoter phi17	1
919.999011	T7 promoter phi2.5	1
919.999011	T7 promoter phi3.8	1
919.999011	T7 promoter phi4.3	0
919.999011	T7 promoter phi4.7	1
919.999011	T7 promoter phi4c	1
919.999011	T7 promoter phi6.5	1
919.999011	T7 promoter phi9	1
919.999011	bound_ecolipol	0
919.999011	bound_ecolipol_p	1191
919.999011	bound_ribosome	2018
919.999011	degraded_transcript	35612
919.999011	ecoli_genome	609
919.999011	ecoli_transcript	29740
919.999011	ecolipol	0
919.999011	ecolipol-2	0
919.999011	ecolipol-2-p	583
919.999011	ecolipol-p	25
919.999011	gene 0.3	575
919.999011	gene 1.1	1070
919.999011	gene 1.2	914
919.999011	gene 1.3	1259
919.999011	gene 1.4	1012
919.999011	gene 1.5	988
919.999011	gene 1.6	1160
919.999011	gene 1.7	1319
919.999011	gene 1.8	1269
919.999011	gene 10A	8655
919.999011	gene 11	1283
919.999011	gene 12	894
919.999011	gene 13	1748
919.999011	gene 14	1626
919.999011	gene 15	1198
919.999011	gene 16	917
919.999011	gene 17	1558
919.999011	gene 17.5	1812
919.999011	gene 18	1708
919.999011	gene 18.5	1695
919.999011	gene 18.7	1580
919.999011	gene 19	1402
919.999011	gene 19.2	1504
919.999011	gene 19.3	1638
919.999011	gene 19.5	1740
919.999011	gene 2.5	1749
919.999011	gene 2.8	1626
919.999011	gene 3	1419
919.999011	gene 3.8	1963
919.999011	gene 4.2	1781
919.999011	gene 4.3	2131
919.999011	gene 4.5	2377
919.999011	gene 4.7	2318
919.999011	gene 4A	1210
919.999011	gene 5	2019
919.999011	gene 5.3	2366
919.999011	gene 5.5	2278
919.999011	gene 5.7	2177
919.999011	gene 5.9	2170
919.999011	gene 6	1869
919.999011	gene 6.3	2092
919.999011	gene 6.5	2809
919.999011	gene 6.7	2544
919.999011	gene 7	2598
919.999011	gene 7.3	2656
919.999011	gene 7.7	2735
919.999011	gene 8	2041
919.999011	gene 9	4018
919.999011	gp-2	704
919.999011	lysozyme-3.5	1200
919.999011	protein_kinase-0.7	439
919.999011	rbs	10463
919.999011	ribosome	2
919.999011	rnapol-1	22
919.999011	rnapol-3.5	300
924.999007	E. coli B promoter	1
924.999007	E. coli C promoter	1
924.999007	E. coli promoter A1	1
924.999007	E. coli promoter A2	1
924.999007	E. coli promoter A3	1
924.999007	T7 promoter phi1.1A	1
924.999007	T7 promoter phi1.1B	1
924.999007	T7 promoter phi1.3	1
924.999007	T7 promoter phi1.5	1
924.999007	T7 promoter phi1.6	1
924.999007	T7 promoter phi10	0
924.999007	T7 promoter phi13	1
924.999007	T7 promoter phi17	1
924.999007	T7 promoter phi2.5	1
924.999007	T7 promoter phi3.8	1
924.999007	T7 promoter phi4.3	0
924.999007	T7 promoter phi4.7	0
924.999007	T7 promoter phi4c	1
924.999007	T7 promoter phi6.5	1
924.999007	T7 promoter phi9	0
924.999007	bound_ecolipol	0
924.999007	bound_ecolipol_p	1201
924.999007	bound_ribosome	1987
924.999007	degraded_transcript	35889
924.999007	ecoli_genome	599
924.999007	ecoli_transcript	29728
924.999007	ecolipol	0
924.999007	ecolipol-2	0
924.999007	ecolipol-2-p	584
924.999007	ecolipol-p	14
924.999007	gene 0.3	576
924.999007	gene 1.1	1077
924.999007	gene 1.2	920
924.999007	gene 1.3	1265
924.999007	gene 1.4	1024
924.999007	gene 1.5	1001
924.999007	gene 1.6	1179
924.999007	gene 1.7	1326
924.999007	gene 1.8	1285
924.999007	gene 10A	8787
924.999007	gene 11	1305
924.999007	gene 12	917
924.999007	gene 13	1783
924.999007	gene 14	1652
924.999007	gene 15	1217
924.999007	gene 16	935
924.999007	gene 17	1585
924.999007	gene 17.5	1838
924.999007	gene 18	1744
924.999007	gene 18.5	1724
924.999007	gene 18.7	1608
924.999007	gene 19	1427
924.999007	gene 19.2	1531
924.999007	gene 19.3	1659
924.999007	gene 19.5	1769
924.999007	gene 2.5	1770
924.999007	gene 2.8	1641
924.999007	gene 3	1437
924.999007	gene 3.8	1981
924.999007	gene 4.2	1802
924.999007	gene 4.3	2160
924.999007	gene 4.5	2408
924.999007	gene 4.7	2351
924.999007	gene 4A	1234
924.999007	gene 5	2043
924.999007	gene 5.3	2398
924.999007	gene 5.5	2298
924.999007	gene 5.7	2202
924.999007	gene 5.9	2190
924.999007	gene 6	1894
924.999007	gene 6.3	2117
924.999007	gene 6.5	2856
924.999007	gene 6.7	2572
924.999007	gene 7	2632
924.999007	gene 7.3	2688
924.999007	gene 7.7	2767
924.999007	gene 8	2071
924.999007	gene 9	4084
924.999007	gp-2	721
924.999007	lysozyme-3.5	1200
924.999007	protein_kinase-0.7	443
924.999007	rbs	10581
924.999007	ribosome	0
924.999007	rnapol-1	15
924.999007	rnapol-3.5	319
929.999006	E. coli B promoter	1
929.999006	E. coli C promoter	1
929.999006	E. coli promoter A1	1
929.999006	E. coli promoter A2	1
929.999006	E. coli promoter A3	1
929.999006	T7 promoter phi1.1A	1
929.999006	T7 promoter phi1.1B	1
929.999006	T7 promoter phi1.3	0
929.999006	T7 promoter phi1.5	1
929.999006	T7 promoter phi1.6	1
929.999006	T7 promoter phi10	0
929.999006	T7 promoter phi13	0
929.999006	T7 promoter phi17	0
929.999006	T7 promoter phi2.5	1
929.999006	T7 promoter phi3.8	1
929.999006	T7 promoter phi4.3	1
929.999006	T7 promoter phi4.7	1
929.999006	T7 promoter phi4c	1
929.999006	T7 promoter phi6.5	1
929.999006	T7 promoter phi9	1
929.999006	bound_ecolipol	0
929.999006	bound_ecolipol_p	1202
929.999006	bound_ribosome	1944
929.999006	degraded_transcript	36176
929.999006	ecoli_genome	598
929.999006	ecoli_transcript	29712
929.999006	ecolipol	0
929.999006	ecolipol-2	0
929.999006	ecolipol-2-p	581
929.999006	ecolipol-p	16
929.999006	gene 0.3	577
929.999006	gene 1.1	1086
929.999006	gene 1.2	923
929.999006	gene 1.3	1279
929.999006	gene 1.4	1034
929.999006	gene 1.5	1012
929.999006	gene 1.6	1192
929.999006	gene 1.7	1343
929.999006	gene 1.8	1302
929.999006	gene 10A	8907
929.999006	gene 11	1328
929.999006	gene 12	934
929.999006	gene 13	1802
929.999006	gene 14	1681
929.999006	gene 15	1237
929.999006	gene 16	954
929.999006	gene 17	1618
929.999006	gene 17.5	1865
929.999006	gene 18	1767
929.999006	gene 18.5	1751
929.999006	gene 18.7	1636
929.999006	gene 19	1453
929.999006	gene 19.2	1557
929.999006	gene 19.3	1688
929.999006	gene 19.5	1797
929.999006	gene 2.5	1791
929.999006	gene 2.8	1656
929.999006	gene 3	1447
929.999006	gene 3.8	1997
929.999006	gene 4.2	1827
929.999006	gene 4.3	2182
929.999006	gene 4.5	2443
929.999006	gene 4.7	2379
929.999006	gene 4A	1249
929.999006	gene 5	2071
929.999006	gene 5.3	2427
929.999006	gene 5.5	2328
929.999006	gene 5.7	2227
929.999006	gene 5.9	2224
929.999006	gene 6	1922
929.999006	gene 6.3	2147
929.999006	gene 6.5	2887
929.999006	gene 6.7	2603
929.999006	gene 7	2659
929.999006	gene 7.3	2720
929.999006	gene 7.7	2815
929.999006	gene 8	2110
929.999006	gene 9	4155
929.999006	gp-2	741
929.999006	lysozyme-3.5	1204
929.999006	protein_kinase-0.7	446
929.999006	rbs	10655
929.999006	ribosome	4
929.999006	rnapol-1	10
929.999006	rnapol-3.5	323
934.999007	E. coli B promoter	1
934.999007	E. coli C promoter	1
934.999007	E. coli promoter A1	1
934.999007	E. coli promoter A2	1
934.999007	E. coli promoter A3	1
934.999007	T7 promoter phi1.1A	1
934.999007	T7 promoter phi1.1B	1
934.999007	T7 promoter phi1.3	1
934.999007	T7 promoter phi1.5	1
934.999007	T7 promoter phi1.6	1
934.999007	T7 promoter phi10	1
934.999007	T7 promoter phi13	1
934.999007	T7 promoter phi17	1
934.999007	T7 promoter phi2.5	1
934.999007	T7 promoter phi3.8	1
934.999007	T7 promoter phi4.3	1
934.999007	T7 promoter phi4.7	1
934.999007	T7 promoter phi4c	1
934.999007	T7 promoter phi6.5	1
934.999007	T7 promoter phi9	1
934.999007	bound_ecolipol	0
934.999007	bound_ecolipol_p	1164
934.999007	bound_ribosome	1890
934.999007	degraded_transcript	36478
934.999007	ecoli_genome	636
934.999007	ecoli_transcript	29707
934.999007	ecolipol	0
934.999007	ecolipol-2	0
934.999007	ecolipol-2-p	620
934.999007	ecolipol-p	15
934.999007	gene 0.3	579
934.999007	gene 1.1	1095
934.999007	gene 1.2	930
934.999007	gene 1.3	1289
934.999007	gene 1.4	1045
934.999007	gene 1.5	1019
934.999007	gene 1.6	1206
934.999007	gene 1.7	1358
934.999007	gene 1.8	1319
934.999007	gene 10A	9024
934.999007	gene 11	1340
934.999007	gene 12	953
934.999007	gene 13	1822
934.999007	gene 14	1707
934.999007	gene 15	1253
934.999007	gene 16	971
934.999007	gene 17	1648
934.999007	gene 17.5	1903
934.999007	gene 18	1797
934.999007	gene 18.5	1772
934.999007	gene 18.7	1658
934.999007	gene 19	1484
934.999007	gene 19.2	1583
934.999007	gene 19.3	1708
934.999007	gene 19.5	1825
934.999007	gene 2.5	1814
934.999007	gene 2.8	1679
934.999007	gene 3	1469
934.999007	gene 3.8	2013
934.999007	gene 4.2	1857
934.999007	gene 4.3	2218
934.999007	gene 4.5	2475
934.999007	gene 4.7	2408
934.999007	gene 4A	1263
934.999007	gene 5	2107
934.999007	gene 5.3	2461
934.999007	gene 5.5	2355
934.999007	gene 5.7	2258
934.999007	gene 5.9	2248
934.999007	gene 6	1937
934.999007	gene 6.3	2177
934.999007	gene 6.5	2921
934.999007	gene 6.7	2635
934.999007	gene 7	2697
934.999007	gene 7.3	2752
934.999007	gene 7.7	2849
934.999007	gene 8	2144
934.999007	gene 9	4218
934.999007	gp-2	707
934.999007	lysozyme-3.5	1231
934.999007	protein_kinase-0.7	447
934.999007	rbs	10845
934.999007	ribosome	2
934.999007	rnapol-1	20
934.999007	rnapol-3.5	307
939.999004	E. coli B promoter	1
939.999004	E. coli C promoter	1
939.999004	E. coli promoter A1	1
939.999004	E. coli promoter A2	1
939.999004	E. coli promoter A3	1
939.999004	T7 promoter phi1.1A	1
939.999004	T7 promoter phi1.1B	1
939.999004	T7 promoter phi1.3	1
939.999004	T7 promoter phi1.5	1
939.999004	T7 promoter phi1.6	1
939.999004	T7 promoter phi10	1
939.999004	T7 promoter phi13	1
939.999004	T7 promoter phi17	1
939.999004	T7 promoter phi2.5	1
939.999004	T7 promoter phi3.8	1
939.999004	T7 promoter phi4.3	1
939.999004	T7 promoter phi4.7	1
939.999004	T7 promoter phi4c	1
939.999004	T7 promoter phi6.5	1
939.999004	T7 promoter phi9	1
939.999004	bound_ecolipol	0
939.999004	bound_ecolipol_p	1184
939.999004	bound_ribosome	1862
939.999004	degraded_transcript	36742
939.999004	ecoli_genome	616
939.999004	ecoli_transcript	29690
939.999004	ecolipol	0
939.999004	ecolipol-2	0
939.999004	ecolipol-2-p	601
939.999004	ecolipol-p	14
939.999004	gene 0.3	581
939.999004	gene 1.1	1105
939.999004	gene 1.2	936
939.999004	gene 1.3	1305
939.999004	gene 1.4	1054
939.999004	gene 1.5	1028
939.999004	gene 1.6	1223
939.999004	gene 1.7	1375
939.999004	gene 1.8	1342
939.999004	gene 10A	9130
939.999004	gene 11	1360
939.999004	gene 12	975
939.999004	gene 13	1844
939.999004	gene 14	1732
939.999004	gene 15	1278
939.999004	gene 16	993
939.999004	gene 17	1675
939.999004	gene 17.5	1924
939.999004	gene 18	1819
939.999004	gene 18.5	1800
939.999004	gene 18.7	1685
939.999004	gene 19	1512
939.999004	gene 19.2	1612
939.999004	gene 19.3	1740
939.999004	gene 19.5	1852
939.999004	gene 2.5	1838
939.999004	gene 2.8	1701
939.999004	gene 3	1500
939.999004	gene 3.8	2034
939.999004	gene 4.2	1874
939.999004	gene 4.3	2247
939.999004	gene 4.5	2490
939.999004	gene 4.7	2425
939.999004	gene 4A	1283
939.999004	gene 5	2140
939.999004	gene 5.3	2481
939.999004	gene 5.5	2386
939.999004	gene 5.7	2286
939.999004	gene 5.9	2273
939.999004	gene 6	1963
939.999004	gene 6.3	2210
939.999004	gene 6.5	2957
939.999004	gene 6.7	2673
939.999004	gene 7	2739
939.999004	gene 7.3	2785
939.999004	gene 7.7	2889
939.999004	gene 8	2172
939.999004	gene 9	4275
939.999004	gp-2	740
939.999004	lysozyme-3.5	1235
939.999004	protein_kinase-0.7	448
939.999004	rbs	10953
939.999004	ribosome	4
939.999004	rnapol-1	15
939.999004	rnapol-3.5	311
944.999012	E. coli B promoter	1
944.999012	E. coli C promoter	1
944.999012	E. coli promoter A1	1
944.999012	E. coli promoter A2	1
944.999012	E. coli promoter A3	1
944.999012	T7 promoter phi1.1A	1
944.999012	T7 promoter phi1.1B	1
944.999012	T7 promoter phi1.3	1
944.999012	T7 promoter phi1.5	1
944.999012	T7 promoter phi1.6	1
944.999012	T7 promoter phi10	0
944.999012	T7 promoter phi13	1
944.999012	T7 promoter phi17	1
944.999012	T7 promoter phi2.5	1
944.999012	T7 promoter phi3.8	1
944.999012	T7 promoter phi4.3	1
944.999012	T7 promoter phi4.7	1
944.999012	T7 promoter phi4c	1
944.999012	T7 promoter phi6.5	0
944.999012	T7 promoter phi9	1
944.999012	bound_ecolipol	0
944.999012	bound_ecolipol_p	1167
944.999012	bound_ribosome	1825
944.999012	degraded_transcript	37029
944.999012	ecoli_genome	633
944.999012	ecoli_transcript	29688
944.999012	ecolipol	0
944.999012	ecolipol-2	0
944.999012	ecolipol-2-p	619
944.999012	ecolipol-p	13
944.999012	gene 0.3	583
944.999012	gene 1.1	1111
944.999012	gene 1.2	940
944.999012	gene 1.3	1318
944.999012	gene 1.4	1062
944.999012	gene 1.5	1041
944.999012	gene 1.6	1244
944.999012	gene 1.7	1397
944.999012	gene 1.8	1358
944.999012	gene 10A	9261
944.999012	gene 11	1378
944.999012	gene 12	992
944.999012	gene 13	1868
944.999012	gene 14	1760
944.999012	gene 15	1308
944.999012	gene 16	1015
944.999012	gene 17	1700
944.999012	gene 17.5	1945
944.999012	gene 18	1853
944.999012	gene 18.5	1816
944.999012	gene 18.7	1711
944.999012	gene 19	1541
944.999012	gene 19.2	1640
944.999012	gene 19.3	1760
944.999012	gene 19.5	1890
944.999012	gene 2.5	1860
944.999012	gene 2.8	1711
944.999012	gene 3	1526
944.999012	gene 3.8	2052
944.999012	gene 4.2	1902
944.999012	gene 4.3	2265
944.999012	gene 4.5	2528
944.999012	gene 4.7	2454
944.999012	gene 4A	1299
944.999012	gene 5	2168
944.999012	gene 5.3	2509
944.999012	gene 5.5	2410
944.999012	gene 5.7	2306
944.999012	gene 5.9	2299
944.999012	gene 6	1993
944.999012	gene 6.3	2236
944.999012	gene 6.5	2993
944.999012	gene 6.7	2719
944.999012	gene 7	2772
944.999012	gene 7.3	2821
944.999012	gene 7.7	2927
944.999012	gene 8	2206
944.999012	gene 9	4334
944.999012	gp-2	739
944.999012	lysozyme-3.5	1241
944.999012	protein_kinase-0.7	449
944.999012	rbs	11110
944.999012	ribosome	0
944.999012	rnapol-1	9
944.999012	rnapol-3.5	314
949.999001	E. coli B promoter	1
949.999001	E. coli C promoter	1
949.999001	E. coli promoter A1	1
949.999001	E. coli promoter A2	1
949.999001	E. coli promoter A3	1
949.999001	T7 promoter phi1.1A	1
949.999001	T7 promoter phi1.1B	1
949.999001	T7 promoter phi1.3	1
949.999001	T7 promoter phi1.5	1
949.999001	T7 promoter phi1.6	1
949.999001	T7 promoter phi10	0
949.999001	T7 promoter phi13	0
949.999001	T7 promoter phi17	0
949.999001	T7 promoter phi2.5	1
949.999001	T7 promoter phi3.8	1
949.999001	T7 promoter phi4.3	1
949.999001	T7 promoter phi4.7	1
949.999001	T7 promoter phi4c	1
949.999001	T7 promoter phi6.5	1
949.999001	T7 promoter phi9	1
949.999001	bound_ecolipol	0
949.999001	bound_ecolipol_p	1164
949.999001	bound_ribosome	1835
949.999001	degraded_transcript	37316
949.999001	ecoli_genome	636
949.999001	ecoli_transcript	29623
949.999001	ecolipol	0
949.999001	ecolipol-2	0
949.999001	ecolipol-2-p	622
949.999001	ecolipol-p	13
949.999001	gene 0.3	585
949.999001	gene 1.1	1125
949.999001	gene 1.2	947
949.999001	gene 1.3	1332
949.999001	gene 1.4	1071
949.999001	gene 1.5	1052
949.999001	gene 1.6	1258
949.999001	gene 1.7	1415
949.999001	gene 1.8	1373
949.999001	gene 10A	9382
949.999001	gene 11	1392
949.999001	gene 12	1018
949.999001	gene 13	1886
949.999001	gene 14	1781
949.999001	gene 15	1326
949.999001	gene 16	1033
949.999001	gene 17	1737
949.999001	gene 17.5	1976
949.999001	gene 18	1882
949.999001	gene 18.5	1845
949.999001	gene 18.7	1738
949.999001	gene 19	1573
949.999001	gene 19.2	1666
949.999001	gene 19.3	1790
949.999001	gene 19.5	1917
949.999001	gene 2.5	1883
949.999001	gene 2.8	1730
949.999001	gene 3	1545
949.999001	gene 3.8	2076
949.999001	gene 4.2	1929
949.999001	gene 4.3	2292
949.999001	gene 4.5	2557
949.999001	gene 4.7	2482
949.999001	gene 4A	1324
949.999001	gene 5	2192
949.999001	gene 5.3	2536
949.999001	gene 5.5	2433
949.999001	gene 5.7	2326
949.999001	gene 5.9	2326
949.999001	gene 6	2016
949.999001	gene 6.3	2262
949.999001	gene 6.5	3027
949.999001	gene 6.7	2751
949.999001	gene 7	2814
949.999001	gene 7.3	2854
949.999001	gene 7.7	2966
949.999001	gene 8	2246
949.999001	gene 9	4403
949.999001	gp-2	747
949.999001	lysozyme-3.5	1263
949.999001	protein_kinase-0.7	452
949.999001	rbs	11223
949.999001	ribosome	2
949.999001	rnapol-1	13
949.999001	rnapol-3.5	308
954.999010	E. coli B promoter	1
954.999010	E. coli C promoter	1
954.999010	E. coli promoter A1	1
954.999010	E. coli promoter A2	1
954.999010	E. coli promoter A3	1
954.999010	T7 promoter phi1.1A	1
954.999010	T7 promoter phi1.1B	1
954.999010	T7 promoter phi1.3	1
954.999010	T7 promoter phi1.5	1
954.999010	T7 promoter phi1.6	1
954.999010	T7 promoter phi10	0
954.999010	T7 promoter phi13	1
954.999010	T7 promoter phi17	1
954.999010	T7 promoter phi2.5	1
954.999010	T7 promoter phi3.8	1
954.999010	T7 promoter phi4.3	1
954.999010	T7 promoter phi4.7	1
954.999010	T7 promoter phi4c	1
954.999010	T7 promoter phi6.5	1
954.999010	T7 promoter phi9	1
954.999010	bound_ecolipol	0
954.999010	bound_ecolipol_p	1167
954.999010	bound_ribosome	1835
954.999010	degraded_transcript	37601
954.999010	ecoli_genome	633
954.999010	ecoli_transcript	29570
954.999010	ecolipol	0
954.999010	ecolipol-2	0
954.999010	ecolipol-2-p	613
954.999010	ecolipol-p	19
954.999010	gene 0.3	591
954.999010	gene 1.1	1130
954.999010	gene 1.2	954
954.999010	gene 1.3	1340
954.999010	gene 1.4	1086
954.999010	gene 1.5	1062
954.999010	gene 1.6	1269
954.999010	gene 1.7	1437
954.999010	gene 1.8	1385
954.999010	gene 10A	9525
954.999010	gene 11	1416
954.999010	gene 12	1039
954.999010	gene 13	1911
954.999010	gene 14	1812
954.999010	gene 15	1349
954.999010	gene 16	1057
954.999010	gene 17	1779
954.999010	gene 17.5	2009
954.999010	gene 18	1918
954.999010	gene 18.5	1872
954.999010	gene 18.7	1765
954.999010	gene 19	1606
954.999010	gene 19.2	1703
954.999010	gene 19.3	1822
954.999010	gene 19.5	1946
954.999010	gene 2.5	1901
954.999010	gene 2.8	1748
954.999010	gene 3	1561
954.999010	gene 3.8	2095
954.999010	gene 4.2	1954
954.999010	gene 4.3	2311
954.999010	gene 4.5	2590
954.999010	gene 4.7	2498
954.999010	gene 4A	1345
954.999010	gene 5	2222
954.999010	gene 5.3	2569
954.999010	gene 5.5	2455
954.999010	gene 5.7	2356
954.999010	gene 5.9	2359
954.999010	gene 6	2042
954.999010	gene 6.3	2292
954.999010	gene 6.5	3062
954.999010	gene 6.7	2792
954.999010	gene 7	2850
954.999010	gene 7.3	2891
954.999010	gene 7.7	3000
954.999010	gene 8	2281
954.999010	gene 9	4466
954.999010	gp-2	775
954.999010	lysozyme-3.5	1274
954.999010	protein_kinase-0.7	456
954.999010	rbs	11338
954.999010	ribosome	2
954.999010	rnapol-1	11
954.999010	rnapol-3.5	313
959.999001	E. coli B promoter	1
959.999001	E. coli C promoter	1
959.999001	E. coli promoter A1	1
959.999001	E. coli promoter A2	1
959.999001	E. coli promoter A3	1
959.999001	T7 promoter phi1.1A	1
959.999001	T7 promoter phi1.1B	1
959.999001	T7 promoter phi1.3	1
959.999001	T7 promoter phi1.5	1
959.999001	T7 promoter phi1.6	1
959.999001	T7 promoter phi10	1
959.999001	T7 promoter phi13	1
959.999001	T7 promoter phi17	0
959.999001	T7 promoter phi2.5	1
959.999001	T7 promoter phi3.8	1
959.999001	T7 promoter phi4.3	1
959.999001	T7 promoter phi4.7	1
959.999001	T7 promoter phi4c	1
959.999001	T7 promoter phi6.5	1
959.999001	T7 promoter phi9	1
959.999001	bound_ecolipol	0
959.999001	bound_ecolipol_p	1117
959.999001	bound_ribosome	1839
959.999001	degraded_transcript	37885
959.999001	ecoli_genome	683
959.999001	ecoli_transcript	29535
959.999001	ecolipol	0
959.999001	ecolipol-2	0
959.999001	ecolipol-2-p	665
959.999001	ecolipol-p	18
959.999001	gene 0.3	592
959.999001	gene 1.1	1137
959.999001	gene 1.2	965
959.999001	gene 1.3	1350
959.999001	gene 1.4	1098
959.999001	gene 1.5	1073
959.999001	gene 1.6	1281
959.999001	gene 1.7	1456
959.999001	gene 1.8	1395
959.999001	gene 10A	9669
959.999001	gene 11	1429
959.999001	gene 12	1061
959.999001	gene 13	1940
959.999001	gene 14	1841
959.999001	gene 15	1374
959.999001	gene 16	1082
959.999001	gene 17	1819
959.999001	gene 17.5	2047
959.999001	gene 18	1950
959.999001	gene 18.5	1903
959.999001	gene 18.7	1788
959.999001	gene 19	1644
959.999001	gene 19.2	1742
959.999001	gene 19.3	1853
959.999001	gene 19.5	1977
959.999001	gene 2.5	1917
959.999001	gene 2.8	1768
959.999001	gene 3	1576
959.999001	gene 3.8	2120
959.999001	gene 4.2	1972
959.999001	gene 4.3	2347
959.999001	gene 4.5	2616
959.999001	gene 4.7	2525
959.999001	gene 4A	1358
959.999001	gene 5	2260
959.999001	gene 5.3	2596
959.999001	gene 5.5	2482
959.999001	gene 5.7	2393
959.999001	gene 5.9	2381
959.999001	gene 6	2072
959.999001	gene 6.3	2322
959.999001	gene 6.5	3095
959.999001	gene 6.7	2825
959.999001	gene 7	2893
959.999001	gene 7.3	2917
959.999001	gene 7.7	3044
959.999001	gene 8	2305
959.999001	gene 9	4529
959.999001	gp-2	745
959.999001	lysozyme-3.5	1294
959.999001	protein_kinase-0.7	456
959.999001	rbs	11489
959.999001	ribosome	1
959.999001	rnapol-1	13
959.999001	rnapol-3.5	318
964.999001	E. coli B promoter	1
964.999001	E. coli C promoter	1
964.999001	E. coli promoter A1	1
964.999001	E. coli promoter A2	1
964.999001	E. coli promoter A3	1
964.999001	T7 promoter phi1.1A	1
964.999001	T7 promoter phi1.1B	1
964.999001	T7 promoter phi1.3	1
964.999001	T7 promoter phi1.5	1
964.999001	T7 promoter phi1.6	1
964.999001	T7 promoter phi10	1
964.999001	T7 promoter phi13	1
964.999001	T7 promoter phi17	0
964.999001	T7 promoter phi2.5	1
964.999001	T7 promoter phi3.8	1
964.999001	T7 promoter phi4.3	1
964.999001	T7 promoter phi4.7	1
964.999001	T7 promoter phi4c	1
964.999001	T7 promoter phi6.5	1
964.999001	T7 promoter phi9	1
964.999001	bound_ecolipol	0
964.999001	bound_ecolipol_p	1139
964.999001	bound_ribosome	1794
964.999001	degraded_transcript	38191
964.999001	ecoli_genome	661
964.999001	ecoli_transcript	29497
964.999001	ecolipol	0
964.999001	ecolipol-2	0
964.999001	ecolipol-2-p	642
964.999001	ecolipol-p	19
964.999001	gene 0.3	592
964.999001	gene 1.1	1149
964.999001	gene 1.2	973
964.999001	gene 1.3	1359
964.999001	gene 1.4	1107
964.999001	gene 1.5	1090
964.999001	gene 1.6	1296
964.999001	gene 1.7	1471
964.999001	gene 1.8	1414
964.999001	gene 10A	9814
964.999001	gene 11	1444
964.999001	gene 12	1083
964.999001	gene 13	1970
964.999001	gene 14	1872
964.999001	gene 15	1394
964.999001	gene 16	1113
964.999001	gene 17	1852
964.999001	gene 17.5	2080
964.999001	gene 18	1985
964.999001	gene 18.5	1936
964.999001	gene 18.7	1812
964.999001	gene 19	1671
964.999001	gene 19.2	1775
964.999001	gene 19.3	1884
964.999001	gene 19.5	2004
964.999001	gene 2.5	1943
964.999001	gene 2.8	1787
964.999001	gene 3	1590
964.999001	gene 3.8	2135
964.999001	gene 4.2	1995
964.999001	gene 4.3	2374
964.999001	gene 4.5	2644
964.999001	gene 4.7	2559
964.999001	gene 4A	1374
964.999001	gene 5	2292
964.999001	gene 5.3	2622
964.999001	gene 5.5	2510
964.999001	gene 5.7	2424
964.999001	gene 5.9	2407
964.999001	gene 6	2093
964.999001	gene 6.3	2339
964.999001	gene 6.5	3132
964.999001	gene 6.7	2858
964.999001	gene 7	2931
964.999001	gene 7.3	2962
964.999001	gene 7.7	3081
964.999001	gene 8	2342
964.999001	gene 9	4578
964.999001	gp-2	781
964.999001	lysozyme-3.5	1304
964.999001	protein_kinase-0.7	457
964.999001	rbs	11610
964.999001	ribosome	2
964.999001	rnapol-1	8
964.999001	rnapol-3.5	315
969.999006	E. coli B promoter	1
969.999006	E. coli C promoter	1
969.999006	E. coli promoter A1	1
969.999006	E. coli promoter A2	1
969.999006	E. coli promoter A3	1
969.999006	T7 promoter phi1.1A	1
969.999006	T7 promoter phi1.1B	1
969.999006	T7 promoter phi1.3	0
969.999006	T7 promoter phi1.5	1
969.999006	T7 promoter phi1.6	1
969.999006	T7 promoter phi10	0
969.999006	T7 promoter phi13	1
969.999006	T7 promoter phi17	0
969.999006	T7 promoter phi2.5	1
969.999006	T7 promoter phi3.8	1
969.999006	T7 promoter phi4.3	1
969.999006	T7 promoter phi4.7	1
969.999006	T7 promoter phi4c	1
969.999006	T7 promoter phi6.5	1
969.999006	T7 promoter phi9	1
969.999006	bound_ecolipol	0
969.999006	bound_ecolipol_p	1140
969.999006	bound_ribosome	1781
969.999006	degraded_transcript	38464
969.999006	ecoli_genome	660
969.999006	ecoli_transcript	29454
969.999006	ecolipol	0
969.999006	ecolipol-2	0
969.999006	ecolipol-2-p	644
969.999006	ecolipol-p	16
969.999006	gene 0.3	593
969.999006	gene 1.1	1165
969.999006	gene 1.2	981
969.999006	gene 1.3	1380
969.999006	gene 1.4	1122
969.999006	gene 1.5	1102
969.999006	gene 1.6	1309
969.999006	gene 1.7	1487
969.999006	gene 1.8	1431
969.999006	gene 10A	9941
969.999006	gene 11	1459
969.999006	gene 12	1103
969.999006	gene 13	2008
969.999006	gene 14	1900
969.999006	gene 15	1420
969.999006	gene 16	1137
969.999006	gene 17	1887
969.999006	gene 17.5	2114
969.999006	gene 18	2021
969.999006	gene 18.5	1962
969.999006	gene 18.7	1841
969.999006	gene 19	1701
969.999006	gene 19.2	1811
969.999006	gene 19.3	1904
969.999006	gene 19.5	2027
969.999006	gene 2.5	1971
969.999006	gene 2.8	1804
969.999006	gene 3	1607
969.999006	gene 3.8	2160
969.999006	gene 4.2	2015
969.999006	gene 4.3	2399
969.999006	gene 4.5	2683
969.999006	gene 4.7	2582
969.999006	gene 4A	1392
969.999006	gene 5	2323
969.999006	gene 5.3	2642
969.999006	gene 5.5	2541
969.999006	gene 5.7	2447
969.999006	gene 5.9	2440
969.999006	gene 6	2117
969.999006	gene 6.3	2364
969.999006	gene 6.5	3174
969.999006	gene 6.7	2900
969.999006	gene 7	2963
969.999006	gene 7.3	2998
969.999006	gene 7.7	3107
969.999006	gene 8	2376
969.999006	gene 9	4654
969.999006	gp-2	800
969.999006	lysozyme-3.5	1320
969.999006	protein_kinase-0.7	458
969.999006	rbs	11759
969.999006	ribosome	1
969.999006	rnapol-1	11
969.999006	rnapol-3.5	318
974.999023	E. coli B promoter	1
974.999023	E. coli C promoter	1
974.999023	E. coli promoter A1	1
974.999023	E. coli promoter A2	1
974.999023	E. coli promoter A3	1
974.999023	T7 promoter phi1.1A	1
974.999023	T7 promoter phi1.1B	1
974.999023	T7 promoter phi1.3	1
974.999023	T7 promoter phi1.5	1
974.999023	T7 promoter phi1.6	1
974.999023	T7 promoter phi10	1
974.999023	T7 promoter phi13	0
974.999023	T7 promoter phi17	1
974.999023	T7 promoter phi2.5	1
974.999023	T7 promoter phi3.8	1
974.999023	T7 promoter phi4.3	1
974.999023	T7 promoter phi4.7	1
974.999023	T7 promoter phi4c	1
974.999023	T7 promoter phi6.5	1
974.999023	T7 promoter phi9	0
974.999023	bound_ecolipol	0
974.999023	bound_ecolipol_p	1133
974.999023	bound_ribosome	1769
974.999023	degraded_transcript	38750
974.999023	ecoli_genome	667
974.999023	ecoli_transcript	29408
974.999023	ecolipol	0
974.999023	ecolipol-2	0
974.999023	ecolipol-2-p	653
974.999023	ecolipol-p	14
974.999023	gene 0.3	595
974.999023	gene 1.1	1172
974.999023	gene 1.2	987
974.999023	gene 1.3	1393
974.999023	gene 1.4	1136
974.999023	gene 1.5	1113
974.999023	gene 1.6	1325
974.999023	gene 1.7	1498
974.999023	gene 1.8	1444
974.999023	gene 10A	10064
974.999023	gene 11	1473
974.999023	gene 12	1117
974.999023	gene 13	2034
974.999023	gene 14	1926
974.999023	gene 15	1444
974.999023	gene 16	1174
974.999023	gene 17	1918
974.999023	gene 17.5	2145
974.999023	gene 18	2046
974.999023	gene 18.5	1989
974.999023	gene 18.7	1872
974.999023	gene 19	1732
974.999023	gene 19.2	1853
974.999023	gene 19.3	1935
974.999023	gene 19.5	2053
974.999023	gene 2.5	1990
974.999023	gene 2.8	1833
974.999023	gene 3	1625
974.999023	gene 3.8	2178
974.999023	gene 4.2	2037
974.999023	gene 4.3	2423
974.999023	gene 4.5	2719
974.999023	gene 4.7	2608
974.999023	gene 4A	1408
974.999023	gene 5	2354
974.999023	gene 5.3	2673
974.999023	gene 5.5	2576
974.999023	gene 5.7	2479
974.999023	gene 5.9	2470
974.999023	gene 6	2140
974.999023	gene 6.3	2385
974.999023	gene 6.5	3213
974.999023	gene 6.7	2931
974.999023	gene 7	3004
974.999023	gene 7.3	3025
974.999023	gene 7.7	3144
974.999023	gene 8	2411
974.999023	gene 9	4710
974.999023	gp-2	810
974.999023	lysozyme-3.5	1346
974.999023	protein_kinase-0.7	459
974.999023	rbs	11919
974.999023	ribosome	1
974.999023	rnapol-1	11
974.999023	rnapol-3.5	315
979.999020	E. coli B promoter	1
979.999020	E. coli C promoter	1
979.999020	E. coli promoter A1	1
979.999020	E. coli promoter A2	1
979.999020	E. coli promoter A3	1
979.999020	T7 promoter phi1.1A	1
979.999020	T7 promoter phi1.1B	1
979.999020	T7 promoter phi1.3	1
979.999020	T7 promoter phi1.5	1
979.999020	T7 promoter phi1.6	1
979.999020	T7 promoter phi10	1
979.999020	T7 promoter phi13	1
979.999020	T7 promoter phi17	1
979.999020	T7 promoter phi2.5	1
979.999020	T7 promoter phi3.8	1
979.999020	T7 promoter phi4.3	1
979.999020	T7 promoter phi4.7	0
979.999020	T7 promoter phi4c	0
979.999020	T7 promoter phi6.5	1
979.999020	T7 promoter phi9	0
979.999020	bound_ecolipol	0
979.999020	bound_ecolipol_p	1123
979.999020	bound_ribosome	1743
979.999020	degraded_transcript	39021
979.999020	ecoli_genome	677
979.999020	ecoli_transcript	29404
979.999020	ecolipol	0
979.999020	ecolipol-2	0
979.999020	ecolipol-2-p	662
979.999020	ecolipol-p	15
979.999020	gene 0.3	596
979.999020	gene 1.1	1182
979.999020	gene 1.2	995
979.999020	gene 1.3	1398
979.999020	gene 1.4	1145
979.999020	gene 1.5	1120
979.999020	gene 1.6	1339
979.999020	gene 1.7	1512
979.999020	gene 1.8	1455
979.999020	gene 10A	10199
979.999020	gene 11	1486
979.999020	gene 12	1132
979.999020	gene 13	2065
979.999020	gene 14	1954
979.999020	gene 15	1462
979.999020	gene 16	1193
979.999020	gene 17	1955
979.999020	gene 17.5	2170
979.999020	gene 18	2069
979.999020	gene 18.5	2015
979.999020	gene 18.7	1898
979.999020	gene 19	1755
979.999020	gene 19.2	1888
979.999020	gene 19.3	1960
979.999020	gene 19.5	2085
979.999020	gene 2.5	2006
979.999020	gene 2.8	1855
979.999020	gene 3	1643
979.999020	gene 3.8	2211
979.999020	gene 4.2	2064
979.999020	gene 4.3	2446
979.999020	gene 4.5	2752
979.999020	gene 4.7	2632
979.999020	gene 4A	1428
979.999020	gene 5	2389
979.999020	gene 5.3	2700
979.999020	gene 5.5	2611
979.999020	gene 5.7	2502
979.999020	gene 5.9	2488
979.999020	gene 6	2163
979.999020	gene 6.3	2414
979.999020	gene 6.5	3253
979.999020	gene 6.7	2976
979.999020	gene 7	3041
979.999020	gene 7.3	3056
979.999020	gene 7.7	3179
979.999020	gene 8	2438
979.999020	gene 9	4771
979.999020	gp-2	819
979.999020	lysozyme-3.5	1363
979.999020	protein_kinase-0.7	462
979.999020	rbs	12081
979.999020	ribosome	2
979.999020	rnapol-1	10
979.999020	rnapol-3.5	315
984.999001	E. coli B promoter	1
984.999001	E. coli C promoter	1
984.999001	E. coli promoter A1	1
984.999001	E. coli promoter A2	1
984.999001	E. coli promoter A3	1
984.999001	T7 promoter phi1.1A	1
984.999001	T7 promoter phi1.1B	1
984.999001	T7 promoter phi1.3	1
984.999001	T7 promoter phi1.5	1
984.999001	T7 promoter phi1.6	1
984.999001	T7 promoter phi10	0
984.999001	T7 promoter phi13	1
984.999001	T7 promoter phi17	0
984.999001	T7 promoter phi2.5	1
984.999001	T7 promoter phi3.8	1
984.999001	T7 promoter phi4.3	1
984.999001	T7 promoter phi4.7	1
984.999001	T7 promoter phi4c	1
984.999001	T7 promoter phi6.5	1
984.999001	T7 promoter phi9	1
984.999001	bound_ecolipol	0
984.999001	bound_ecolipol_p	1148
984.999001	bound_ribosome	1739
984.999001	degraded_transcript	39306
984.999001	ecoli_genome	652
984.999001	ecoli_transcript	29343
984.999001	ecolipol	0
984.999001	ecolipol-2	0
984.999001	ecolipol-2-p	642
984.999001	ecolipol-p	10
984.999001	gene 0.3	597
984.999001	gene 1.1	1193
984.999001	gene 1.2	998
984.999001	gene 1.3	1408
984.999001	gene 1.4	1157
984.999001	gene 1.5	1136
984.999001	gene 1.6	1352
984.999001	gene 1.7	1531
984.999001	gene 1.8	1469
984.999001	gene 10A	10317
984.999001	gene 11	1505
984.999001	gene 12	1145
984.999001	gene 13	2100
984.999001	gene 14	1983
984.999001	gene 15	1485
984.999001	gene 16	1215
984.999001	gene 17	1992
984.999001	gene 17.5	2200
984.999001	gene 18	2095
984.999001	gene 18.5	2057
984.999001	gene 18.7	1929
984.999001	gene 19	1780
984.999001	gene 19.2	1920
984.999001	gene 19.3	1992
984.999001	gene 19.5	2117
984.999001	gene 2.5	2017
984.999001	gene 2.8	1873
984.999001	gene 3	1663
984.999001	gene 3.8	2235
984.999001	gene 4.2	2095
984.999001	gene 4.3	2466
984.999001	gene 4.5	2780
984.999001	gene 4.7	2670
984.999001	gene 4A	1449
984.999001	gene 5	2416
984.999001	gene 5.3	2729
984.999001	gene 5.5	2634
984.999001	gene 5.7	2539
984.999001	gene 5.9	2516
984.999001	gene 6	2179
984.999001	gene 6.3	2441
984.999001	gene 6.5	3302
984.999001	gene 6.7	3014
984.999001	gene 7	3079
984.999001	gene 7.3	3097
984.999001	gene 7.7	3226
984.999001	gene 8	2477
984.999001	gene 9	4833
984.999001	gp-2	859
984.999001	lysozyme-3.5	1378
984.999001	protein_kinase-0.7	462
984.999001	rbs	12264
984.999001	ribosome	1
984.999001	rnapol-1	16
984.999001	rnapol-3.5	308
989.999004	E. coli B promoter	1
989.999004	E. coli C promoter	1
989.999004	E. coli promoter A1	1
989.999004	E. coli promoter A2	1
989.999004	E. coli promoter A3	1
989.999004	T7 promoter phi1.1A	1
989.999004	T7 promoter phi1.1B	1
989.999004	T7 promoter phi1.3	1
989.999004	T7 promoter phi1.5	1
989.999004	T7 promoter phi1.6	1
989.999004	T7 promoter phi10	0
989.999004	T7 promoter phi13	1
989.999004	T7 promoter phi17	0
989.999004	T7 promoter phi2.5	1
989.999004	T7 promoter phi3.8	1
989.999004	T7 promoter phi4.3	1
989.999004	T7 promoter phi4.7	1
989.999004	T7 promoter phi4c	0
989.999004	T7 promoter phi6.5	1
989.999004	T7 promoter phi9	1
989.999004	bound_ecolipol	0
989.999004	bound_ecolipol_p	1109
989.999004	bound_ribosome	1702
989.999004	degraded_transcript	39607
989.999004	ecoli_genome	691
989.999004	ecoli_transcript	29326
989.999004	ecolipol	0
989.999004	ecolipol-2	0
989.999004	ecolipol-2-p	675
989.999004	ecolipol-p	16
989.999004	gene 0.3	598
989.999004	gene 1.1	1206
989.999004	gene 1.2	1004
989.999004	gene 1.3	1418
989.999004	gene 1.4	1171
989.999004	gene 1.5	1141
989.999004	gene 1.6	1367
989.999004	gene 1.7	1543
989.999004	gene 1.8	1481
989.999004	gene 10A	10428
989.999004	gene 11	1525
989.999004	gene 12	1161
989.999004	gene 13	2122
989.999004	gene 14	2011
989.999004	gene 15	1502
989.999004	gene 16	1248
989.999004	gene 17	2028
989.999004	gene 17.5	2227
989.999004	gene 18	2127
989.999004	gene 18.5	2101
989.999004	gene 18.7	1949
989.999004	gene 19	1814
989.999004	gene 19.2	1959
989.999004	gene 19.3	2022
989.999004	gene 19.5	2153
989.999004	gene 2.5	2039
989.999004	gene 2.8	1897
989.999004	gene 3	1683
989.999004	gene 3.8	2255
989.999004	gene 4.2	2122
989.999004	gene 4.3	2489
989.999004	gene 4.5	2805
989.999004	gene 4.7	2696
989.999004	gene 4A	1469
989.999004	gene 5	2441
989.999004	gene 5.3	2762
989.999004	gene 5.5	2666
989.999004	gene 5.7	2560
989.999004	gene 5.9	2549
989.999004	gene 6	2206
989.999004	gene 6.3	2471
989.999004	gene 6.5	3347
989.999004	gene 6.7	3059
989.999004	gene 7	3108
989.999004	gene 7.3	3132
989.999004	gene 7.7	3265
989.999004	gene 8	2506
989.999004	gene 9	4912
989.999004	gp-2	842
989.999004	lysozyme-3.5	1395
989.999004	protein_kinase-0.7	466
989.999004	rbs	12429
989.999004	ribosome	0
989.999004	rnapol-1	14
989.999004	rnapol-3.5	314
994.999002	E. coli B promoter	1
994.999002	E. coli C promoter	1
994.999002	E. coli promoter A1	1
994.999002	E. coli promoter A2	1
994.999002	E. coli promoter A3	1
994.999002	T7 promoter phi1.1A	1
994.999002	T7 promoter phi1.1B	1
994.999002	T7 promoter phi1.3	1
994.999002	T7 promoter phi1.5	1
994.999002	T7 promoter phi1.6	1
994.999002	T7 promoter phi10	0
994.999002	T7 promoter phi13	1
994.999002	T7 promoter phi17	1
994.999002	T7 promoter phi2.5	1
994.999002	T7 promoter phi3.8	1
994.999002	T7 promoter phi4.3	1
994.999002	T7 promoter phi4.7	1
994.999002	T7 promoter phi4c	1
994.999002	T7 promoter phi6.5	1
994.999002	T7 promoter phi9	0
994.999002	bound_ecolipol	0
994.999002	bound_ecolipol_p	1119
994.999002	bound_ribosome	1695
994.999002	degraded_transcript	39876
994.999002	ecoli_genome	681
994.999002	ecoli_transcript	29296
994.999002	ecolipol	0
994.999002	ecolipol-2	0
994.999002	ecolipol-2-p	660
994.999002	ecolipol-p	21
994.999002	gene 0.3	599
994.999002	gene 1.1	1216
994.999002	gene 1.2	1013
994.999002	gene 1.3	1441
994.999002	gene 1.4	1181
994.999002	gene 1.5	1151
994.999002	gene 1.6	1377
994.999002	gene 1.7	1568
994.999002	gene 1.8	1497
994.999002	gene 10A	10566
994.999002	gene 11	1548
994.999002	gene 12	1176
994.999002	gene 13	2139
994.999002	gene 14	2042
994.999002	gene 15	1532
994.999002	gene 16	1268
994.999002	gene 17	2065
994.999002	gene 17.5	2260
994.999002	gene 18	2155
994.999002	gene 18.5	2136
994.999002	gene 18.7	1984
994.999002	gene 19	1848
994.999002	gene 19.2	1988
994.999002	gene 19.3	2053
994.999002	gene 19.5	2179
994.999002	gene 2.5	2053
994.999002	gene 2.8	1911
994.999002	gene 3	1701
994.999002	gene 3.8	2275
994.999002	gene 4.2	2149
994.999002	gene 4.3	2528
994.999002	gene 4.5	2828
994.999002	gene 4.7	2726
994.999002	gene 4A	1481
994.999002	gene 5	2469
994.999002	gene 5.3	2790
994.999002	gene 5.5	2697
994.999002	gene 5.7	2594
994.999002	gene 5.9	2579
994.999002	gene 6	2233
994.999002	gene 6.3	2497
994.999002	gene 6.5	3379
994.999002	gene 6.7	3102
994.999002	gene 7	3152
994.999002	gene 7.3	3173
994.999002	gene 7.7	3298
994.999002	gene 8	2537
994.999002	gene 9	4980
994.999002	gp-2	884
994.999002	lysozyme-3.5	1407
994.999002	protein_kinase-0.7	467
994.999002	rbs	12525
994.999002	ribosome	1
994.999002	rnapol-1	6
994.999002	rnapol-3.5	319
999.999004	E. coli B promoter	1
999.999004	E. coli C promoter	1
999.999004	E. coli promoter A1	1
999.999004	E. coli promoter A2	1
999.999004	E. coli promoter A3	0
999.999004	T7 promoter phi1.1A	1
999.999004	T7 promoter phi1.1B	1
999.999004	T7 promoter phi1.3	1
999.999004	T7 promoter phi1.5	1
999.999004	T7 promoter phi1.6	1
999.999004	T7 promoter phi10	1
999.999004	T7 promoter phi13	1
999.999004	T7 promoter phi17	1
999.999004	T7 promoter phi2.5	1
999.999004	T7 promoter phi3.8	1
999.999004	T7 promoter phi4.3	1
999.999004	T7 promoter phi4.7	1
999.999004	T7 promoter phi4c	1
999.999004	T7 promoter phi6.5	1
999.999004	T7 promoter phi9	0
999.999004	bound_ecolipol	0
999.999004	bound_ecolipol_p	1125
999.999004	bound_ribosome	1713
999.999004	degraded_transcript	40168
999.999004	ecoli_genome	675
999.999004	ecoli_transcript	29203
999.999004	ecolipol	0
999.999004	ecolipol-2	0
999.999004	ecolipol-2-p	659
999.999004	ecolipol-p	15
999.999004	gene 0.3	599
999.999004	gene 1.1	1229
999.999004	gene 1.2	1020
999.999004	gene 1.3	1455
999.999004	gene 1.4	1190
999.999004	gene 1.5	1160
999.999004	gene 1.6	1393
999.999004	gene 1.7	1586
999.999004	gene 1.8	1511
999.999004	gene 10A	10701
999.999004	gene 11	1558
999.999004	gene 12	1190
999.999004	gene 13	2166
999.999004	gene 14	2064
999.999004	gene 15	1558
999.999004	gene 16	1296
999.999004	gene 17	2104
999.999004	gene 17.5	2284
999.999004	gene 18	2183
999.999004	gene 18.5	2168
999.999004	gene 18.7	2008
999.999004	gene 19	1873
999.999004	gene 19.2	2019
999.999004	gene 19.3	2083
999.999004	gene 19.5	2206
999.999004	gene 2.5	2075
999.999004	gene 2.8	1930
999.999004	gene 3	1715
999.999004	gene 3.8	2299
999.999004	gene 4.2	2171
999.999004	gene 4.3	2556
999.999004	gene 4.5	2860
999.999004	gene 4.7	2748
999.999004	gene 4A	1504
999.999004	gene 5	2500
999.999004	gene 5.3	2819
999.999004	gene 5.5	2724
999.999004	gene 5.7	2620
999.999004	gene 5.9	2605
999.999004	gene 6	2268
999.999004	gene 6.3	2519
999.999004	gene 6.5	3424
999.999004	gene 6.7	3140
999.999004	gene 7	3183
999.999004	gene 7.3	3203
999.999004	gene 7.7	3343
999.999004	gene 8	2572
999.999004	gene 9	5047
999.999004	gp-2	909
999.999004	lysozyme-3.5	1428
999.999004	protein_kinase-0.7	470
999.999004	rbs	12702
999.999004	ribosome	1
999.999004	rnapol-1	7
999.999004	rnapol-3.5	322
1004.999001	E. coli B promoter	1
1004.999001	E. coli C promoter	1
1004.999001	E. coli promoter A1	1
1004.999001	E. coli promoter A2	1
1004.999001	E. coli promoter A3	1
1004.999001	T7 promoter phi1.1A	1
1004.999001	T7 promoter phi1.1B	1
1004.999001	T7 promoter phi1.3	1
1004.999001	T7 promoter phi1.5	1
1004.999001	T7 promoter phi1.6	1
1004.999001	T7 promoter phi10	1
1004.999001	T7 promoter phi13	1
1004.999001	T7 promoter phi17	1
1004.999001	T7 promoter phi2.5	1
1004.999001	T7 promoter phi3.8	1
1004.999001	T7 promoter phi4.3	1
1004.999001	T7 promoter phi4.7	1
1004.999001	T7 promoter phi4c	1
1004.999001	T7 promoter phi6.5	1
1004.999001	T7 promoter phi9	1
1004.999001	bound_ecolipol	0
1004.999001	bound_ecolipol_p	1117
1004.999001	bound_ribosome	1684
1004.999001	degraded_transcript	40434
1004.999001	ecoli_genome	683
1004.999001	ecoli_transcript	29182
1004.999001	ecolipol	0
1004.999001	ecolipol-2	0
1004.999001	ecolipol-2-p	672
1004.999001	ecolipol-p	10
1004.999001	gene 0.3	600
1004.999001	gene 1.1	1242
1004.999001	gene 1.2	1024
1004.999001	gene 1.3	1468
1004.999001	gene 1.4	1202
1004.999001	gene 1.5	1178
1004.999001	gene 1.6	1414
1004.999001	gene 1.7	1597
1004.999001	gene 1.8	1523
1004.999001	gene 10A	10826
1004.999001	gene 11	1577
1004.999001	gene 12	1209
1004.999001	gene 13	2188
1004.999001	gene 14	2090
1004.999001	gene 15	1580
1004.999001	gene 16	1319
1004.999001	gene 17	2127
1004.999001	gene 17.5	2318
1004.999001	gene 18	2210
1004.999001	gene 18.5	2194
1004.999001	gene 18.7	2033
1004.999001	gene 19	1904
1004.999001	gene 19.2	2054
1004.999001	gene 19.3	2119
1004.999001	gene 19.5	2232
1004.999001	gene 2.5	2095
1004.999001	gene 2.8	1955
1004.999001	gene 3	1730
1004.999001	gene 3.8	2329
1004.999001	gene 4.2	2192
1004.999001	gene 4.3	2587
1004.999001	gene 4.5	2884
1004.999001	gene 4.7	2779
1004.999001	gene 4A	1518
1004.999001	gene 5	2528
1004.999001	gene 5.3	2861
1004.999001	gene 5.5	2752
1004.999001	gene 5.7	2651
1004.999001	gene 5.9	2631
1004.999001	gene 6	2295
1004.999001	gene 6.3	2551
1004.999001	gene 6.5	3472
1004.999001	gene 6.7	3181
1004.999001	gene 7	3227
1004.999001	gene 7.3	3236
1004.999001	gene 7.7	3388
1004.999001	gene 8	2600
1004.999001	gene 9	5114
1004.999001	gp-2	920
1004.999001	lysozyme-3.5	1448
1004.999001	protein_kinase-0.7	470
1004.999001	rbs	12849
1004.999001	ribosome	1
1004.999001	rnapol-1	7
1004.999001	rnapol-3.5	331
1009.999004	E. coli B promoter	1
1009.999004	E. coli C promoter	1
1009.999004	E. coli promoter A1	1
1009.999004	E. coli promoter A2	1
1009.999004	E. coli promoter A3	1
1009.999004	T7 promoter phi1.1A	1
1009.999004	T7 promoter phi1.1B	1
1009.999004	T7 promoter phi1.3	0
1009.999004	T7 promoter phi1.5	1
1009.999004	T7 promoter phi1.6	1
1009.999004	T7 promoter phi10	1
1009.999004	T7 promoter phi13	1
1009.999004	T7 promoter phi17	1
1009.999004	T7 promoter phi2.5	1
1009.999004	T7 promoter phi3.8	1
1009.999004	T7 promoter phi4.3	1
1009.999004	T7 promoter phi4.7	1
1009.999004	T7 promoter phi4c	1
1009.999004	T7 promoter phi6.5	1
1009.999004	T7 promoter phi9	1
1009.999004	bound_ecolipol	0
1009.999004	bound_ecolipol_p	1124
1009.999004	bound_ribosome	1660
1009.999004	degraded_transcript	40714
1009.999004	ecoli_genome	676
1009.999004	ecoli_transcript	29122
1009.999004	ecolipol	0
1009.999004	ecolipol-2	0
1009.999004	ecolipol-2-p	653
1009.999004	ecolipol-p	22
1009.999004	gene 0.3	601
1009.999004	gene 1.1	1255
1009.999004	gene 1.2	1031
1009.999004	gene 1.3	1485
1009.999004	gene 1.4	1212
1009.999004	gene 1.5	1191
1009.999004	gene 1.6	1435
1009.999004	gene 1.7	1616
1009.999004	gene 1.8	1539
1009.999004	gene 10A	10952
1009.999004	gene 11	1593
1009.999004	gene 12	1224
1009.999004	gene 13	2211
1009.999004	gene 14	2114
1009.999004	gene 15	1603
1009.999004	gene 16	1346
1009.999004	gene 17	2164
1009.999004	gene 17.5	2346
1009.999004	gene 18	2244
1009.999004	gene 18.5	2225
1009.999004	gene 18.7	2064
1009.999004	gene 19	1933
1009.999004	gene 19.2	2084
1009.999004	gene 19.3	2139
1009.999004	gene 19.5	2262
1009.999004	gene 2.5	2118
1009.999004	gene 2.8	1971
1009.999004	gene 3	1747
1009.999004	gene 3.8	2355
1009.999004	gene 4.2	2223
1009.999004	gene 4.3	2614
1009.999004	gene 4.5	2910
1009.999004	gene 4.7	2802
1009.999004	gene 4A	1538
1009.999004	gene 5	2561
1009.999004	gene 5.3	2893
1009.999004	gene 5.5	2787
1009.999004	gene 5.7	2683
1009.999004	gene 5.9	2662
1009.999004	gene 6	2321
1009.999004	gene 6.3	2578
1009.999004	gene 6.5	3519
1009.999004	gene 6.7	3217
1009.999004	gene 7	3261
1009.999004	gene 7.3	3268
1009.999004	gene 7.7	3427
1009.999004	gene 8	2628
1009.999004	gene 9	5171
1009.999004	gp-2	951
1009.999004	lysozyme-3.5	1463
1009.999004	protein_kinase-0.7	471
1009.999004	rbs	12987
1009.999004	ribosome	2
1009.999004	rnapol-1	8
1009.999004	rnapol-3.5	332
1014.999005	E. coli B promoter	1
1014.999005	E. coli C promoter	1
1014.999005	E. coli promoter A1	1
1014.999005	E. coli promoter A2	1
1014.999005	E. coli promoter A3	1
1014.999005	T7 promoter phi1.1A	1
1014.999005	T7 promoter phi1.1B	1
1014.999005	T7 promoter phi1.3	1
1014.999005	T7 promoter phi1.5	0
1014.999005	T7 promoter phi1.6	0
1014.999005	T7 promoter phi10	0
1014.999005	T7 promoter phi13	1
1014.999005	T7 promoter phi17	0
1014.999005	T7 promoter phi2.5	1
1014.999005	T7 promoter phi3.8	1
1014.999005	T7 promoter phi4.3	1
1014.999005	T7 promoter phi4.7	1
1014.999005	T7 promoter phi4c	1
1014.999005	T7 promoter phi6.5	0
1014.999005	T7 promoter phi9	1
1014.999005	bound_ecolipol	0
1014.999005	bound_ecolipol_p	1109
1014.999005	bound_ribosome	1639
1014.999005	degraded_transcript	41015
1014.999005	ecoli_genome	691
1014.999005	ecoli_transcript	29060
1014.999005	ecolipol	0
1014.999005	ecolipol-2	0
1014.999005	ecolipol-2-p	672
1014.999005	ecolipol-p	18
1014.999005	gene 0.3	601
1014.999005	gene 1.1	1273
1014.999005	gene 1.2	1036
1014.999005	gene 1.3	1501
1014.999005	gene 1.4	1231
1014.999005	gene 1.5	1209
1014.999005	gene 1.6	1448
1014.999005	gene 1.7	1639
1014.999005	gene 1.8	1553
1014.999005	gene 10A	11078
1014.999005	gene 11	1611
1014.999005	gene 12	1236
1014.999005	gene 13	2234
1014.999005	gene 14	2133
1014.999005	gene 15	1636
1014.999005	gene 16	1377
1014.999005	gene 17	2188
1014.999005	gene 17.5	2383
1014.999005	gene 18	2273
1014.999005	gene 18.5	2253
1014.999005	gene 18.7	2097
1014.999005	gene 19	1966
1014.999005	gene 19.2	2108
1014.999005	gene 19.3	2167
1014.999005	gene 19.5	2286
1014.999005	gene 2.5	2139
1014.999005	gene 2.8	1996
1014.999005	gene 3	1772
1014.999005	gene 3.8	2373
1014.999005	gene 4.2	2251
1014.999005	gene 4.3	2642
1014.999005	gene 4.5	2931
1014.999005	gene 4.7	2848
1014.999005	gene 4A	1558
1014.999005	gene 5	2596
1014.999005	gene 5.3	2920
1014.999005	gene 5.5	2816
1014.999005	gene 5.7	2721
1014.999005	gene 5.9	2689
1014.999005	gene 6	2347
1014.999005	gene 6.3	2607
1014.999005	gene 6.5	3564
1014.999005	gene 6.7	3260
1014.999005	gene 7	3297
1014.999005	gene 7.3	3296
1014.999005	gene 7.7	3464
1014.999005	gene 8	2662
1014.999005	gene 9	5221
1014.999005	gp-2	947
1014.999005	lysozyme-3.5	1481
1014.999005	protein_kinase-0.7	472
1014.999005	rbs	13118
1014.999005	ribosome	1
1014.999005	rnapol-1	12
1014.999005	rnapol-3.5	332
1019.999002	E. coli B promoter	1
1019.999002	E. coli C promoter	1
1019.999002	E. coli promoter A1	1
1019.999002	E. coli promoter A2	1
1019.999002	E. coli promoter A3	1
1019.999002	T7 promoter phi1.1A	1
1019.999002	T7 promoter phi1.1B	1
1019.999002	T7 promoter phi1.3	1
1019.999002	T7 promoter phi1.5	1
1019.999002	T7 promoter phi1.6	0
1019.999002	T7 promoter phi10	0
1019.999002	T7 promoter phi13	1
1019.999002	T7 promoter phi17	1
1019.999002	T7 promoter phi2.5	1
1019.999002	T7 promoter phi3.8	1
1019.999002	T7 promoter phi4.3	1
1019.999002	T7 promoter phi4.7	1
1019.999002	T7 promoter phi4c	1
1019.999002	T7 promoter phi6.5	0
1019.999002	T7 promoter phi9	1
1019.999002	bound_ecolipol	0
1019.999002	bound_ecolipol_p	1109
1019.999002	bound_ribosome	1659
1019.999002	degraded_transcript	41290
1019.999002	ecoli_genome	691
1019.999002	ecoli_transcript	28992
1019.999002	ecolipol	0
1019.999002	ecolipol-2	0
1019.999002	ecolipol-2-p	670
1019.999002	ecolipol-p	20
1019.999002	gene 0.3	602
1019.999002	gene 1.1	1282
1019.999002	gene 1.2	1044
1019.999002	gene 1.3	1511
1019.999002	gene 1.4	1247
1019.999002	gene 1.5	1227
1019.999002	gene 1.6	1459
1019.999002	gene 1.7	1660
1019.999002	gene 1.8	1564
1019.999002	gene 10A	11215
1019.999002	gene 11	1628
1019.999002	gene 12	1254
1019.999002	gene 13	2260
1019.999002	gene 14	2164
1019.999002	gene 15	1667
1019.999002	gene 16	1410
1019.999002	gene 17	2214
1019.999002	gene 17.5	2414
1019.999002	gene 18	2304
1019.999002	gene 18.5	2281
1019.999002	gene 18.7	2133
1019.999002	gene 19	1983
1019.999002	gene 19.2	2150
1019.999002	gene 19.3	2200
1019.999002	gene 19.5	2311
1019.999002	gene 2.5	2153
1019.999002	gene 2.8	2013
1019.999002	gene 3	1785
1019.999002	gene 3.8	2397
1019.999002	gene 4.2	2271
1019.999002	gene 4.3	2661
1019.999002	gene 4.5	2966
1019.999002	gene 4.7	2872
1019.999002	gene 4A	1582
1019.999002	gene 5	2617
1019.999002	gene 5.3	2952
1019.999002	gene 5.5	2847
1019.999002	gene 5.7	2756
1019.999002	gene 5.9	2712
1019.999002	gene 6	2378
1019.999002	gene 6.3	2637
1019.999002	gene 6.5	3593
1019.999002	gene 6.7	3302
1019.999002	gene 7	3337
1019.999002	gene 7.3	3345
1019.999002	gene 7.7	3510
1019.999002	gene 8	2689
1019.999002	gene 9	5286
1019.999002	gp-2	970
1019.999002	lysozyme-3.5	1508
1019.999002	protein_kinase-0.7	472
1019.999002	rbs	13260
1019.999002	ribosome	2
1019.999002	rnapol-1	19
1019.999002	rnapol-3.5	322
1024.999008	E. coli B promoter	1
1024.999008	E. coli C promoter	1
1024.999008	E. coli promoter A1	1
1024.999008	E. coli promoter A2	1
1024.999008	E. coli promoter A3	1
1024.999008	T7 promoter phi1.1A	1
1024.999008	T7 promoter phi1.1B	1
1024.999008	T7 promoter phi1.3	1
1024.999008	T7 promoter phi1.5	1
1024.999008	T7 promoter phi1.6	1
1024.999008	T7 promoter phi10	0
1024.999008	T7 promoter phi13	0
1024.999008	T7 promoter phi17	1
1024.999008	T7 promoter phi2.5	1
1024.999008	T7 promoter phi3.8	0
1024.999008	T7 promoter phi4.3	1
1024.999008	T7 promoter phi4.7	1
1024.999008	T7 promoter phi4c	1
1024.999008	T7 promoter phi6.5	0
1024.999008	T7 promoter phi9	0
1024.999008	bound_ecolipol	0
1024.999008	bound_ecolipol_p	1101
1024.999008	bound_ribosome	1602
1024.999008	degraded_transcript	41542
1024.999008	ecoli_genome	699
1024.999008	ecoli_transcript	29009
1024.999008	ecolipol	0
1024.999008	ecolipol-2	0
1024.999008	ecolipol-2-p	685
1024.999008	ecolipol-p	13
1024.999008	gene 0.3	602
1024.999008	gene 1.1	1291
1024.999008	gene 1.2	1049
1024.999008	gene 1.3	1524
1024.999008	gene 1.4	1258
1024.999008	gene 1.5	1240
1024.999008	gene 1.6	1474
1024.999008	gene 1.7	1678
1024.999008	gene 1.8	1583
1024.999008	gene 10A	11349
1024.999008	gene 11	1644
1024.999008	gene 12	1283
1024.999008	gene 13	2280
1024.999008	gene 14	2190
1024.999008	gene 15	1693
1024.999008	gene 16	1439
1024.999008	gene 17	2238
1024.999008	gene 17.5	2441
1024.999008	gene 18	2336
1024.999008	gene 18.5	2315
1024.999008	gene 18.7	2164
1024.999008	gene 19	2018
1024.999008	gene 19.2	2187
1024.999008	gene 19.3	2231
1024.999008	gene 19.5	2341
1024.999008	gene 2.5	2171
1024.999008	gene 2.8	2032
1024.999008	gene 3	1811
1024.999008	gene 3.8	2414
1024.999008	gene 4.2	2302
1024.999008	gene 4.3	2688
1024.999008	gene 4.5	2993
1024.999008	gene 4.7	2900
1024.999008	gene 4A	1606
1024.999008	gene 5	2642
1024.999008	gene 5.3	2977
1024.999008	gene 5.5	2879
1024.999008	gene 5.7	2788
1024.999008	gene 5.9	2736
1024.999008	gene 6	2405
1024.999008	gene 6.3	2667
1024.999008	gene 6.5	3635
1024.999008	gene 6.7	3333
1024.999008	gene 7	3372
1024.999008	gene 7.3	3393
1024.999008	gene 7.7	3555
1024.999008	gene 8	2722
1024.999008	gene 9	5347
1024.999008	gp-2	976
1024.999008	lysozyme-3.5	1515
1024.999008	protein_kinase-0.7	474
1024.999008	rbs	13412
1024.999008	ribosome	0
1024.999008	rnapol-1	12
1024.999008	rnapol-3.5	330
1029.999003	E. coli B promoter	1
1029.999003	E. coli C promoter	1
1029.999003	E. coli promoter A1	1
1029.999003	E. coli promoter A2	1
1029.999003	E. coli promoter A3	1
1029.999003	T7 promoter phi1.1A	1
1029.999003	T7 promoter phi1.1B	1
1029.999003	T7 promoter phi1.3	1
1029.999003	T7 promoter phi1.5	1
1029.999003	T7 promoter phi1.6	1
1029.999003	T7 promoter phi10	0
1029.999003	T7 promoter phi13	0
1029.999003	T7 promoter phi17	1
1029.999003	T7 promoter phi2.5	1
1029.999003	T7 promoter phi3.8	1
1029.999003	T7 promoter phi4.3	1
1029.999003	T7 promoter phi4.7	1
1029.999003	T7 promoter phi4c	1
1029.999003	T7 promoter phi6.5	0
1029.999003	T7 promoter phi9	0
1029.999003	bound_ecolipol	0
1029.999003	bound_ecolipol_p	1095
1029.999003	bound_ribosome	1588
1029.999003	degraded_transcript	41823
1029.999003	ecoli_genome	705
1029.999003	ecoli_transcript	28958
1029.999003	ecolipol	0
1029.999003	ecolipol-2	0
1029.999003	ecolipol-2-p	694
1029.999003	ecolipol-p	10
1029.999003	gene 0.3	604
1029.999003	gene 1.1	1304
1029.999003	gene 1.2	1052
1029.999003	gene 1.3	1543
1029.999003	gene 1.4	1271
1029.999003	gene 1.5	1245
1029.999003	gene 1.6	1487
1029.999003	gene 1.7	1695
1029.999003	gene 1.8	1603
1029.999003	gene 10A	11487
1029.999003	gene 11	1670
1029.999003	gene 12	1302
1029.999003	gene 13	2309
1029.999003	gene 14	2225
1029.999003	gene 15	1715
1029.999003	gene 16	1463
1029.999003	gene 17	2264
1029.999003	gene 17.5	2478
1029.999003	gene 18	2354
1029.999003	gene 18.5	2338
1029.999003	gene 18.7	2194
1029.999003	gene 19	2051
1029.999003	gene 19.2	2212
1029.999003	gene 19.3	2268
1029.999003	gene 19.5	2362
1029.999003	gene 2.5	2194
1029.999003	gene 2.8	2055
1029.999003	gene 3	1824
1029.999003	gene 3.8	2433
1029.999003	gene 4.2	2320
1029.999003	gene 4.3	2718
1029.999003	gene 4.5	3027
1029.999003	gene 4.7	2927
1029.999003	gene 4A	1625
1029.999003	gene 5	2671
1029.999003	gene 5.3	2996
1029.999003	gene 5.5	2906
1029.999003	gene 5.7	2811
1029.999003	gene 5.9	2761
1029.999003	gene 6	2426
1029.999003	gene 6.3	2707
1029.999003	gene 6.5	3657
1029.999003	gene 6.7	3361
1029.999003	gene 7	3414
1029.999003	gene 7.3	3437
1029.999003	gene 7.7	3593
1029.999003	gene 8	2751
1029.999003	gene 9	5404
1029.999003	gp-2	974
1029.999003	lysozyme-3.5	1526
1029.999003	protein_kinase-0.7	474
1029.999003	rbs	13593
1029.999003	ribosome	2
1029.999003	rnapol-1	8
1029.999003	rnapol-3.5	323
1034.999010	E. coli B promoter	1
1034.999010	E. coli C promoter	1
1034.999010	E. coli promoter A1	1
1034.999010	E. coli promoter A2	1
1034.999010	E. coli promoter A3	1
1034.999010	T7 promoter phi1.1A	1
1034.999010	T7 promoter phi1.1B	1
1034.999010	T7 promoter phi1.3	1
1034.999010	T7 promoter phi1.5	1
1034.999010	T7 promoter phi1.6	1
1034.999010	T7 promoter phi10	0
1034.999010	T7 promoter phi13	1
1034.999010	T7 promoter phi17	1
1034.999010	T7 promoter phi2.5	1
1034.999010	T7 promoter phi3.8	0
1034.999010	T7 promoter phi4.3	1
1034.999010	T7 promoter phi4.7	1
1034.999010	T7 promoter phi4c	1
1034.999010	T7 promoter phi6.5	1
1034.999010	T7 promoter phi9	0
1034.999010	bound_ecolipol	0
1034.999010	bound_ecolipol_p	1107
1034.999010	bound_ribosome	1611
1034.999010	degraded_transcript	42080
1034.999010	ecoli_genome	693
1034.999010	ecoli_transcript	28873
1034.999010	ecolipol	0
1034.999010	ecolipol-2	0
1034.999010	ecolipol-2-p	674
1034.999010	ecolipol-p	18
1034.999010	gene 0.3	605
1034.999010	gene 1.1	1311
1034.999010	gene 1.2	1055
1034.999010	gene 1.3	1560
1034.999010	gene 1.4	1288
1034.999010	gene 1.5	1255
1034.999010	gene 1.6	1502
1034.999010	gene 1.7	1713
1034.999010	gene 1.8	1620
1034.999010	gene 10A	11604
1034.999010	gene 11	1688
1034.999010	gene 12	1323
1034.999010	gene 13	2351
1034.999010	gene 14	2251
1034.999010	gene 15	1736
1034.999010	gene 16	1496
1034.999010	gene 17	2283
1034.999010	gene 17.5	2509
1034.999010	gene 18	2389
1034.999010	gene 18.5	2365
1034.999010	gene 18.7	2230
1034.999010	gene 19	2085
1034.999010	gene 19.2	2241
1034.999010	gene 19.3	2306
1034.999010	gene 19.5	2396
1034.999010	gene 2.5	2216
1034.999010	gene 2.8	2075
1034.999010	gene 3	1850
1034.999010	gene 3.8	2457
1034.999010	gene 4.2	2344
1034.999010	gene 4.3	2742
1034.999010	gene 4.5	3054
1034.999010	gene 4.7	2960
1034.999010	gene 4A	1639
1034.999010	gene 5	2697
1034.999010	gene 5.3	3034
1034.999010	gene 5.5	2936
1034.999010	gene 5.7	2845
1034.999010	gene 5.9	2790
1034.999010	gene 6	2456
1034.999010	gene 6.3	2739
1034.999010	gene 6.5	3707
1034.999010	gene 6.7	3398
1034.999010	gene 7	3457
1034.999010	gene 7.3	3479
1034.999010	gene 7.7	3639
1034.999010	gene 8	2782
1034.999010	gene 9	5455
1034.999010	gp-2	1015
1034.999010	lysozyme-3.5	1548
1034.999010	protein_kinase-0.7	474
1034.999010	rbs	13781
1034.999010	ribosome	0
1034.999010	rnapol-1	14
1034.999010	rnapol-3.5	318
1039.999003	E. coli B promoter	1
1039.999003	E. coli C promoter	1
1039.999003	E. coli promoter A1	1
1039.999003	E. coli promoter A2	1
1039.999003	E. coli promoter A3	1
1039.999003	T7 promoter phi1.1A	1
1039.999003	T7 promoter phi1.1B	1
1039.999003	T7 promoter phi1.3	1
1039.999003	T7 promoter phi1.5	1
1039.999003	T7 promoter phi1.6	1
1039.999003	T7 promoter phi10	1
1039.999003	T7 promoter phi13	0
1039.999003	T7 promoter phi17	1
1039.999003	T7 promoter phi2.5	1
1039.999003	T7 promoter phi3.8	1
1039.999003	T7 promoter phi4.3	1
1039.999003	T7 promoter phi4.7	1
1039.999003	T7 promoter phi4c	1
1039.999003	T7 promoter phi6.5	1
1039.999003	T7 promoter phi9	1
1039.999003	bound_ecolipol	0
1039.999003	bound_ecolipol_p	1074
1039.999003	bound_ribosome	1591
1039.999003	degraded_transcript	42356
1039.999003	ecoli_genome	726
1039.999003	ecoli_transcript	28863
1039.999003	ecolipol	0
1039.999003	ecolipol-2	0
1039.999003	ecolipol-2-p	710
1039.999003	ecolipol-p	15
1039.999003	gene 0.3	608
1039.999003	gene 1.1	1318
1039.999003	gene 1.2	1065
1039.999003	gene 1.3	1573
1039.999003	gene 1.4	1297
1039.999003	gene 1.5	1266
1039.999003	gene 1.6	1517
1039.999003	gene 1.7	1726
1039.999003	gene 1.8	1630
1039.999003	gene 10A	11746
1039.999003	gene 11	1711
1039.999003	gene 12	1346
1039.999003	gene 13	2376
1039.999003	gene 14	2279
1039.999003	gene 15	1762
1039.999003	gene 16	1521
1039.999003	gene 17	2319
1039.999003	gene 17.5	2547
1039.999003	gene 18	2418
1039.999003	gene 18.5	2397
1039.999003	gene 18.7	2266
1039.999003	gene 19	2115
1039.999003	gene 19.2	2259
1039.999003	gene 19.3	2332
1039.999003	gene 19.5	2428
1039.999003	gene 2.5	2242
1039.999003	gene 2.8	2097
1039.999003	gene 3	1868
1039.999003	gene 3.8	2473
1039.999003	gene 4.2	2373
1039.999003	gene 4.3	2764
1039.999003	gene 4.5	3077
1039.999003	gene 4.7	2981
1039.999003	gene 4A	1668
1039.999003	gene 5	2732
1039.999003	gene 5.3	3068
1039.999003	gene 5.5	2960
1039.999003	gene 5.7	2861
1039.999003	gene 5.9	2808
1039.999003	gene 6	2483
1039.999003	gene 6.3	2769
1039.999003	gene 6.5	3748
1039.999003	gene 6.7	3435
1039.999003	gene 7	3499
1039.999003	gene 7.3	3510
1039.999003	gene 7.7	3677
1039.999003	gene 8	2817
1039.999003	gene 9	5511
1039.999003	gp-2	992
1039.999003	lysozyme-3.5	1562
1039.999003	protein_kinase-0.7	476
1039.999003	rbs	13949
1039.999003	ribosome	1
1039.999003	rnapol-1	13
1039.999003	rnapol-3.5	324
1044.999003	E. coli B promoter	1
1044.999003	E. coli C promoter	1
1044.999003	E. coli promoter A1	1
1044.999003	E. coli promoter A2	1
1044.999003	E. coli promoter A3	1
1044.999003	T7 promoter phi1.1A	1
1044.999003	T7 promoter phi1.1B	1
1044.999003	T7 promoter phi1.3	1
1044.999003	T7 promoter phi1.5	1
1044.999003	T7 promoter phi1.6	1
1044.999003	T7 promoter phi10	1
1044.999003	T7 promoter phi13	1
1044.999003	T7 promoter phi17	0
1044.999003	T7 promoter phi2.5	1
1044.999003	T7 promoter phi3.8	1
1044.999003	T7 promoter phi4.3	1
1044.999003	T7 promoter phi4.7	1
1044.999003	T7 promoter phi4c	1
1044.999003	T7 promoter phi6.5	1
1044.999003	T7 promoter phi9	1
1044.999003	bound_ecolipol	0
1044.999003	bound_ecolipol_p	1085
1044.999003	bound_ribosome	1559
1044.999003	degraded_transcript	42636
1044.999003	ecoli_genome	715
1044.999003	ecoli_transcript	28823
1044.999003	ecolipol	0
1044.999003	ecolipol-2	0
1044.999003	ecolipol-2-p	694
1044.999003	ecolipol-p	20
1044.999003	gene 0.3	611
1044.999003	gene 1.1	1328
1044.999003	gene 1.2	1069
1044.999003	gene 1.3	1584
1044.999003	gene 1.4	1309
1044.999003	gene 1.5	1276
1044.999003	gene 1.6	1530
1044.999003	gene 1.7	1750
1044.999003	gene 1.8	1648
1044.999003	gene 10A	11886
1044.999003	gene 11	1725
1044.999003	gene 12	1366
1044.999003	gene 13	2405
1044.999003	gene 14	2308
1044.999003	gene 15	1786
1044.999003	gene 16	1559
1044.999003	gene 17	2349
1044.999003	gene 17.5	2589
1044.999003	gene 18	2455
1044.999003	gene 18.5	2433
1044.999003	gene 18.7	2299
1044.999003	gene 19	2147
1044.999003	gene 19.2	2294
1044.999003	gene 19.3	2356
1044.999003	gene 19.5	2454
1044.999003	gene 2.5	2259
1044.999003	gene 2.8	2121
1044.999003	gene 3	1888
1044.999003	gene 3.8	2494
1044.999003	gene 4.2	2398
1044.999003	gene 4.3	2787
1044.999003	gene 4.5	3101
1044.999003	gene 4.7	3012
1044.999003	gene 4A	1689
1044.999003	gene 5	2770
1044.999003	gene 5.3	3088
1044.999003	gene 5.5	2985
1044.999003	gene 5.7	2892
1044.999003	gene 5.9	2827
1044.999003	gene 6	2516
1044.999003	gene 6.3	2795
1044.999003	gene 6.5	3787
1044.999003	gene 6.7	3473
1044.999003	gene 7	3533
1044.999003	gene 7.3	3549
1044.999003	gene 7.7	3708
1044.999003	gene 8	2856
1044.999003	gene 9	5575
1044.999003	gp-2	1024
1044.999003	lysozyme-3.5	1589
1044.999003	protein_kinase-0.7	477
1044.999003	rbs	14072
1044.999003	ribosome	4
1044.999003	rnapol-1	20
1044.999003	rnapol-3.5	323
1049.999001	E. coli B promoter	1
1049.999001	E. coli C promoter	1
1049.999001	E. coli promoter A1	1
1049.999001	E. coli promoter A2	1
1049.999001	E. coli promoter A3	1
1049.999001	T7 promoter phi1.1A	1
1049.999001	T7 promoter phi1.1B	1
1049.999001	T7 promoter phi1.3	1
1049.999001	T7 promoter phi1.5	1
1049.999001	T7 promoter phi1.6	1
1049.999001	T7 promoter phi10	0
1049.999001	T7 promoter phi13	1
1049.999001	T7 promoter phi17	1
1049.999001	T7 promoter phi2.5	1
1049.999001	T7 promoter phi3.8	1
1049.999001	T7 promoter phi4.3	0
1049.999001	T7 promoter phi4.7	1
1049.999001	T7 promoter phi4c	1
1049.999001	T7 promoter phi6.5	1
1049.999001	T7 promoter phi9	1
1049.999001	bound_ecolipol	0
1049.999001	bound_ecolipol_p	1059
1049.999001	bound_ribosome	1515
1049.999001	degraded_transcript	42913
1049.999001	ecoli_genome	741
1049.999001	ecoli_transcript	28844
1049.999001	ecolipol	0
1049.999001	ecolipol-2	0
1049.999001	ecolipol-2-p	730
1049.999001	ecolipol-p	10
1049.999001	gene 0.3	613
1049.999001	gene 1.1	1337
1049.999001	gene 1.2	1071
1049.999001	gene 1.3	1593
1049.999001	gene 1.4	1319
1049.999001	gene 1.5	1289
1049.999001	gene 1.6	1550
1049.999001	gene 1.7	1768
1049.999001	gene 1.8	1668
1049.999001	gene 10A	12034
1049.999001	gene 11	1748
1049.999001	gene 12	1385
1049.999001	gene 13	2433
1049.999001	gene 14	2337
1049.999001	gene 15	1813
1049.999001	gene 16	1593
1049.999001	gene 17	2380
1049.999001	gene 17.5	2616
1049.999001	gene 18	2491
1049.999001	gene 18.5	2464
1049.999001	gene 18.7	2335
1049.999001	gene 19	2175
1049.999001	gene 19.2	2327
1049.999001	gene 19.3	2389
1049.999001	gene 19.5	2489
1049.999001	gene 2.5	2279
1049.999001	gene 2.8	2142
1049.999001	gene 3	1905
1049.999001	gene 3.8	2517
1049.999001	gene 4.2	2429
1049.999001	gene 4.3	2810
1049.999001	gene 4.5	3119
1049.999001	gene 4.7	3027
1049.999001	gene 4A	1716
1049.999001	gene 5	2798
1049.999001	gene 5.3	3120
1049.999001	gene 5.5	3013
1049.999001	gene 5.7	2921
1049.999001	gene 5.9	2857
1049.999001	gene 6	2538
1049.999001	gene 6.3	2816
1049.999001	gene 6.5	3824
1049.999001	gene 6.7	3504
1049.999001	gene 7	3572
1049.999001	gene 7.3	3583
1049.999001	gene 7.7	3742
1049.999001	gene 8	2887
1049.999001	gene 9	5624
1049.999001	gp-2	1010
1049.999001	lysozyme-3.5	1597
1049.999001	protein_kinase-0.7	478
1049.999001	rbs	14134
1049.999001	ribosome	0
1049.999001	rnapol-1	13
1049.999001	rnapol-3.5	336
1054.999008	E. coli B promoter	1
1054.999008	E. coli C promoter	1
1054.999008	E. coli promoter A1	1
1054.999008	E. coli promoter A2	1
1054.999008	E. coli promoter A3	1
1054.999008	T7 promoter phi1.1A	1
1054.999008	T7 promoter phi1.1B	1
1054.999008	T7 promoter phi1.3	1
1054.999008	T7 promoter phi1.5	1
1054.999008	T7 promoter phi1.6	1
1054.999008	T7 promoter phi10	0
1054.999008	T7 promoter phi13	0
1054.999008	T7 promoter phi17	0
1054.999008	T7 promoter phi2.5	1
1054.999008	T7 promoter phi3.8	1
1054.999008	T7 promoter phi4.3	1
1054.999008	T7 promoter phi4.7	1
1054.999008	T7 promoter phi4c	0
1054.999008	T7 promoter phi6.5	1
1054.999008	T7 promoter phi9	1
1054.999008	bound_ecolipol	0
1054.999008	bound_ecolipol_p	1085
1054.999008	bound_ribosome	1532
1054.999008	degraded_transcript	43211
1054.999008	ecoli_genome	715
1054.999008	ecoli_transcript	28739
1054.999008	ecolipol	0
1054.999008	ecolipol-2	0
1054.999008	ecolipol-2-p	700
1054.999008	ecolipol-p	14
1054.999008	gene 0.3	618
1054.999008	gene 1.1	1351
1054.999008	gene 1.2	1079
1054.999008	gene 1.3	1608
1054.999008	gene 1.4	1327
1054.999008	gene 1.5	1304
1054.999008	gene 1.6	1569
1054.999008	gene 1.7	1790
1054.999008	gene 1.8	1683
1054.999008	gene 10A	12158
1054.999008	gene 11	1770
1054.999008	gene 12	1399
1054.999008	gene 13	2459
1054.999008	gene 14	2360
1054.999008	gene 15	1853
1054.999008	gene 16	1618
1054.999008	gene 17	2405
1054.999008	gene 17.5	2652
1054.999008	gene 18	2520
1054.999008	gene 18.5	2493
1054.999008	gene 18.7	2358
1054.999008	gene 19	2201
1054.999008	gene 19.2	2361
1054.999008	gene 19.3	2417
1054.999008	gene 19.5	2517
1054.999008	gene 2.5	2302
1054.999008	gene 2.8	2158
1054.999008	gene 3	1925
1054.999008	gene 3.8	2542
1054.999008	gene 4.2	2456
1054.999008	gene 4.3	2829
1054.999008	gene 4.5	3151
1054.999008	gene 4.7	3054
1054.999008	gene 4A	1741
1054.999008	gene 5	2823
1054.999008	gene 5.3	3155
1054.999008	gene 5.5	3044
1054.999008	gene 5.7	2945
1054.999008	gene 5.9	2892
1054.999008	gene 6	2575
1054.999008	gene 6.3	2843
1054.999008	gene 6.5	3852
1054.999008	gene 6.7	3546
1054.999008	gene 7	3613
1054.999008	gene 7.3	3618
1054.999008	gene 7.7	3776
1054.999008	gene 8	2918
1054.999008	gene 9	5676
1054.999008	gp-2	1054
1054.999008	lysozyme-3.5	1624
1054.999008	protein_kinase-0.7	479
1054.999008	rbs	14368
1054.999008	ribosome	0
1054.999008	rnapol-1	13
1054.999008	rnapol-3.5	336
1059.999001	E. coli B promoter	1
1059.999001	E. coli C promoter	1
1059.999001	E. coli promoter A1	1
1059.999001	E. coli promoter A2	1
1059.999001	E. coli promoter A3	1
1059.999001	T7 promoter phi1.1A	1
1059.999001	T7 promoter phi1.1B	1
1059.999001	T7 promoter phi1.3	1
1059.999001	T7 promoter phi1.5	1
1059.999001	T7 promoter phi1.6	1
1059.999001	T7 promoter phi10	0
1059.999001	T7 promoter phi13	1
1059.999001	T7 promoter phi17	1
1059.999001	T7 promoter phi2.5	1
1059.999001	T7 promoter phi3.8	1
1059.999001	T7 promoter phi4.3	1
1059.999001	T7 promoter phi4.7	1
1059.999001	T7 promoter phi4c	1
1059.999001	T7 promoter phi6.5	1
1059.999001	T7 promoter phi9	1
1059.999001	bound_ecolipol	0
1059.999001	bound_ecolipol_p	1057
1059.999001	bound_ribosome	1477
1059.999001	degraded_transcript	43484
1059.999001	ecoli_genome	743
1059.999001	ecoli_transcript	28760
1059.999001	ecolipol	0
1059.999001	ecolipol-2	0
1059.999001	ecolipol-2-p	732
1059.999001	ecolipol-p	10
1059.999001	gene 0.3	618
1059.999001	gene 1.1	1360
1059.999001	gene 1.2	1083
1059.999001	gene 1.3	1622
1059.999001	gene 1.4	1338
1059.999001	gene 1.5	1310
1059.999001	gene 1.6	1586
1059.999001	gene 1.7	1810
1059.999001	gene 1.8	1703
1059.999001	gene 10A	12281
1059.999001	gene 11	1794
1059.999001	gene 12	1420
1059.999001	gene 13	2484
1059.999001	gene 14	2378
1059.999001	gene 15	1875
1059.999001	gene 16	1643
1059.999001	gene 17	2437
1059.999001	gene 17.5	2681
1059.999001	gene 18	2562
1059.999001	gene 18.5	2526
1059.999001	gene 18.7	2392
1059.999001	gene 19	2220
1059.999001	gene 19.2	2382
1059.999001	gene 19.3	2451
1059.999001	gene 19.5	2547
1059.999001	gene 2.5	2336
1059.999001	gene 2.8	2176
1059.999001	gene 3	1942
1059.999001	gene 3.8	2567
1059.999001	gene 4.2	2484
1059.999001	gene 4.3	2862
1059.999001	gene 4.5	3179
1059.999001	gene 4.7	3079
1059.999001	gene 4A	1760
1059.999001	gene 5	2869
1059.999001	gene 5.3	3190
1059.999001	gene 5.5	3077
1059.999001	gene 5.7	2976
1059.999001	gene 5.9	2923
1059.999001	gene 6	2602
1059.999001	gene 6.3	2875
1059.999001	gene 6.5	3886
1059.999001	gene 6.7	3583
1059.999001	gene 7	3648
1059.999001	gene 7.3	3651
1059.999001	gene 7.7	3810
1059.999001	gene 8	2954
1059.999001	gene 9	5742
1059.999001	gp-2	1043
1059.999001	lysozyme-3.5	1638
1059.999001	protein_kinase-0.7	479
1059.999001	rbs	14415
1059.999001	ribosome	1
1059.999001	rnapol-1	12
1059.999001	rnapol-3.5	342
1064.999007	E. coli B promoter	1
1064.999007	E. coli C promoter	1
1064.999007	E. coli promoter A1	1
1064.999007	E. coli promoter A2	1
1064.999007	E. coli promoter A3	1
1064.999007	T7 promoter phi1.1A	1
1064.999007	T7 promoter phi1.1B	1
1064.999007	T7 promoter phi1.3	1
1064.999007	T7 promoter phi1.5	1
1064.999007	T7 promoter phi1.6	1
1064.999007	T7 promoter phi10	1
1064.999007	T7 promoter phi13	0
1064.999007	T7 promoter phi17	0
1064.999007	T7 promoter phi2.5	1
1064.999007	T7 promoter phi3.8	1
1064.999007	T7 promoter phi4.3	1
1064.999007	T7 promoter phi4.7	1
1064.999007	T7 promoter phi4c	1
1064.999007	T7 promoter phi6.5	0
1064.999007	T7 promoter phi9	1
1064.999007	bound_ecolipol	0
1064.999007	bound_ecolipol_p	1073
1064.999007	bound_ribosome	1460
1064.999007	degraded_transcript	43760
1064.999007	ecoli_genome	727
1064.999007	ecoli_transcript	28710
1064.999007	ecolipol	0
1064.999007	ecolipol-2	0
1064.999007	ecolipol-2-p	708
1064.999007	ecolipol-p	18
1064.999007	gene 0.3	619
1064.999007	gene 1.1	1371
1064.999007	gene 1.2	1089
1064.999007	gene 1.3	1641
1064.999007	gene 1.4	1352
1064.999007	gene 1.5	1324
1064.999007	gene 1.6	1601
1064.999007	gene 1.7	1828
1064.999007	gene 1.8	1722
1064.999007	gene 10A	12401
1064.999007	gene 11	1803
1064.999007	gene 12	1438
1064.999007	gene 13	2513
1064.999007	gene 14	2407
1064.999007	gene 15	1898
1064.999007	gene 16	1669
1064.999007	gene 17	2473
1064.999007	gene 17.5	2718
1064.999007	gene 18	2586
1064.999007	gene 18.5	2562
1064.999007	gene 18.7	2417
1064.999007	gene 19	2257
1064.999007	gene 19.2	2408
1064.999007	gene 19.3	2480
1064.999007	gene 19.5	2572
1064.999007	gene 2.5	2370
1064.999007	gene 2.8	2203
1064.999007	gene 3	1963
1064.999007	gene 3.8	2604
1064.999007	gene 4.2	2521
1064.999007	gene 4.3	2880
1064.999007	gene 4.5	3202
1064.999007	gene 4.7	3107
1064.999007	gene 4A	1781
1064.999007	gene 5	2894
1064.999007	gene 5.3	3213
1064.999007	gene 5.5	3107
1064.999007	gene 5.7	3007
1064.999007	gene 5.9	2946
1064.999007	gene 6	2640
1064.999007	gene 6.3	2899
1064.999007	gene 6.5	3920
1064.999007	gene 6.7	3617
1064.999007	gene 7	3699
1064.999007	gene 7.3	3698
1064.999007	gene 7.7	3846
1064.999007	gene 8	2989
1064.999007	gene 9	5800
1064.999007	gp-2	1087
1064.999007	lysozyme-3.5	1657
1064.999007	protein_kinase-0.7	479
1064.999007	rbs	14583
1064.999007	ribosome	2
1064.999007	rnapol-1	10
1064.999007	rnapol-3.5	343
1069.999002	E. coli B promoter	1
1069.999002	E. coli C promoter	1
1069.999002	E. coli promoter A1	1
1069.999002	E. coli promoter A2	1
1069.999002	E. coli promoter A3	1
1069.999002	T7 promoter phi1.1A	1
1069.999002	T7 promoter phi1.1B	1
1069.999002	T7 promoter phi1.3	1
1069.999002	T7 promoter phi1.5	1
1069.999002	T7 promoter phi1.6	1
1069.999002	T7 promoter phi10	1
1069.999002	T7 promoter phi13	1
1069.999002	T7 promoter phi17	1
1069.999002	T7 promoter phi2.5	1
1069.999002	T7 promoter phi3.8	1
1069.999002	T7 promoter phi4.3	1
1069.999002	T7 promoter phi4.7	1
1069.999002	T7 promoter phi4c	1
1069.999002	T7 promoter phi6.5	1
1069.999002	T7 promoter phi9	1
1069.999002	bound_ecolipol	0
1069.999002	bound_ecolipol_p	1073
1069.999002	bound_ribosome	1447
1069.999002	degraded_transcript	44045
1069.999002	ecoli_genome	727
1069.999002	ecoli_transcript	28660
1069.999002	ecolipol	0
1069.999002	ecolipol-2	0
1069.999002	ecolipol-2-p	715
1069.999002	ecolipol-p	11
1069.999002	gene 0.3	622
1069.999002	gene 1.1	1381
1069.999002	gene 1.2	1092
1069.999002	gene 1.3	1651
1069.999002	gene 1.4	1365
1069.999002	gene 1.5	1334
1069.999002	gene 1.6	1614
1069.999002	gene 1.7	1844
1069.999002	gene 1.8	1741
1069.999002	gene 10A	12507
1069.999002	gene 11	1821
1069.999002	gene 12	1454
1069.999002	gene 13	2538
1069.999002	gene 14	2429
1069.999002	gene 15	1919
1069.999002	gene 16	1688
1069.999002	gene 17	2501
1069.999002	gene 17.5	2748
1069.999002	gene 18	2626
1069.999002	gene 18.5	2590
1069.999002	gene 18.7	2459
1069.999002	gene 19	2289
1069.999002	gene 19.2	2441
1069.999002	gene 19.3	2516
1069.999002	gene 19.5	2611
1069.999002	gene 2.5	2404
1069.999002	gene 2.8	2224
1069.999002	gene 3	1990
1069.999002	gene 3.8	2625
1069.999002	gene 4.2	2546
1069.999002	gene 4.3	2912
1069.999002	gene 4.5	3228
1069.999002	gene 4.7	3135
1069.999002	gene 4A	1803
1069.999002	gene 5	2923
1069.999002	gene 5.3	3241
1069.999002	gene 5.5	3129
1069.999002	gene 5.7	3035
1069.999002	gene 5.9	2982
1069.999002	gene 6	2671
1069.999002	gene 6.3	2935
1069.999002	gene 6.5	3952
1069.999002	gene 6.7	3646
1069.999002	gene 7	3743
1069.999002	gene 7.3	3735
1069.999002	gene 7.7	3883
1069.999002	gene 8	3017
1069.999002	gene 9	5869
1069.999002	gp-2	1098
1069.999002	lysozyme-3.5	1671
1069.999002	protein_kinase-0.7	480
1069.999002	rbs	14806
1069.999002	ribosome	1
1069.999002	rnapol-1	9
1069.999002	rnapol-3.5	343
1074.999006	E. coli B promoter	1
1074.999006	E. coli C promoter	1
1074.999006	E. coli promoter A1	1
1074.999006	E. coli promoter A2	1
1074.999006	E. coli promoter A3	1
1074.999006	T7 promoter phi1.1A	1
1074.999006	T7 promoter phi1.1B	1
1074.999006	T7 promoter phi1.3	1
1074.999006	T7 promoter phi1.5	1
1074.999006	T7 promoter phi1.6	1
1074.999006	T7 promoter phi10	1
1074.999006	T7 promoter phi13	1
1074.999006	T7 promoter phi17	0
1074.999006	T7 promoter phi2.5	1
1074.999006	T7 promoter phi3.8	1
1074.999006	T7 promoter phi4.3	1
1074.999006	T7 promoter phi4.7	1
1074.999006	T7 promoter phi4c	1
1074.999006	T7 promoter phi6.5	1
1074.999006	T7 promoter phi9	0
1074.999006	bound_ecolipol	0
1074.999006	bound_ecolipol_p	1084
1074.999006	bound_ribosome	1410
1074.999006	degraded_transcript	44323
1074.999006	ecoli_genome	716
1074.999006	ecoli_transcript	28602
1074.999006	ecolipol	0
1074.999006	ecolipol-2	0
1074.999006	ecolipol-2-p	700
1074.999006	ecolipol-p	15
1074.999006	gene 0.3	623
1074.999006	gene 1.1	1387
1074.999006	gene 1.2	1102
1074.999006	gene 1.3	1665
1074.999006	gene 1.4	1379
1074.999006	gene 1.5	1346
1074.999006	gene 1.6	1627
1074.999006	gene 1.7	1858
1074.999006	gene 1.8	1763
1074.999006	gene 10A	12650
1074.999006	gene 11	1841
1074.999006	gene 12	1463
1074.999006	gene 13	2566
1074.999006	gene 14	2455
1074.999006	gene 15	1943
1074.999006	gene 16	1711
1074.999006	gene 17	2535
1074.999006	gene 17.5	2768
1074.999006	gene 18	2662
1074.999006	gene 18.5	2616
1074.999006	gene 18.7	2496
1074.999006	gene 19	2320
1074.999006	gene 19.2	2465
1074.999006	gene 19.3	2545
1074.999006	gene 19.5	2638
1074.999006	gene 2.5	2416
1074.999006	gene 2.8	2243
1074.999006	gene 3	2008
1074.999006	gene 3.8	2651
1074.999006	gene 4.2	2572
1074.999006	gene 4.3	2938
1074.999006	gene 4.5	3258
1074.999006	gene 4.7	3162
1074.999006	gene 4A	1821
1074.999006	gene 5	2962
1074.999006	gene 5.3	3269
1074.999006	gene 5.5	3158
1074.999006	gene 5.7	3065
1074.999006	gene 5.9	3009
1074.999006	gene 6	2699
1074.999006	gene 6.3	2969
1074.999006	gene 6.5	3983
1074.999006	gene 6.7	3689
1074.999006	gene 7	3790
1074.999006	gene 7.3	3785
1074.999006	gene 7.7	3924
1074.999006	gene 8	3046
1074.999006	gene 9	5932
1074.999006	gp-2	1140
1074.999006	lysozyme-3.5	1690
1074.999006	protein_kinase-0.7	480
1074.999006	rbs	14952
1074.999006	ribosome	1
1074.999006	rnapol-1	7
1074.999006	rnapol-3.5	339
1079.999014	E. coli B promoter	1
1079.999014	E. coli C promoter	1
1079.999014	E. coli promoter A1	1
1079.999014	E. coli promoter A2	1
1079.999014	E. coli promoter A3	1
1079.999014	T7 promoter phi1.1A	1
1079.999014	T7 promoter phi1.1B	1
1079.999014	T7 promoter phi1.3	1
1079.999014	T7 promoter phi1.5	1
1079.999014	T7 promoter phi1.6	1
1079.999014	T7 promoter phi10	0
1079.999014	T7 promoter phi13	1
1079.999014	T7 promoter phi17	1
1079.999014	T7 promoter phi2.5	1
1079.999014	T7 promoter phi3.8	0
1079.999014	T7 promoter phi4.3	1
1079.999014	T7 promoter phi4.7	1
1079.999014	T7 promoter phi4c	1
1079.999014	T7 promoter phi6.5	1
1079.999014	T7 promoter phi9	1
1079.999014	bound_ecolipol	0
1079.999014	bound_ecolipol_p	1089
1079.999014	bound_ribosome	1410
1079.999014	degraded_transcript	44642
1079.999014	ecoli_genome	711
1079.999014	ecoli_transcript	28488
1079.999014	ecolipol	0
1079.999014	ecolipol-2	0
1079.999014	ecolipol-2-p	696
1079.999014	ecolipol-p	14
1079.999014	gene 0.3	625
1079.999014	gene 1.1	1395
1079.999014	gene 1.2	1111
1079.999014	gene 1.3	1684
1079.999014	gene 1.4	1389
1079.999014	gene 1.5	1356
1079.999014	gene 1.6	1647
1079.999014	gene 1.7	1871
1079.999014	gene 1.8	1777
1079.999014	gene 10A	12765
1079.999014	gene 11	1863
1079.999014	gene 12	1481
1079.999014	gene 13	2600
1079.999014	gene 14	2483
1079.999014	gene 15	1963
1079.999014	gene 16	1732
1079.999014	gene 17	2552
1079.999014	gene 17.5	2805
1079.999014	gene 18	2695
1079.999014	gene 18.5	2656
1079.999014	gene 18.7	2529
1079.999014	gene 19	2359
1079.999014	gene 19.2	2499
1079.999014	gene 19.3	2575
1079.999014	gene 19.5	2669
1079.999014	gene 2.5	2440
1079.999014	gene 2.8	2268
1079.999014	gene 3	2030
1079.999014	gene 3.8	2677
1079.999014	gene 4.2	2589
1079.999014	gene 4.3	2963
1079.999014	gene 4.5	3288
1079.999014	gene 4.7	3199
1079.999014	gene 4A	1840
1079.999014	gene 5	2999
1079.999014	gene 5.3	3295
1079.999014	gene 5.5	3185
1079.999014	gene 5.7	3096
1079.999014	gene 5.9	3038
1079.999014	gene 6	2729
1079.999014	gene 6.3	2999
1079.999014	gene 6.5	4022
1079.999014	gene 6.7	3726
1079.999014	gene 7	3835
1079.999014	gene 7.3	3819
1079.999014	gene 7.7	3969
1079.999014	gene 8	3084
1079.999014	gene 9	5997
1079.999014	gp-2	1158
1079.999014	lysozyme-3.5	1715
1079.999014	protein_kinase-0.7	480
1079.999014	rbs	15098
1079.999014	ribosome	0
1079.999014	rnapol-1	15
1079.999014	rnapol-3.5	333
1084.999001	E. coli B promoter	1
1084.999001	E. coli C promoter	1
1084.999001	E. coli promoter A1	1
1084.999001	E. coli promoter A2	1
1084.999001	E. coli promoter A3	1
1084.999001	T7 promoter phi1.1A	1
1084.999001	T7 promoter phi1.1B	1
1084.999001	T7 promoter phi1.3	1
1084.999001	T7 promoter phi1.5	1
1084.999001	T7 promoter phi1.6	1
1084.999001	T7 promoter phi10	1
1084.999001	T7 promoter phi13	1
1084.999001	T7 promoter phi17	0
1084.999001	T7 promoter phi2.5	1
1084.999001	T7 promoter phi3.8	1
1084.999001	T7 promoter phi4.3	1
1084.999001	T7 promoter phi4.7	1
1084.999001	T7 promoter phi4c	1
1084.999001	T7 promoter phi6.5	1
1084.999001	T7 promoter phi9	1
1084.999001	bound_ecolipol	0
1084.999001	bound_ecolipol_p	1066
1084.999001	bound_ribosome	1369
1084.999001	degraded_transcript	44917
1084.999001	ecoli_genome	734
1084.999001	ecoli_transcript	28469
1084.999001	ecolipol	0
1084.999001	ecolipol-2	0
1084.999001	ecolipol-2-p	721
1084.999001	ecolipol-p	12
1084.999001	gene 0.3	627
1084.999001	gene 1.1	1405
1084.999001	gene 1.2	1117
1084.999001	gene 1.3	1698
1084.999001	gene 1.4	1398
1084.999001	gene 1.5	1374
1084.999001	gene 1.6	1663
1084.999001	gene 1.7	1886
1084.999001	gene 1.8	1797
1084.999001	gene 10A	12889
1084.999001	gene 11	1882
1084.999001	gene 12	1497
1084.999001	gene 13	2630
1084.999001	gene 14	2505
1084.999001	gene 15	2004
1084.999001	gene 16	1765
1084.999001	gene 17	2583
1084.999001	gene 17.5	2833
1084.999001	gene 18	2715
1084.999001	gene 18.5	2685
1084.999001	gene 18.7	2560
1084.999001	gene 19	2384
1084.999001	gene 19.2	2526
1084.999001	gene 19.3	2603
1084.999001	gene 19.5	2698
1084.999001	gene 2.5	2463
1084.999001	gene 2.8	2285
1084.999001	gene 3	2049
1084.999001	gene 3.8	2702
1084.999001	gene 4.2	2608
1084.999001	gene 4.3	2992
1084.999001	gene 4.5	3315
1084.999001	gene 4.7	3233
1084.999001	gene 4A	1869
1084.999001	gene 5	3034
1084.999001	gene 5.3	3330
1084.999001	gene 5.5	3219
1084.999001	gene 5.7	3120
1084.999001	gene 5.9	3069
1084.999001	gene 6	2756
1084.999001	gene 6.3	3025
1084.999001	gene 6.5	4062
1084.999001	gene 6.7	3760
1084.999001	gene 7	3869
1084.999001	gene 7.3	3857
1084.999001	gene 7.7	4007
1084.999001	gene 8	3112
1084.999001	gene 9	6059
1084.999001	gp-2	1151
1084.999001	lysozyme-3.5	1734
1084.999001	protein_kinase-0.7	481
1084.999001	rbs	15264
1084.999001	ribosome	2
1084.999001	rnapol-1	19
1084.999001	rnapol-3.5	336
1089.999004	E. coli B promoter	1
1089.999004	E. coli C promoter	1
1089.999004	E. coli promoter A1	1
1089.999004	E. coli promoter A2	1
1089.999004	E. coli promoter A3	1
1089.999004	T7 promoter phi1.1A	1
1089.999004	T7 promoter phi1.1B	1
1089.999004	T7 promoter phi1.3	1
1089.999004	T7 promoter phi1.5	1
1089.999004	T7 promoter phi1.6	0
1089.999004	T7 promoter phi10	0
1089.999004	T7 promoter phi13	1
1089.999004	T7 promoter phi17	1
1089.999004	T7 promoter phi2.5	1
1089.999004	T7 promoter phi3.8	1
1089.999004	T7 promoter phi4.3	1
1089.999004	T7 promoter phi4.7	1
1089.999004	T7 promoter phi4c	1
1089.999004	T7 promoter phi6.5	1
1089.999004	T7 promoter phi9	1
1089.999004	bound_ecolipol	0
1089.999004	bound_ecolipol_p	1041
1089.999004	bound_ribosome	1394
1089.999004	degraded_transcript	45174
1089.999004	ecoli_genome	759
1089.999004	ecoli_transcript	28419
1089.999004	ecolipol	0
1089.999004	ecolipol-2	0
1089.999004	ecolipol-2-p	748
1089.999004	ecolipol-p	10
1089.999004	gene 0.3	628
1089.999004	gene 1.1	1416
1089.999004	gene 1.2	1125
1089.999004	gene 1.3	1709
1089.999004	gene 1.4	1415
1089.999004	gene 1.5	1384
1089.999004	gene 1.6	1673
1089.999004	gene 1.7	1901
1089.999004	gene 1.8	1817
1089.999004	gene 10A	13019
1089.999004	gene 11	1903
1089.999004	gene 12	1520
1089.999004	gene 13	2656
1089.999004	gene 14	2530
1089.999004	gene 15	2037
1089.999004	gene 16	1791
1089.999004	gene 17	2611
1089.999004	gene 17.5	2874
1089.999004	gene 18	2748
1089.999004	gene 18.5	2715
1089.999004	gene 18.7	2596
1089.999004	gene 19	2414
1089.999004	gene 19.2	2554
1089.999004	gene 19.3	2637
1089.999004	gene 19.5	2726
1089.999004	gene 2.5	2483
1089.999004	gene 2.8	2307
1089.999004	gene 3	2063
1089.999004	gene 3.8	2724
1089.999004	gene 4.2	2632
1089.999004	gene 4.3	3021
1089.999004	gene 4.5	3341
1089.999004	gene 4.7	3265
1089.999004	gene 4A	1885
1089.999004	gene 5	3064
1089.999004	gene 5.3	3364
1089.999004	gene 5.5	3251
1089.999004	gene 5.7	3156
1089.999004	gene 5.9	3104
1089.999004	gene 6	2778
1089.999004	gene 6.3	3058
1089.999004	gene 6.5	4101
1089.999004	gene 6.7	3799
1089.999004	gene 7	3916
1089.999004	gene 7.3	3899
1089.999004	gene 7.7	4057
1089.999004	gene 8	3155
1089.999004	gene 9	6123
1089.999004	gp-2	1142
1089.999004	lysozyme-3.5	1739
1089.999004	protein_kinase-0.7	482
1089.999004	rbs	15431
1089.999004	ribosome	3
1089.999004	rnapol-1	9
1089.999004	rnapol-3.5	340
1094.999002	E. coli B promoter	1
1094.999002	E. coli C promoter	1
1094.999002	E. coli promoter A1	1
1094.999002	E. coli promoter A2	1
1094.999002	E. coli promoter A3	1
1094.999002	T7 promoter phi1.1A	1
1094.999002	T7 promoter phi1.1B	1
1094.999002	T7 promoter phi1.3	1
1094.999002	T7 promoter phi1.5	1
1094.999002	T7 promoter phi1.6	1
1094.999002	T7 promoter phi10	1
1094.999002	T7 promoter phi13	0
1094.999002	T7 promoter phi17	1
1094.999002	T7 promoter phi2.5	1
1094.999002	T7 promoter phi3.8	1
1094.999002	T7 promoter phi4.3	1
1094.999002	T7 promoter phi4.7	1
1094.999002	T7 promoter phi4c	1
1094.999002	T7 promoter phi6.5	1
1094.999002	T7 promoter phi9	1
1094.999002	bound_ecolipol	0
1094.999002	bound_ecolipol_p	1067
1094.999002	bound_ribosome	1362
1094.999002	degraded_transcript	45472
1094.999002	ecoli_genome	733
1094.999002	ecoli_transcript	28346
1094.999002	ecolipol	0
1094.999002	ecolipol-2	0
1094.999002	ecolipol-2-p	720
1094.999002	ecolipol-p	12
1094.999002	gene 0.3	630
1094.999002	gene 1.1	1422
1094.999002	gene 1.2	1133
1094.999002	gene 1.3	1726
1094.999002	gene 1.4	1422
1094.999002	gene 1.5	1395
1094.999002	gene 1.6	1688
1094.999002	gene 1.7	1915
1094.999002	gene 1.8	1835
1094.999002	gene 10A	13150
1094.999002	gene 11	1916
1094.999002	gene 12	1533
1094.999002	gene 13	2683
1094.999002	gene 14	2557
1094.999002	gene 15	2070
1094.999002	gene 16	1816
1094.999002	gene 17	2636
1094.999002	gene 17.5	2911
1094.999002	gene 18	2781
1094.999002	gene 18.5	2741
1094.999002	gene 18.7	2636
1094.999002	gene 19	2444
1094.999002	gene 19.2	2582
1094.999002	gene 19.3	2664
1094.999002	gene 19.5	2751
1094.999002	gene 2.5	2507
1094.999002	gene 2.8	2328
1094.999002	gene 3	2078
1094.999002	gene 3.8	2745
1094.999002	gene 4.2	2658
1094.999002	gene 4.3	3045
1094.999002	gene 4.5	3368
1094.999002	gene 4.7	3295
1094.999002	gene 4A	1911
1094.999002	gene 5	3088
1094.999002	gene 5.3	3392
1094.999002	gene 5.5	3272
1094.999002	gene 5.7	3186
1094.999002	gene 5.9	3134
1094.999002	gene 6	2810
1094.999002	gene 6.3	3095
1094.999002	gene 6.5	4153
1094.999002	gene 6.7	3839
1094.999002	gene 7	3959
1094.999002	gene 7.3	3940
1094.999002	gene 7.7	4098
1094.999002	gene 8	3188
1094.999002	gene 9	6197
1094.999002	gp-2	1191
1094.999002	lysozyme-3.5	1756
1094.999002	protein_kinase-0.7	484
1094.999002	rbs	15608
1094.999002	ribosome	1
1094.999002	rnapol-1	8
1094.999002	rnapol-3.5	344
1099.999006	E. coli B promoter	1
1099.999006	E. coli C promoter	1
1099.999006	E. coli promoter A1	1
1099.999006	E. coli promoter A2	1
1099.999006	E. coli promoter A3	1
1099.999006	T7 promoter phi1.1A	1
1099.999006	T7 promoter phi1.1B	1
1099.999006	T7 promoter phi1.3	1
1099.999006	T7 promoter phi1.5	1
1099.999006	T7 promoter phi1.6	1
1099.999006	T7 promoter phi10	0
1099.999006	T7 promoter phi13	0
1099.999006	T7 promoter phi17	1
1099.999006	T7 promoter phi2.5	1
1099.999006	T7 promoter phi3.8	1
1099.999006	T7 promoter phi4.3	0
1099.999006	T7 promoter phi4.7	1
1099.999006	T7 promoter phi4c	1
1099.999006	T7 promoter phi6.5	1
1099.999006	T7 promoter phi9	0
1099.999006	bound_ecolipol	0
1099.999006	bound_ecolipol_p	1034
1099.999006	bound_ribosome	1354
1099.999006	degraded_transcript	45752
1099.999006	ecoli_genome	766
1099.999006	ecoli_transcript	28294
1099.999006	ecolipol	0
1099.999006	ecolipol-2	0
1099.999006	ecolipol-2-p	758
1099.999006	ecolipol-p	7
1099.999006	gene 0.3	633
1099.999006	gene 1.1	1434
1099.999006	gene 1.2	1138
1099.999006	gene 1.3	1733
1099.999006	gene 1.4	1438
1099.999006	gene 1.5	1408
1099.999006	gene 1.6	1703
1099.999006	gene 1.7	1933
1099.999006	gene 1.8	1865
1099.999006	gene 10A	13259
1099.999006	gene 11	1941
1099.999006	gene 12	1553
1099.999006	gene 13	2711
1099.999006	gene 14	2589
1099.999006	gene 15	2089
1099.999006	gene 16	1850
1099.999006	gene 17	2673
1099.999006	gene 17.5	2939
1099.999006	gene 18	2818
1099.999006	gene 18.5	2769
1099.999006	gene 18.7	2668
1099.999006	gene 19	2481
1099.999006	gene 19.2	2612
1099.999006	gene 19.3	2690
1099.999006	gene 19.5	2784
1099.999006	gene 2.5	2532
1099.999006	gene 2.8	2356
1099.999006	gene 3	2095
1099.999006	gene 3.8	2767
1099.999006	gene 4.2	2681
1099.999006	gene 4.3	3063
1099.999006	gene 4.5	3392
1099.999006	gene 4.7	3325
1099.999006	gene 4A	1933
1099.999006	gene 5	3124
1099.999006	gene 5.3	3424
1099.999006	gene 5.5	3310
1099.999006	gene 5.7	3220
1099.999006	gene 5.9	3150
1099.999006	gene 6	2843
1099.999006	gene 6.3	3123
1099.999006	gene 6.5	4204
1099.999006	gene 6.7	3880
1099.999006	gene 7	3989
1099.999006	gene 7.3	3970
1099.999006	gene 7.7	4137
1099.999006	gene 8	3225
1099.999006	gene 9	6257
1099.999006	gp-2	1170
1099.999006	lysozyme-3.5	1786
1099.999006	protein_kinase-0.7	484
1099.999006	rbs	15716
1099.999006	ribosome	0
1099.999006	rnapol-1	9
1099.999006	rnapol-3.5	344
1104.999018	E. coli B promoter	1
1104.999018	E. coli C promoter	1
1104.999018	E. coli promoter A1	1
1104.999018	E. coli promoter A2	1
1104.999018	E. coli promoter A3	1
1104.999018	T7 promoter phi1.1A	1
1104.999018	T7 promoter phi1.1B	1
1104.999018	T7 promoter phi1.3	1
1104.999018	T7 promoter phi1.5	1
1104.999018	T7 promoter phi1.6	1
1104.999018	T7 promoter phi10	0
1104.999018	T7 promoter phi13	1
1104.999018	T7 promoter phi17	1
1104.999018	T7 promoter phi2.5	0
1104.999018	T7 promoter phi3.8	1
1104.999018	T7 promoter phi4.3	1
1104.999018	T7 promoter phi4.7	1
1104.999018	T7 promoter phi4c	1
1104.999018	T7 promoter phi6.5	0
1104.999018	T7 promoter phi9	1
1104.999018	bound_ecolipol	0
1104.999018	bound_ecolipol_p	1056
1104.999018	bound_ribosome	1367
1104.999018	degraded_transcript	46053
1104.999018	ecoli_genome	744
1104.999018	ecoli_transcript	28188
1104.999018	ecolipol	0
1104.999018	ecolipol-2	0
1104.999018	ecolipol-2-p	734
1104.999018	ecolipol-p	9
1104.999018	gene 0.3	634
1104.999018	gene 1.1	1445
1104.999018	gene 1.2	1140
1104.999018	gene 1.3	1750
1104.999018	gene 1.4	1444
1104.999018	gene 1.5	1418
1104.999018	gene 1.6	1723
1104.999018	gene 1.7	1956
1104.999018	gene 1.8	1888
1104.999018	gene 10A	13390
1104.999018	gene 11	1964
1104.999018	gene 12	1568
1104.999018	gene 13	2743
1104.999018	gene 14	2628
1104.999018	gene 15	2111
1104.999018	gene 16	1878
1104.999018	gene 17	2705
1104.999018	gene 17.5	2970
1104.999018	gene 18	2854
1104.999018	gene 18.5	2799
1104.999018	gene 18.7	2693
1104.999018	gene 19	2517
1104.999018	gene 19.2	2639
1104.999018	gene 19.3	2709
1104.999018	gene 19.5	2821
1104.999018	gene 2.5	2544
1104.999018	gene 2.8	2376
1104.999018	gene 3	2123
1104.999018	gene 3.8	2792
1104.999018	gene 4.2	2702
1104.999018	gene 4.3	3094
1104.999018	gene 4.5	3428
1104.999018	gene 4.7	3352
1104.999018	gene 4A	1959
1104.999018	gene 5	3156
1104.999018	gene 5.3	3456
1104.999018	gene 5.5	3337
1104.999018	gene 5.7	3249
1104.999018	gene 5.9	3179
1104.999018	gene 6	2884
1104.999018	gene 6.3	3153
1104.999018	gene 6.5	4244
1104.999018	gene 6.7	3919
1104.999018	gene 7	4034
1104.999018	gene 7.3	4015
1104.999018	gene 7.7	4173
1104.999018	gene 8	3260
1104.999018	gene 9	6334
1104.999018	gp-2	1219
1104.999018	lysozyme-3.5	1808
1104.999018	protein_kinase-0.7	484
1104.999018	rbs	15899
1104.999018	ribosome	2
1104.999018	rnapol-1	11
1104.999018	rnapol-3.5	345
1109.999003	E. coli B promoter	1
1109.999003	E. coli C promoter	1
1109.999003	E. coli promoter A1	1
1109.999003	E. coli promoter A2	1
1109.999003	E. coli promoter A3	1
1109.999003	T7 promoter phi1.1A	1
1109.999003	T7 promoter phi1.1B	1
1109.999003	T7 promoter phi1.3	1
1109.999003	T7 promoter phi1.5	1
1109.999003	T7 promoter phi1.6	1
1109.999003	T7 promoter phi10	0
1109.999003	T7 promoter phi13	1
1109.999003	T7 promoter phi17	0
1109.999003	T7 promoter phi2.5	1
1109.999003	T7 promoter phi3.8	1
1109.999003	T7 promoter phi4.3	1
1109.999003	T7 promoter phi4.7	1
1109.999003	T7 promoter phi4c	1
1109.999003	T7 promoter phi6.5	0
1109.999003	T7 promoter phi9	1
1109.999003	bound_ecolipol	0
1109.999003	bound_ecolipol_p	1029
1109.999003	bound_ribosome	1362
1109.999003	degraded_transcript	46353
1109.999003	ecoli_genome	771
1109.999003	ecoli_transcript	28124
1109.999003	ecolipol	0
1109.999003	ecolipol-2	0
1109.999003	ecolipol-2-p	760
1109.999003	ecolipol-p	10
1109.999003	gene 0.3	634
1109.999003	gene 1.1	1459
1109.999003	gene 1.2	1145
1109.999003	gene 1.3	1761
1109.999003	gene 1.4	1458
1109.999003	gene 1.5	1434
1109.999003	gene 1.6	1737
1109.999003	gene 1.7	1971
1109.999003	gene 1.8	1912
1109.999003	gene 10A	13520
1109.999003	gene 11	1983
1109.999003	gene 12	1594
1109.999003	gene 13	2763
1109.999003	gene 14	2663
1109.999003	gene 15	2133
1109.999003	gene 16	1910
1109.999003	gene 17	2741
1109.999003	gene 17.5	2995
1109.999003	gene 18	2888
1109.999003	gene 18.5	2836
1109.999003	gene 18.7	2718
1109.999003	gene 19	2548
1109.999003	gene 19.2	2668
1109.999003	gene 19.3	2727
1109.999003	gene 19.5	2841
1109.999003	gene 2.5	2558
1109.999003	gene 2.8	2393
1109.999003	gene 3	2146
1109.999003	gene 3.8	2822
1109.999003	gene 4.2	2731
1109.999003	gene 4.3	3118
1109.999003	gene 4.5	3451
1109.999003	gene 4.7	3389
1109.999003	gene 4A	1983
1109.999003	gene 5	3185
1109.999003	gene 5.3	3483
1109.999003	gene 5.5	3375
1109.999003	gene 5.7	3270
1109.999003	gene 5.9	3206
1109.999003	gene 6	2925
1109.999003	gene 6.3	3181
1109.999003	gene 6.5	4281
1109.999003	gene 6.7	3954
1109.999003	gene 7	4074
1109.999003	gene 7.3	4049
1109.999003	gene 7.7	4215
1109.999003	gene 8	3296
1109.999003	gene 9	6407
1109.999003	gp-2	1216
1109.999003	lysozyme-3.5	1836
1109.999003	protein_kinase-0.7	485
1109.999003	rbs	16005
1109.999003	ribosome	2
1109.999003	rnapol-1	17
1109.999003	rnapol-3.5	341
1114.999003	E. coli B promoter	1
1114.999003	E. coli C promoter	1
1114.999003	E. coli promoter A1	1
1114.999003	E. coli promoter A2	1
1114.999003	E. coli promoter A3	1
1114.999003	T7 promoter phi1.1A	1
1114.999003	T7 promoter phi1.1B	0
1114.999003	T7 promoter phi1.3	1
1114.999003	T7 promoter phi1.5	1
1114.999003	T7 promoter phi1.6	1
1114.999003	T7 promoter phi10	0
1114.999003	T7 promoter phi13	0
1114.999003	T7 promoter phi17	1
1114.999003	T7 promoter phi2.5	0
1114.999003	T7 promoter phi3.8	1
1114.999003	T7 promoter phi4.3	1
1114.999003	T7 promoter phi4.7	1
1114.999003	T7 promoter phi4c	1
1114.999003	T7 promoter phi6.5	1
1114.999003	T7 promoter phi9	1
1114.999003	bound_ecolipol	0
1114.999003	bound_ecolipol_p	1037
1114.999003	bound_ribosome	1324
1114.999003	degraded_transcript	46639
1114.999003	ecoli_genome	763
1114.999003	ecoli_transcript	28086
1114.999003	ecolipol	0
1114.999003	ecolipol-2	0
1114.999003	ecolipol-2-p	751
1114.999003	ecolipol-p	11
1114.999003	gene 0.3	638
1114.999003	gene 1.1	1467
1114.999003	gene 1.2	1153
1114.999003	gene 1.3	1779
1114.999003	gene 1.4	1472
1114.999003	gene 1.5	1443
1114.999003	gene 1.6	1755
1114.999003	gene 1.7	2003
1114.999003	gene 1.8	1924
1114.999003	gene 10A	13640
1114.999003	gene 11	1997
1114.999003	gene 12	1607
1114.999003	gene 13	2789
1114.999003	gene 14	2702
1114.999003	gene 15	2159
1114.999003	gene 16	1942
1114.999003	gene 17	2768
1114.999003	gene 17.5	3028
1114.999003	gene 18	2924
1114.999003	gene 18.5	2861
1114.999003	gene 18.7	2748
1114.999003	gene 19	2582
1114.999003	gene 19.2	2702
1114.999003	gene 19.3	2761
1114.999003	gene 19.5	2877
1114.999003	gene 2.5	2582
1114.999003	gene 2.8	2411
1114.999003	gene 3	2163
1114.999003	gene 3.8	2839
1114.999003	gene 4.2	2757
1114.999003	gene 4.3	3148
1114.999003	gene 4.5	3488
1114.999003	gene 4.7	3418
1114.999003	gene 4A	2004
1114.999003	gene 5	3224
1114.999003	gene 5.3	3514
1114.999003	gene 5.5	3402
1114.999003	gene 5.7	3301
1114.999003	gene 5.9	3235
1114.999003	gene 6	2954
1114.999003	gene 6.3	3208
1114.999003	gene 6.5	4319
1114.999003	gene 6.7	3998
1114.999003	gene 7	4115
1114.999003	gene 7.3	4088
1114.999003	gene 7.7	4259
1114.999003	gene 8	3341
1114.999003	gene 9	6475
1114.999003	gp-2	1251
1114.999003	lysozyme-3.5	1852
1114.999003	protein_kinase-0.7	486
1114.999003	rbs	16184
1114.999003	ribosome	0
1114.999003	rnapol-1	14
1114.999003	rnapol-3.5	341
1119.999004	E. coli B promoter	1
1119.999004	E. coli C promoter	1
1119.999004	E. coli promoter A1	1
1119.999004	E. coli promoter A2	1
1119.999004	E. coli promoter A3	1
1119.999004	T7 promoter phi1.1A	1
1119.999004	T7 promoter phi1.1B	1
1119.999004	T7 promoter phi1.3	1
1119.999004	T7 promoter phi1.5	1
1119.999004	T7 promoter phi1.6	1
1119.999004	T7 promoter phi10	0
1119.999004	T7 promoter phi13	1
1119.999004	T7 promoter phi17	1
1119.999004	T7 promoter phi2.5	1
1119.999004	T7 promoter phi3.8	1
1119.999004	T7 promoter phi4.3	1
1119.999004	T7 promoter phi4.7	1
1119.999004	T7 promoter phi4c	1
1119.999004	T7 promoter phi6.5	1
1119.999004	T7 promoter phi9	1
1119.999004	bound_ecolipol	0
1119.999004	bound_ecolipol_p	1055
1119.999004	bound_ribosome	1300
1119.999004	degraded_transcript	46883
1119.999004	ecoli_genome	745
1119.999004	ecoli_transcript	28061
1119.999004	ecolipol	0
1119.999004	ecolipol-2	0
1119.999004	ecolipol-2-p	735
1119.999004	ecolipol-p	9
1119.999004	gene 0.3	638
1119.999004	gene 1.1	1478
1119.999004	gene 1.2	1158
1119.999004	gene 1.3	1794
1119.999004	gene 1.4	1483
1119.999004	gene 1.5	1458
1119.999004	gene 1.6	1770
1119.999004	gene 1.7	2032
1119.999004	gene 1.8	1941
1119.999004	gene 10A	13765
1119.999004	gene 11	2011
1119.999004	gene 12	1627
1119.999004	gene 13	2812
1119.999004	gene 14	2725
1119.999004	gene 15	2185
1119.999004	gene 16	1967
1119.999004	gene 17	2797
1119.999004	gene 17.5	3073
1119.999004	gene 18	2954
1119.999004	gene 18.5	2891
1119.999004	gene 18.7	2780
1119.999004	gene 19	2616
1119.999004	gene 19.2	2729
1119.999004	gene 19.3	2790
1119.999004	gene 19.5	2906
1119.999004	gene 2.5	2608
1119.999004	gene 2.8	2426
1119.999004	gene 3	2188
1119.999004	gene 3.8	2865
1119.999004	gene 4.2	2772
1119.999004	gene 4.3	3171
1119.999004	gene 4.5	3510
1119.999004	gene 4.7	3451
1119.999004	gene 4A	2035
1119.999004	gene 5	3251
1119.999004	gene 5.3	3537
1119.999004	gene 5.5	3433
1119.999004	gene 5.7	3339
1119.999004	gene 5.9	3268
1119.999004	gene 6	2990
1119.999004	gene 6.3	3241
1119.999004	gene 6.5	4342
1119.999004	gene 6.7	4031
1119.999004	gene 7	4156
1119.999004	gene 7.3	4132
1119.999004	gene 7.7	4299
1119.999004	gene 8	3381
1119.999004	gene 9	6537
1119.999004	gp-2	1287
1119.999004	lysozyme-3.5	1865
1119.999004	protein_kinase-0.7	486
1119.999004	rbs	16414
1119.999004	ribosome	1
1119.999004	rnapol-1	9
1119.999004	rnapol-3.5	339
1124.999006	E. coli B promoter	1
1124.999006	E. coli C promoter	1
1124.999006	E. coli promoter A1	1
1124.999006	E. coli promoter A2	1
1124.999006	E. coli promoter A3	1
1124.999006	T7 promoter phi1.1A	1
1124.999006	T7 promoter phi1.1B	1
1124.999006	T7 promoter phi1.3	1
1124.999006	T7 promoter phi1.5	1
1124.999006	T7 promoter phi1.6	1
1124.999006	T7 promoter phi10	0
1124.999006	T7 promoter phi13	0
1124.999006	T7 promoter phi17	0
1124.999006	T7 promoter phi2.5	1
1124.999006	T7 promoter phi3.8	1
1124.999006	T7 promoter phi4.3	1
1124.999006	T7 promoter phi4.7	1
1124.999006	T7 promoter phi4c	1
1124.999006	T7 promoter phi6.5	1
1124.999006	T7 promoter phi9	0
1124.999006	bound_ecolipol	0
1124.999006	bound_ecolipol_p	1034
1124.999006	bound_ribosome	1287
1124.999006	degraded_transcript	47153
1124.999006	ecoli_genome	766
1124.999006	ecoli_transcript	28024
1124.999006	ecolipol	0
1124.999006	ecolipol-2	0
1124.999006	ecolipol-2-p	751
1124.999006	ecolipol-p	14
1124.999006	gene 0.3	639
1124.999006	gene 1.1	1493
1124.999006	gene 1.2	1167
1124.999006	gene 1.3	1803
1124.999006	gene 1.4	1492
1124.999006	gene 1.5	1467
1124.999006	gene 1.6	1782
1124.999006	gene 1.7	2048
1124.999006	gene 1.8	1952
1124.999006	gene 10A	13892
1124.999006	gene 11	2033
1124.999006	gene 12	1646
1124.999006	gene 13	2837
1124.999006	gene 14	2754
1124.999006	gene 15	2217
1124.999006	gene 16	1991
1124.999006	gene 17	2833
1124.999006	gene 17.5	3105
1124.999006	gene 18	2986
1124.999006	gene 18.5	2923
1124.999006	gene 18.7	2818
1124.999006	gene 19	2642
1124.999006	gene 19.2	2761
1124.999006	gene 19.3	2827
1124.999006	gene 19.5	2942
1124.999006	gene 2.5	2637
1124.999006	gene 2.8	2444
1124.999006	gene 3	2203
1124.999006	gene 3.8	2894
1124.999006	gene 4.2	2800
1124.999006	gene 4.3	3195
1124.999006	gene 4.5	3540
1124.999006	gene 4.7	3475
1124.999006	gene 4A	2059
1124.999006	gene 5	3279
1124.999006	gene 5.3	3568
1124.999006	gene 5.5	3465
1124.999006	gene 5.7	3369
1124.999006	gene 5.9	3299
1124.999006	gene 6	3017
1124.999006	gene 6.3	3267
1124.999006	gene 6.5	4373
1124.999006	gene 6.7	4068
1124.999006	gene 7	4205
1124.999006	gene 7.3	4175
1124.999006	gene 7.7	4336
1124.999006	gene 8	3416
1124.999006	gene 9	6597
1124.999006	gp-2	1297
1124.999006	lysozyme-3.5	1891
1124.999006	protein_kinase-0.7	487
1124.999006	rbs	16518
1124.999006	ribosome	1
1124.999006	rnapol-1	15
1124.999006	rnapol-3.5	339
1129.999000	E. coli B promoter	1
1129.999000	E. coli C promoter	1
1129.999000	E. coli promoter A1	1
1129.999000	E. coli promoter A2	1
1129.999000	E. coli promoter A3	1
1129.999000	T7 promoter phi1.1A	1
1129.999000	T7 promoter phi1.1B	1
1129.999000	T7 promoter phi1.3	1
1129.999000	T7 promoter phi1.5	1
1129.999000	T7 promoter phi1.6	1
1129.999000	T7 promoter phi10	1
1129.999000	T7 promoter phi13	1
1129.999000	T7 promoter phi17	1
1129.999000	T7 promoter phi2.5	1
1129.999000	T7 promoter phi3.8	1
1129.999000	T7 promoter phi4.3	1
1129.999000	T7 promoter phi4.7	1
1129.999000	T7 promoter phi4c	0
1129.999000	T7 promoter phi6.5	1
1129.999000	T7 promoter phi9	0
1129.999000	bound_ecolipol	0
1129.999000	bound_ecolipol_p	1027
1129.999000	bound_ribosome	1283
1129.999000	degraded_transcript	47426
1129.999000	ecoli_genome	773
1129.999000	ecoli_transcript	27956
1129.999000	ecolipol	0
1129.999000	ecolipol-2	0
1129.999000	ecolipol-2-p	762
1129.999000	ecolipol-p	10
1129.999000	gene 0.3	640
1129.999000	gene 1.1	1502
1129.999000	gene 1.2	1173
1129.999000	gene 1.3	1816
1129.999000	gene 1.4	1500
1129.999000	gene 1.5	1476
1129.999000	gene 1.6	1800
1129.999000	gene 1.7	2061
1129.999000	gene 1.8	1971
1129.999000	gene 10A	14032
1129.999000	gene 11	2053
1129.999000	gene 12	1662
1129.999000	gene 13	2864
1129.999000	gene 14	2778
1129.999000	gene 15	2241
1129.999000	gene 16	2015
1129.999000	gene 17	2876
1129.999000	gene 17.5	3137
1129.999000	gene 18	3016
1129.999000	gene 18.5	2959
1129.999000	gene 18.7	2857
1129.999000	gene 19	2669
1129.999000	gene 19.2	2794
1129.999000	gene 19.3	2852
1129.999000	gene 19.5	2977
1129.999000	gene 2.5	2663
1129.999000	gene 2.8	2465
1129.999000	gene 3	2221
1129.999000	gene 3.8	2922
1129.999000	gene 4.2	2822
1129.999000	gene 4.3	3214
1129.999000	gene 4.5	3572
1129.999000	gene 4.7	3498
1129.999000	gene 4A	2085
1129.999000	gene 5	3312
1129.999000	gene 5.3	3601
1129.999000	gene 5.5	3502
1129.999000	gene 5.7	3395
1129.999000	gene 5.9	3318
1129.999000	gene 6	3041
1129.999000	gene 6.3	3294
1129.999000	gene 6.5	4420
1129.999000	gene 6.7	4113
1129.999000	gene 7	4246
1129.999000	gene 7.3	4211
1129.999000	gene 7.7	4381
1129.999000	gene 8	3457
1129.999000	gene 9	6654
1129.999000	gp-2	1304
1129.999000	lysozyme-3.5	1909
1129.999000	protein_kinase-0.7	487
1129.999000	rbs	16686
1129.999000	ribosome	0
1129.999000	rnapol-1	16
1129.999000	rnapol-3.5	342
1134.999010	E. coli B promoter	1
1134.999010	E. coli C promoter	1
1134.999010	E. coli promoter A1	1
1134.999010	E. coli promoter A2	1
1134.999010	E. coli promoter A3	1
1134.999010	T7 promoter phi1.1A	1
1134.999010	T7 promoter phi1.1B	1
1134.999010	T7 promoter phi1.3	1
1134.999010	T7 promoter phi1.5	1
1134.999010	T7 promoter phi1.6	1
1134.999010	T7 promoter phi10	1
1134.999010	T7 promoter phi13	1
1134.999010	T7 promoter phi17	1
1134.999010	T7 promoter phi2.5	1
1134.999010	T7 promoter phi3.8	1
1134.999010	T7 promoter phi4.3	1
1134.999010	T7 promoter phi4.7	1
1134.999010	T7 promoter phi4c	0
1134.999010	T7 promoter phi6.5	1
1134.999010	T7 promoter phi9	1
1134.999010	bound_ecolipol	0
1134.999010	bound_ecolipol_p	1041
1134.999010	bound_ribosome	1294
1134.999010	degraded_transcript	47720
1134.999010	ecoli_genome	759
1134.999010	ecoli_transcript	27850
1134.999010	ecolipol	0
1134.999010	ecolipol-2	0
1134.999010	ecolipol-2-p	755
1134.999010	ecolipol-p	3
1134.999010	gene 0.3	640
1134.999010	gene 1.1	1513
1134.999010	gene 1.2	1184
1134.999010	gene 1.3	1826
1134.999010	gene 1.4	1517
1134.999010	gene 1.5	1485
1134.999010	gene 1.6	1811
1134.999010	gene 1.7	2084
1134.999010	gene 1.8	1994
1134.999010	gene 10A	14165
1134.999010	gene 11	2070
1134.999010	gene 12	1685
1134.999010	gene 13	2892
1134.999010	gene 14	2810
1134.999010	gene 15	2277
1134.999010	gene 16	2044
1134.999010	gene 17	2908
1134.999010	gene 17.5	3167
1134.999010	gene 18	3039
1134.999010	gene 18.5	2976
1134.999010	gene 18.7	2887
1134.999010	gene 19	2698
1134.999010	gene 19.2	2821
1134.999010	gene 19.3	2884
1134.999010	gene 19.5	3015
1134.999010	gene 2.5	2685
1134.999010	gene 2.8	2486
1134.999010	gene 3	2247
1134.999010	gene 3.8	2939
1134.999010	gene 4.2	2852
1134.999010	gene 4.3	3235
1134.999010	gene 4.5	3606
1134.999010	gene 4.7	3532
1134.999010	gene 4A	2107
1134.999010	gene 5	3342
1134.999010	gene 5.3	3633
1134.999010	gene 5.5	3525
1134.999010	gene 5.7	3425
1134.999010	gene 5.9	3348
1134.999010	gene 6	3079
1134.999010	gene 6.3	3333
1134.999010	gene 6.5	4449
1134.999010	gene 6.7	4153
1134.999010	gene 7	4294
1134.999010	gene 7.3	4250
1134.999010	gene 7.7	4426
1134.999010	gene 8	3486
1134.999010	gene 9	6727
1134.999010	gp-2	1331
1134.999010	lysozyme-3.5	1929
1134.999010	protein_kinase-0.7	487
1134.999010	rbs	16831
1134.999010	ribosome	1
1134.999010	rnapol-1	10
1134.999010	rnapol-3.5	351
1139.999006	E. coli B promoter	1
1139.999006	E. coli C promoter	1
1139.999006	E. coli promoter A1	1
1139.999006	E. coli promoter A2	1
1139.999006	E. coli promoter A3	1
1139.999006	T7 promoter phi1.1A	1
1139.999006	T7 promoter phi1.1B	1
1139.999006	T7 promoter phi1.3	1
1139.999006	T7 promoter phi1.5	1
1139.999006	T7 promoter phi1.6	1
1139.999006	T7 promoter phi10	0
1139.999006	T7 promoter phi13	1
1139.999006	T7 promoter phi17	0
1139.999006	T7 promoter phi2.5	1
1139.999006	T7 promoter phi3.8	1
1139.999006	T7 promoter phi4.3	1
1139.999006	T7 promoter phi4.7	1
1139.999006	T7 promoter phi4c	1
1139.999006	T7 promoter phi6.5	1
1139.999006	T7 promoter phi9	1
1139.999006	bound_ecolipol	0
1139.999006	bound_ecolipol_p	1008
1139.999006	bound_ribosome	1283
1139.999006	degraded_transcript	48002
1139.999006	ecoli_genome	792
1139.999006	ecoli_transcript	27788
1139.999006	ecolipol	0
1139.999006	ecolipol-2	0
1139.999006	ecolipol-2-p	776
1139.999006	ecolipol-p	15
1139.999006	gene 0.3	643
1139.999006	gene 1.1	1526
1139.999006	gene 1.2	1188
1139.999006	gene 1.3	1843
1139.999006	gene 1.4	1526
1139.999006	gene 1.5	1502
1139.999006	gene 1.6	1831
1139.999006	gene 1.7	2101
1139.999006	gene 1.8	2014
1139.999006	gene 10A	14316
1139.999006	gene 11	2093
1139.999006	gene 12	1696
1139.999006	gene 13	2921
1139.999006	gene 14	2836
1139.999006	gene 15	2296
1139.999006	gene 16	2078
1139.999006	gene 17	2938
1139.999006	gene 17.5	3198
1139.999006	gene 18	3069
1139.999006	gene 18.5	3007
1139.999006	gene 18.7	2915
1139.999006	gene 19	2723
1139.999006	gene 19.2	2849
1139.999006	gene 19.3	2923
1139.999006	gene 19.5	3056
1139.999006	gene 2.5	2712
1139.999006	gene 2.8	2503
1139.999006	gene 3	2275
1139.999006	gene 3.8	2977
1139.999006	gene 4.2	2869
1139.999006	gene 4.3	3262
1139.999006	gene 4.5	3631
1139.999006	gene 4.7	3564
1139.999006	gene 4A	2122
1139.999006	gene 5	3377
1139.999006	gene 5.3	3669
1139.999006	gene 5.5	3548
1139.999006	gene 5.7	3458
1139.999006	gene 5.9	3375
1139.999006	gene 6	3122
1139.999006	gene 6.3	3365
1139.999006	gene 6.5	4492
1139.999006	gene 6.7	4198
1139.999006	gene 7	4327
1139.999006	gene 7.3	4279
1139.999006	gene 7.7	4469
1139.999006	gene 8	3523
1139.999006	gene 9	6797
1139.999006	gp-2	1335
1139.999006	lysozyme-3.5	1961
1139.999006	protein_kinase-0.7	488
1139.999006	rbs	17025
1139.999006	ribosome	1
1139.999006	rnapol-1	16
1139.999006	rnapol-3.5	346
1144.999001	E. coli B promoter	1
1144.999001	E. coli C promoter	1
1144.999001	E. coli promoter A1	1
1144.999001	E. coli promoter A2	1
1144.999001	E. coli promoter A3	1
1144.999001	T7 promoter phi1.1A	1
1144.999001	T7 promoter phi1.1B	1
1144.999001	T7 promoter phi1.3	1
1144.999001	T7 promoter phi1.5	1
1144.999001	T7 promoter phi1.6	1
1144.999001	T7 promoter phi10	0
1144.999001	T7 promoter phi13	1
1144.999001	T7 promoter phi17	1
1144.999001	T7 promoter phi2.5	1
1144.999001	T7 promoter phi3.8	1
1144.999001	T7 promoter phi4.3	1
1144.999001	T7 promoter phi4.7	1
1144.999001	T7 promoter phi4c	1
1144.999001	T7 promoter phi6.5	1
1144.999001	T7 promoter phi9	0
1144.999001	bound_ecolipol	0
1144.999001	bound_ecolipol_p	994
1144.999001	bound_ribosome	1240
1144.999001	degraded_transcript	48280
1144.999001	ecoli_genome	806
1144.999001	ecoli_transcript	27758
1144.999001	ecolipol	0
1144.999001	ecolipol-2	0
1144.999001	ecolipol-2-p	794
1144.999001	ecolipol-p	11
1144.999001	gene 0.3	644
1144.999001	gene 1.1	1535
1144.999001	gene 1.2	1198
1144.999001	gene 1.3	1858
1144.999001	gene 1.4	1538
1144.999001	gene 1.5	1514
1144.999001	gene 1.6	1847
1144.999001	gene 1.7	2117
1144.999001	gene 1.8	2030
1144.999001	gene 10A	14445
1144.999001	gene 11	2118
1144.999001	gene 12	1712
1144.999001	gene 13	2952
1144.999001	gene 14	2853
1144.999001	gene 15	2329
1144.999001	gene 16	2109
1144.999001	gene 17	2965
1144.999001	gene 17.5	3232
1144.999001	gene 18	3099
1144.999001	gene 18.5	3036
1144.999001	gene 18.7	2950
1144.999001	gene 19	2750
1144.999001	gene 19.2	2883
1144.999001	gene 19.3	2953
1144.999001	gene 19.5	3083
1144.999001	gene 2.5	2732
1144.999001	gene 2.8	2526
1144.999001	gene 3	2297
1144.999001	gene 3.8	2999
1144.999001	gene 4.2	2890
1144.999001	gene 4.3	3289
1144.999001	gene 4.5	3657
1144.999001	gene 4.7	3585
1144.999001	gene 4A	2138
1144.999001	gene 5	3414
1144.999001	gene 5.3	3707
1144.999001	gene 5.5	3573
1144.999001	gene 5.7	3491
1144.999001	gene 5.9	3406
1144.999001	gene 6	3151
1144.999001	gene 6.3	3386
1144.999001	gene 6.5	4536
1144.999001	gene 6.7	4240
1144.999001	gene 7	4375
1144.999001	gene 7.3	4323
1144.999001	gene 7.7	4513
1144.999001	gene 8	3565
1144.999001	gene 9	6858
1144.999001	gp-2	1337
1144.999001	lysozyme-3.5	1973
1144.999001	protein_kinase-0.7	489
1144.999001	rbs	17208
1144.999001	ribosome	2
1144.999001	rnapol-1	12
1144.999001	rnapol-3.5	353
1149.999001	E. coli B promoter	1
1149.999001	E. coli C promoter	1
1149.999001	E. coli promoter A1	1
1149.999001	E. coli promoter A2	1
1149.999001	E. coli promoter A3	1
1149.999001	T7 promoter phi1.1A	1
1149.999001	T7 promoter phi1.1B	1
1149.999001	T7 promoter phi1.3	1
1149.999001	T7 promoter phi1.5	1
1149.999001	T7 promoter phi1.6	1
1149.999001	T7 promoter phi10	1
1149.999001	T7 promoter phi13	1
1149.999001	T7 promoter phi17	0
1149.999001	T7 promoter phi2.5	0
1149.999001	T7 promoter phi3.8	1
1149.999001	T7 promoter phi4.3	1
1149.999001	T7 promoter phi4.7	1
1149.999001	T7 promoter phi4c	1
1149.999001	T7 promoter phi6.5	1
1149.999001	T7 promoter phi9	0
1149.999001	bound_ecolipol	0
1149.999001	bound_ecolipol_p	1010
1149.999001	bound_ribosome	1233
1149.999001	degraded_transcript	48577
1149.999001	ecoli_genome	790
1149.999001	ecoli_transcript	27667
1149.999001	ecolipol	0
1149.999001	ecolipol-2	0
1149.999001	ecolipol-2-p	778
1149.999001	ecolipol-p	11
1149.999001	gene 0.3	646
1149.999001	gene 1.1	1545
1149.999001	gene 1.2	1204
1149.999001	gene 1.3	1874
1149.999001	gene 1.4	1558
1149.999001	gene 1.5	1523
1149.999001	gene 1.6	1863
1149.999001	gene 1.7	2142
1149.999001	gene 1.8	2051
1149.999001	gene 10A	14591
1149.999001	gene 11	2131
1149.999001	gene 12	1733
1149.999001	gene 13	2977
1149.999001	gene 14	2881
1149.999001	gene 15	2352
1149.999001	gene 16	2133
1149.999001	gene 17	2996
1149.999001	gene 17.5	3251
1149.999001	gene 18	3130
1149.999001	gene 18.5	3066
1149.999001	gene 18.7	2987
1149.999001	gene 19	2784
1149.999001	gene 19.2	2917
1149.999001	gene 19.3	2987
1149.999001	gene 19.5	3105
1149.999001	gene 2.5	2763
1149.999001	gene 2.8	2540
1149.999001	gene 3	2311
1149.999001	gene 3.8	3024
1149.999001	gene 4.2	2911
1149.999001	gene 4.3	3314
1149.999001	gene 4.5	3687
1149.999001	gene 4.7	3618
1149.999001	gene 4A	2155
1149.999001	gene 5	3442
1149.999001	gene 5.3	3736
1149.999001	gene 5.5	3597
1149.999001	gene 5.7	3524
1149.999001	gene 5.9	3434
1149.999001	gene 6	3180
1149.999001	gene 6.3	3412
1149.999001	gene 6.5	4578
1149.999001	gene 6.7	4283
1149.999001	gene 7	4410
1149.999001	gene 7.3	4366
1149.999001	gene 7.7	4567
1149.999001	gene 8	3609
1149.999001	gene 9	6920
1149.999001	gp-2	1376
1149.999001	lysozyme-3.5	1987
1149.999001	protein_kinase-0.7	490
1149.999001	rbs	17337
1149.999001	ribosome	0
1149.999001	rnapol-1	11
1149.999001	rnapol-3.5	352
1154.999001	E. coli B promoter	1
1154.999001	E. coli C promoter	1
1154.999001	E. coli promoter A1	1
1154.999001	E. coli promoter A2	1
1154.999001	E. coli promoter A3	1
1154.999001	T7 promoter phi1.1A	1
1154.999001	T7 promoter phi1.1B	1
1154.999001	T7 promoter phi1.3	1
1154.999001	T7 promoter phi1.5	0
1154.999001	T7 promoter phi1.6	0
1154.999001	T7 promoter phi10	0
1154.999001	T7 promoter phi13	1
1154.999001	T7 promoter phi17	0
1154.999001	T7 promoter phi2.5	1
1154.999001	T7 promoter phi3.8	1
1154.999001	T7 promoter phi4.3	1
1154.999001	T7 promoter phi4.7	1
1154.999001	T7 promoter phi4c	1
1154.999001	T7 promoter phi6.5	0
1154.999001	T7 promoter phi9	1
1154.999001	bound_ecolipol	0
1154.999001	bound_ecolipol_p	1009
1154.999001	bound_ribosome	1205
1154.999001	degraded_transcript	48856
1154.999001	ecoli_genome	791
1154.999001	ecoli_transcript	27607
1154.999001	ecolipol	0
1154.999001	ecolipol-2	0
1154.999001	ecolipol-2-p	786
1154.999001	ecolipol-p	5
1154.999001	gene 0.3	647
1154.999001	gene 1.1	1553
1154.999001	gene 1.2	1207
1154.999001	gene 1.3	1889
1154.999001	gene 1.4	1573
1154.999001	gene 1.5	1536
1154.999001	gene 1.6	1882
1154.999001	gene 1.7	2152
1154.999001	gene 1.8	2067
1154.999001	gene 10A	14722
1154.999001	gene 11	2154
1154.999001	gene 12	1754
1154.999001	gene 13	3009
1154.999001	gene 14	2909
1154.999001	gene 15	2380
1154.999001	gene 16	2156
1154.999001	gene 17	3027
1154.999001	gene 17.5	3282
1154.999001	gene 18	3158
1154.999001	gene 18.5	3102
1154.999001	gene 18.7	3030
1154.999001	gene 19	2807
1154.999001	gene 19.2	2944
1154.999001	gene 19.3	3023
1154.999001	gene 19.5	3140
1154.999001	gene 2.5	2785
1154.999001	gene 2.8	2563
1154.999001	gene 3	2327
1154.999001	gene 3.8	3050
1154.999001	gene 4.2	2935
1154.999001	gene 4.3	3343
1154.999001	gene 4.5	3721
1154.999001	gene 4.7	3651
1154.999001	gene 4A	2171
1154.999001	gene 5	3473
1154.999001	gene 5.3	3758
1154.999001	gene 5.5	3621
1154.999001	gene 5.7	3549
1154.999001	gene 5.9	3459
1154.999001	gene 6	3209
1154.999001	gene 6.3	3436
1154.999001	gene 6.5	4621
1154.999001	gene 6.7	4314
1154.999001	gene 7	4453
1154.999001	gene 7.3	4401
1154.999001	gene 7.7	4616
1154.999001	gene 8	3660
1154.999001	gene 9	6998
1154.999001	gp-2	1388
1154.999001	lysozyme-3.5	2008
1154.999001	protein_kinase-0.7	491
1154.999001	rbs	17505
1154.999001	ribosome	1
1154.999001	rnapol-1	10
1154.999001	rnapol-3.5	353
1159.999000	E. coli B promoter	1
1159.999000	E. coli C promoter	1
1159.999000	E. coli promoter A1	1
1159.999000	E. coli promoter A2	1
1159.999000	E. coli promoter A3	1
1159.999000	T7 promoter phi1.1A	1
1159.999000	T7 promoter phi1.1B	1
1159.999000	T7 promoter phi1.3	1
1159.999000	T7 promoter phi1.5	1
1159.999000	T7 promoter phi1.6	0
1159.999000	T7 promoter phi10	1
1159.999000	T7 promoter phi13	1
1159.999000	T7 promoter phi17	1
1159.999000	T7 promoter phi2.5	1
1159.999000	T7 promoter phi3.8	1
1159.999000	T7 promoter phi4.3	0
1159.999000	T7 promoter phi4.7	1
1159.999000	T7 promoter phi4c	1
1159.999000	T7 promoter phi6.5	1
1159.999000	T7 promoter phi9	1
1159.999000	bound_ecolipol	0
1159.999000	bound_ecolipol_p	1010
1159.999000	bound_ribosome	1173
1159.999000	degraded_transcript	49131
1159.999000	ecoli_genome	790
1159.999000	ecoli_transcript	27554
1159.999000	ecolipol	0
1159.999000	ecolipol-2	0
1159.999000	ecolipol-2-p	770
1159.999000	ecolipol-p	20
1159.999000	gene 0.3	649
1159.999000	gene 1.1	1563
1159.999000	gene 1.2	1214
1159.999000	gene 1.3	1902
1159.999000	gene 1.4	1586
1159.999000	gene 1.5	1547
1159.999000	gene 1.6	1897
1159.999000	gene 1.7	2175
1159.999000	gene 1.8	2087
1159.999000	gene 10A	14862
1159.999000	gene 11	2172
1159.999000	gene 12	1774
1159.999000	gene 13	3041
1159.999000	gene 14	2932
1159.999000	gene 15	2408
1159.999000	gene 16	2181
1159.999000	gene 17	3062
1159.999000	gene 17.5	3315
1159.999000	gene 18	3192
1159.999000	gene 18.5	3132
1159.999000	gene 18.7	3059
1159.999000	gene 19	2841
1159.999000	gene 19.2	2978
1159.999000	gene 19.3	3056
1159.999000	gene 19.5	3168
1159.999000	gene 2.5	2819
1159.999000	gene 2.8	2591
1159.999000	gene 3	2349
1159.999000	gene 3.8	3072
1159.999000	gene 4.2	2962
1159.999000	gene 4.3	3368
1159.999000	gene 4.5	3751
1159.999000	gene 4.7	3683
1159.999000	gene 4A	2187
1159.999000	gene 5	3509
1159.999000	gene 5.3	3794
1159.999000	gene 5.5	3650
1159.999000	gene 5.7	3578
1159.999000	gene 5.9	3497
1159.999000	gene 6	3231
1159.999000	gene 6.3	3474
1159.999000	gene 6.5	4658
1159.999000	gene 6.7	4359
1159.999000	gene 7	4496
1159.999000	gene 7.3	4436
1159.999000	gene 7.7	4660
1159.999000	gene 8	3697
1159.999000	gene 9	7057
1159.999000	gp-2	1414
1159.999000	lysozyme-3.5	2034
1159.999000	protein_kinase-0.7	493
1159.999000	rbs	17648
1159.999000	ribosome	2
1159.999000	rnapol-1	10
1159.999000	rnapol-3.5	357
1164.999003	E. coli B promoter	1
1164.999003	E. coli C promoter	1
1164.999003	E. coli promoter A1	1
1164.999003	E. coli promoter A2	1
1164.999003	E. coli promoter A3	1
1164.999003	T7 promoter phi1.1A	1
1164.999003	T7 promoter phi1.1B	1
1164.999003	T7 promoter phi1.3	1
1164.999003	T7 promoter phi1.5	1
1164.999003	T7 promoter phi1.6	1
1164.999003	T7 promoter phi10	1
1164.999003	T7 promoter phi13	1
1164.999003	T7 promoter phi17	1
1164.999003	T7 promoter phi2.5	1
1164.999003	T7 promoter phi3.8	1
1164.999003	T7 promoter phi4.3	1
1164.999003	T7 promoter phi4.7	1
1164.999003	T7 promoter phi4c	1
1164.999003	T7 promoter phi6.5	0
1164.999003	T7 promoter phi9	1
1164.999003	bound_ecolipol	0
1164.999003	bound_ecolipol_p	1007
1164.999003	bound_ribosome	1184
1164.999003	degraded_transcript	49393
1164.999003	ecoli_genome	793
1164.999003	ecoli_transcript	27483
1164.999003	ecolipol	0
1164.999003	ecolipol-2	0
1164.999003	ecolipol-2-p	774
1164.999003	ecolipol-p	19
1164.999003	gene 0.3	650
1164.999003	gene 1.1	1572
1164.999003	gene 1.2	1223
1164.999003	gene 1.3	1912
1164.999003	gene 1.4	1601
1164.999003	gene 1.5	1557
1164.999003	gene 1.6	1913
1164.999003	gene 1.7	2203
1164.999003	gene 1.8	2108
1164.999003	gene 10A	15002
1164.999003	gene 11	2191
1164.999003	gene 12	1791
1164.999003	gene 13	3068
1164.999003	gene 14	2966
1164.999003	gene 15	2427
1164.999003	gene 16	2202
1164.999003	gene 17	3095
1164.999003	gene 17.5	3345
1164.999003	gene 18	3221
1164.999003	gene 18.5	3168
1164.999003	gene 18.7	3079
1164.999003	gene 19	2879
1164.999003	gene 19.2	3017
1164.999003	gene 19.3	3096
1164.999003	gene 19.5	3217
1164.999003	gene 2.5	2843
1164.999003	gene 2.8	2607
1164.999003	gene 3	2377
1164.999003	gene 3.8	3090
1164.999003	gene 4.2	2988
1164.999003	gene 4.3	3391
1164.999003	gene 4.5	3773
1164.999003	gene 4.7	3709
1164.999003	gene 4A	2203
1164.999003	gene 5	3540
1164.999003	gene 5.3	3825
1164.999003	gene 5.5	3684
1164.999003	gene 5.7	3602
1164.999003	gene 5.9	3529
1164.999003	gene 6	3273
1164.999003	gene 6.3	3494
1164.999003	gene 6.5	4702
1164.999003	gene 6.7	4398
1164.999003	gene 7	4536
1164.999003	gene 7.3	4473
1164.999003	gene 7.7	4700
1164.999003	gene 8	3733
1164.999003	gene 9	7118
1164.999003	gp-2	1430
1164.999003	lysozyme-3.5	2062
1164.999003	protein_kinase-0.7	493
1164.999003	rbs	17839
1164.999003	ribosome	3
1164.999003	rnapol-1	19
1164.999003	rnapol-3.5	353
1169.999002	E. coli B promoter	1
1169.999002	E. coli C promoter	1
1169.999002	E. coli promoter A1	1
1169.999002	E. coli promoter A2	1
1169.999002	E. coli promoter A3	1
1169.999002	T7 promoter phi1.1A	1
1169.999002	T7 promoter phi1.1B	1
1169.999002	T7 promoter phi1.3	1
1169.999002	T7 promoter phi1.5	1
1169.999002	T7 promoter phi1.6	1
1169.999002	T7 promoter phi10	0
1169.999002	T7 promoter phi13	1
1169.999002	T7 promoter phi17	1
1169.999002	T7 promoter phi2.5	1
1169.999002	T7 promoter phi3.8	0
1169.999002	T7 promoter phi4.3	1
1169.999002	T7 promoter phi4.7	1
1169.999002	T7 promoter phi4c	1
1169.999002	T7 promoter phi6.5	1
1169.999002	T7 promoter phi9	1
1169.999002	bound_ecolipol	0
1169.999002	bound_ecolipol_p	971
1169.999002	bound_ribosome	1151
1169.999002	degraded_transcript	49674
1169.999002	ecoli_genome	829
1169.999002	ecoli_transcript	27444
1169.999002	ecolipol	0
1169.999002	ecolipol-2	0
1169.999002	ecolipol-2-p	821
1169.999002	ecolipol-p	8
1169.999002	gene 0.3	650
1169.999002	gene 1.1	1583
1169.999002	gene 1.2	1229
1169.999002	gene 1.3	1926
1169.999002	gene 1.4	1617
1169.999002	gene 1.5	1571
1169.999002	gene 1.6	1929
1169.999002	gene 1.7	2227
1169.999002	gene 1.8	2127
1169.999002	gene 10A	15128
1169.999002	gene 11	2220
1169.999002	gene 12	1810
1169.999002	gene 13	3093
1169.999002	gene 14	2997
1169.999002	gene 15	2456
1169.999002	gene 16	2232
1169.999002	gene 17	3124
1169.999002	gene 17.5	3384
1169.999002	gene 18	3255
1169.999002	gene 18.5	3210
1169.999002	gene 18.7	3108
1169.999002	gene 19	2905
1169.999002	gene 19.2	3047
1169.999002	gene 19.3	3120
1169.999002	gene 19.5	3243
1169.999002	gene 2.5	2860
1169.999002	gene 2.8	2622
1169.999002	gene 3	2398
1169.999002	gene 3.8	3123
1169.999002	gene 4.2	3016
1169.999002	gene 4.3	3419
1169.999002	gene 4.5	3804
1169.999002	gene 4.7	3740
1169.999002	gene 4A	2216
1169.999002	gene 5	3560
1169.999002	gene 5.3	3863
1169.999002	gene 5.5	3725
1169.999002	gene 5.7	3637
1169.999002	gene 5.9	3557
1169.999002	gene 6	3302
1169.999002	gene 6.3	3518
1169.999002	gene 6.5	4746
1169.999002	gene 6.7	4444
1169.999002	gene 7	4580
1169.999002	gene 7.3	4514
1169.999002	gene 7.7	4743
1169.999002	gene 8	3767
1169.999002	gene 9	7171
1169.999002	gp-2	1407
1169.999002	lysozyme-3.5	2073
1169.999002	protein_kinase-0.7	494
1169.999002	rbs	18037
1169.999002	ribosome	1
1169.999002	rnapol-1	10
1169.999002	rnapol-3.5	362
1174.999019	E. coli B promoter	1
1174.999019	E. coli C promoter	1
1174.999019	E. coli promoter A1	1
1174.999019	E. coli promoter A2	1
1174.999019	E. coli promoter A3	1
1174.999019	T7 promoter phi1.1A	1
1174.999019	T7 promoter phi1.1B	1
1174.999019	T7 promoter phi1.3	1
1174.999019	T7 promoter phi1.5	1
1174.999019	T7 promoter phi1.6	1
1174.999019	T7 promoter phi10	0
1174.999019	T7 promoter phi13	1
1174.999019	T7 promoter phi17	1
1174.999019	T7 promoter phi2.5	1
1174.999019	T7 promoter phi3.8	1
1174.999019	T7 promoter phi4.3	1
1174.999019	T7 promoter phi4.7	1
1174.999019	T7 promoter phi4c	1
1174.999019	T7 promoter phi6.5	1
1174.999019	T7 promoter phi9	0
1174.999019	bound_ecolipol	0
1174.999019	bound_ecolipol_p	993
1174.999019	bound_ribosome	1147
1174.999019	degraded_transcript	49915
1174.999019	ecoli_genome	807
1174.999019	ecoli_transcript	27402
1174.999019	ecolipol	0
1174.999019	ecolipol-2	0
1174.999019	ecolipol-2-p	795
1174.999019	ecolipol-p	12
1174.999019	gene 0.3	650
1174.999019	gene 1.1	1598
1174.999019	gene 1.2	1233
1174.999019	gene 1.3	1940
1174.999019	gene 1.4	1636
1174.999019	gene 1.5	1588
1174.999019	gene 1.6	1945
1174.999019	gene 1.7	2245
1174.999019	gene 1.8	2140
1174.999019	gene 10A	15253
1174.999019	gene 11	2235
1174.999019	gene 12	1827
1174.999019	gene 13	3124
1174.999019	gene 14	3035
1174.999019	gene 15	2472
1174.999019	gene 16	2259
1174.999019	gene 17	3161
1174.999019	gene 17.5	3422
1174.999019	gene 18	3290
1174.999019	gene 18.5	3251
1174.999019	gene 18.7	3144
1174.999019	gene 19	2938
1174.999019	gene 19.2	3075
1174.999019	gene 19.3	3156
1174.999019	gene 19.5	3278
1174.999019	gene 2.5	2887
1174.999019	gene 2.8	2647
1174.999019	gene 3	2416
1174.999019	gene 3.8	3149
1174.999019	gene 4.2	3049
1174.999019	gene 4.3	3447
1174.999019	gene 4.5	3827
1174.999019	gene 4.7	3765
1174.999019	gene 4A	2249
1174.999019	gene 5	3592
1174.999019	gene 5.3	3897
1174.999019	gene 5.5	3753
1174.999019	gene 5.7	3667
1174.999019	gene 5.9	3590
1174.999019	gene 6	3321
1174.999019	gene 6.3	3551
1174.999019	gene 6.5	4789
1174.999019	gene 6.7	4480
1174.999019	gene 7	4631
1174.999019	gene 7.3	4565
1174.999019	gene 7.7	4785
1174.999019	gene 8	3805
1174.999019	gene 9	7241
1174.999019	gp-2	1457
1174.999019	lysozyme-3.5	2093
1174.999019	protein_kinase-0.7	494
1174.999019	rbs	18130
1174.999019	ribosome	3
1174.999019	rnapol-1	13
1174.999019	rnapol-3.5	363
1179.999004	E. coli B promoter	1
1179.999004	E. coli C promoter	1
1179.999004	E. coli promoter A1	1
1179.999004	E. coli promoter A2	1
1179.999004	E. coli promoter A3	1
1179.999004	T7 promoter phi1.1A	1
1179.999004	T7 promoter phi1.1B	1
1179.999004	T7 promoter phi1.3	1
1179.999004	T7 promoter phi1.5	1
1179.999004	T7 promoter phi1.6	1
1179.999004	T7 promoter phi10	0
1179.999004	T7 promoter phi13	1
1179.999004	T7 promoter phi17	1
1179.999004	T7 promoter phi2.5	1
1179.999004	T7 promoter phi3.8	1
1179.999004	T7 promoter phi4.3	0
1179.999004	T7 promoter phi4.7	1
1179.999004	T7 promoter phi4c	1
1179.999004	T7 promoter phi6.5	1
1179.999004	T7 promoter phi9	0
1179.999004	bound_ecolipol	0
1179.999004	bound_ecolipol_p	1011
1179.999004	bound_ribosome	1158
1179.999004	degraded_transcript	50178
1179.999004	ecoli_genome	789
1179.999004	ecoli_transcript	27317
1179.999004	ecolipol	0
1179.999004	ecolipol-2	0
1179.999004	ecolipol-2-p	777
1179.999004	ecolipol-p	12
1179.999004	gene 0.3	655
1179.999004	gene 1.1	1612
1179.999004	gene 1.2	1238
1179.999004	gene 1.3	1952
1179.999004	gene 1.4	1654
1179.999004	gene 1.5	1599
1179.999004	gene 1.6	1963
1179.999004	gene 1.7	2267
1179.999004	gene 1.8	2162
1179.999004	gene 10A	15380
1179.999004	gene 11	2250
1179.999004	gene 12	1849
1179.999004	gene 13	3159
1179.999004	gene 14	3056
1179.999004	gene 15	2502
1179.999004	gene 16	2296
1179.999004	gene 17	3198
1179.999004	gene 17.5	3456
1179.999004	gene 18	3318
1179.999004	gene 18.5	3277
1179.999004	gene 18.7	3176
1179.999004	gene 19	2967
1179.999004	gene 19.2	3111
1179.999004	gene 19.3	3195
1179.999004	gene 19.5	3305
1179.999004	gene 2.5	2913
1179.999004	gene 2.8	2662
1179.999004	gene 3	2438
1179.999004	gene 3.8	3170
1179.999004	gene 4.2	3064
1179.999004	gene 4.3	3477
1179.999004	gene 4.5	3862
1179.999004	gene 4.7	3792
1179.999004	gene 4A	2272
1179.999004	gene 5	3625
1179.999004	gene 5.3	3930
1179.999004	gene 5.5	3787
1179.999004	gene 5.7	3699
1179.999004	gene 5.9	3605
1179.999004	gene 6	3350
1179.999004	gene 6.3	3583
1179.999004	gene 6.5	4835
1179.999004	gene 6.7	4524
1179.999004	gene 7	4678
1179.999004	gene 7.3	4610
1179.999004	gene 7.7	4837
1179.999004	gene 8	3841
1179.999004	gene 9	7297
1179.999004	gp-2	1499
1179.999004	lysozyme-3.5	2109
1179.999004	protein_kinase-0.7	494
1179.999004	rbs	18326
1179.999004	ribosome	0
1179.999004	rnapol-1	10
1179.999004	rnapol-3.5	373
1184.999002	E. coli B promoter	1
1184.999002	E. coli C promoter	1
1184.999002	E. coli promoter A1	1
1184.999002	E. coli promoter A2	1
1184.999002	E. coli promoter A3	1
1184.999002	T7 promoter phi1.1A	1
1184.999002	T7 promoter phi1.1B	1
1184.999002	T7 promoter phi1.3	1
1184.999002	T7 promoter phi1.5	1
1184.999002	T7 promoter phi1.6	1
1184.999002	T7 promoter phi10	1
1184.999002	T7 promoter phi13	0
1184.999002	T7 promoter phi17	1
1184.999002	T7 promoter phi2.5	1
1184.999002	T7 promoter phi3.8	1
1184.999002	T7 promoter phi4.3	1
1184.999002	T7 promoter phi4.7	1
1184.999002	T7 promoter phi4c	1
1184.999002	T7 promoter phi6.5	1
1184.999002	T7 promoter phi9	1
1184.999002	bound_ecolipol	0
1184.999002	bound_ecolipol_p	990
1184.999002	bound_ribosome	1153
1184.999002	degraded_transcript	50489
1184.999002	ecoli_genome	810
1184.999002	ecoli_transcript	27208
1184.999002	ecolipol	0
1184.999002	ecolipol-2	0
1184.999002	ecolipol-2-p	806
1184.999002	ecolipol-p	4
1184.999002	gene 0.3	655
1184.999002	gene 1.1	1620
1184.999002	gene 1.2	1242
1184.999002	gene 1.3	1977
1184.999002	gene 1.4	1666
1184.999002	gene 1.5	1611
1184.999002	gene 1.6	1979
1184.999002	gene 1.7	2285
1184.999002	gene 1.8	2181
1184.999002	gene 10A	15503
1184.999002	gene 11	2263
1184.999002	gene 12	1861
1184.999002	gene 13	3189
1184.999002	gene 14	3087
1184.999002	gene 15	2528
1184.999002	gene 16	2322
1184.999002	gene 17	3234
1184.999002	gene 17.5	3497
1184.999002	gene 18	3343
1184.999002	gene 18.5	3298
1184.999002	gene 18.7	3200
1184.999002	gene 19	3000
1184.999002	gene 19.2	3143
1184.999002	gene 19.3	3228
1184.999002	gene 19.5	3338
1184.999002	gene 2.5	2929
1184.999002	gene 2.8	2685
1184.999002	gene 3	2458
1184.999002	gene 3.8	3190
1184.999002	gene 4.2	3084
1184.999002	gene 4.3	3511
1184.999002	gene 4.5	3879
1184.999002	gene 4.7	3819
1184.999002	gene 4A	2295
1184.999002	gene 5	3655
1184.999002	gene 5.3	3962
1184.999002	gene 5.5	3827
1184.999002	gene 5.7	3735
1184.999002	gene 5.9	3638
1184.999002	gene 6	3371
1184.999002	gene 6.3	3619
1184.999002	gene 6.5	4874
1184.999002	gene 6.7	4553
1184.999002	gene 7	4716
1184.999002	gene 7.3	4654
1184.999002	gene 7.7	4890
1184.999002	gene 8	3878
1184.999002	gene 9	7366
1184.999002	gp-2	1492
1184.999002	lysozyme-3.5	2137
1184.999002	protein_kinase-0.7	495
1184.999002	rbs	18463
1184.999002	ribosome	0
1184.999002	rnapol-1	19
1184.999002	rnapol-3.5	357
1189.999003	E. coli B promoter	1
1189.999003	E. coli C promoter	1
1189.999003	E. coli promoter A1	1
1189.999003	E. coli promoter A2	1
1189.999003	E. coli promoter A3	1
1189.999003	T7 promoter phi1.1A	1
1189.999003	T7 promoter phi1.1B	1
1189.999003	T7 promoter phi1.3	1
1189.999003	T7 promoter phi1.5	1
1189.999003	T7 promoter phi1.6	1
1189.999003	T7 promoter phi10	0
1189.999003	T7 promoter phi13	1
1189.999003	T7 promoter phi17	0
1189.999003	T7 promoter phi2.5	1
1189.999003	T7 promoter phi3.8	1
1189.999003	T7 promoter phi4.3	1
1189.999003	T7 promoter phi4.7	1
1189.999003	T7 promoter phi4c	1
1189.999003	T7 promoter phi6.5	1
1189.999003	T7 promoter phi9	0
1189.999003	bound_ecolipol	0
1189.999003	bound_ecolipol_p	984
1189.999003	bound_ribosome	1110
1189.999003	degraded_transcript	50741
1189.999003	ecoli_genome	816
1189.999003	ecoli_transcript	27195
1189.999003	ecolipol	0
1189.999003	ecolipol-2	0
1189.999003	ecolipol-2-p	802
1189.999003	ecolipol-p	14
1189.999003	gene 0.3	655
1189.999003	gene 1.1	1634
1189.999003	gene 1.2	1250
1189.999003	gene 1.3	1988
1189.999003	gene 1.4	1677
1189.999003	gene 1.5	1623
1189.999003	gene 1.6	2001
1189.999003	gene 1.7	2297
1189.999003	gene 1.8	2199
1189.999003	gene 10A	15628
1189.999003	gene 11	2279
1189.999003	gene 12	1885
1189.999003	gene 13	3215
1189.999003	gene 14	3120
1189.999003	gene 15	2560
1189.999003	gene 16	2355
1189.999003	gene 17	3268
1189.999003	gene 17.5	3527
1189.999003	gene 18	3389
1189.999003	gene 18.5	3335
1189.999003	gene 18.7	3234
1189.999003	gene 19	3036
1189.999003	gene 19.2	3173
1189.999003	gene 19.3	3258
1189.999003	gene 19.5	3381
1189.999003	gene 2.5	2953
1189.999003	gene 2.8	2705
1189.999003	gene 3	2478
1189.999003	gene 3.8	3210
1189.999003	gene 4.2	3102
1189.999003	gene 4.3	3533
1189.999003	gene 4.5	3927
1189.999003	gene 4.7	3851
1189.999003	gene 4A	2322
1189.999003	gene 5	3677
1189.999003	gene 5.3	3986
1189.999003	gene 5.5	3854
1189.999003	gene 5.7	3759
1189.999003	gene 5.9	3663
1189.999003	gene 6	3398
1189.999003	gene 6.3	3647
1189.999003	gene 6.5	4906
1189.999003	gene 6.7	4591
1189.999003	gene 7	4755
1189.999003	gene 7.3	4708
1189.999003	gene 7.7	4930
1189.999003	gene 8	3906
1189.999003	gene 9	7428
1189.999003	gp-2	1521
1189.999003	lysozyme-3.5	2143
1189.999003	protein_kinase-0.7	496
1189.999003	rbs	18570
1189.999003	ribosome	1
1189.999003	rnapol-1	9
1189.999003	rnapol-3.5	367
1194.999012	E. coli B promoter	1
1194.999012	E. coli C promoter	1
1194.999012	E. coli promoter A1	1
1194.999012	E. coli promoter A2	1
1194.999012	E. coli promoter A3	1
1194.999012	T7 promoter phi1.1A	1
1194.999012	T7 promoter phi1.1B	1
1194.999012	T7 promoter phi1.3	1
1194.999012	T7 promoter phi1.5	1
1194.999012	T7 promoter phi1.6	1
1194.999012	T7 promoter phi10	0
1194.999012	T7 promoter phi13	1
1194.999012	T7 promoter phi17	1
1194.999012	T7 promoter phi2.5	0
1194.999012	T7 promoter phi3.8	0
1194.999012	T7 promoter phi4.3	1
1194.999012	T7 promoter phi4.7	1
1194.999012	T7 promoter phi4c	1
1194.999012	T7 promoter phi6.5	1
1194.999012	T7 promoter phi9	0
1194.999012	bound_ecolipol	0
1194.999012	bound_ecolipol_p	968
1194.999012	bound_ribosome	1105
1194.999012	degraded_transcript	51021
1194.999012	ecoli_genome	832
1194.999012	ecoli_transcript	27134
1194.999012	ecolipol	0
1194.999012	ecolipol-2	0
1194.999012	ecolipol-2-p	821
1194.999012	ecolipol-p	11
1194.999012	gene 0.3	656
1194.999012	gene 1.1	1649
1194.999012	gene 1.2	1256
1194.999012	gene 1.3	1998
1194.999012	gene 1.4	1688
1194.999012	gene 1.5	1634
1194.999012	gene 1.6	2016
1194.999012	gene 1.7	2314
1194.999012	gene 1.8	2217
1194.999012	gene 10A	15766
1194.999012	gene 11	2304
1194.999012	gene 12	1905
1194.999012	gene 13	3249
1194.999012	gene 14	3152
1194.999012	gene 15	2596
1194.999012	gene 16	2377
1194.999012	gene 17	3298
1194.999012	gene 17.5	3563
1194.999012	gene 18	3419
1194.999012	gene 18.5	3364
1194.999012	gene 18.7	3264
1194.999012	gene 19	3064
1194.999012	gene 19.2	3194
1194.999012	gene 19.3	3292
1194.999012	gene 19.5	3417
1194.999012	gene 2.5	2973
1194.999012	gene 2.8	2730
1194.999012	gene 3	2498
1194.999012	gene 3.8	3233
1194.999012	gene 4.2	3125
1194.999012	gene 4.3	3570
1194.999012	gene 4.5	3961
1194.999012	gene 4.7	3883
1194.999012	gene 4A	2337
1194.999012	gene 5	3708
1194.999012	gene 5.3	4010
1194.999012	gene 5.5	3892
1194.999012	gene 5.7	3787
1194.999012	gene 5.9	3699
1194.999012	gene 6	3429
1194.999012	gene 6.3	3677
1194.999012	gene 6.5	4947
1194.999012	gene 6.7	4636
1194.999012	gene 7	4807
1194.999012	gene 7.3	4751
1194.999012	gene 7.7	4973
1194.999012	gene 8	3949
1194.999012	gene 9	7488
1194.999012	gp-2	1522
1194.999012	lysozyme-3.5	2166
1194.999012	protein_kinase-0.7	496
1194.999012	rbs	18753
1194.999012	ribosome	0
1194.999012	rnapol-1	11
1194.999012	rnapol-3.5	360
1199.999005	E. coli B promoter	1
1199.999005	E. coli C promoter	1
1199.999005	E. coli promoter A1	1
1199.999005	E. coli promoter A2	1
1199.999005	E. coli promoter A3	1
1199.999005	T7 promoter phi1.1A	1
1199.999005	T7 promoter phi1.1B	1
1199.999005	T7 promoter phi1.3	1
1199.999005	T7 promoter phi1.5	1
1199.999005	T7 promoter phi1.6	1
1199.999005	T7 promoter phi10	0
1199.999005	T7 promoter phi13	1
1199.999005	T7 promoter phi17	0
1199.999005	T7 promoter phi2.5	1
1199.999005	T7 promoter phi3.8	1
1199.999005	T7 promoter phi4.3	1
1199.999005	T7 promoter phi4.7	1
1199.999005	T7 promoter phi4c	1
1199.999005	T7 promoter phi6.5	0
1199.999005	T7 promoter phi9	0
1199.999005	bound_ecolipol	0
1199.999005	bound_ecolipol_p	959
1199.999005	bound_ribosome	1078
1199.999005	degraded_transcript	51307
1199.999005	ecoli_genome	841
1199.999005	ecoli_transcript	27069
1199.999005	ecolipol	0
1199.999005	ecolipol-2	0
1199.999005	ecolipol-2-p	830
1199.999005	ecolipol-p	11
1199.999005	gene 0.3	658
1199.999005	gene 1.1	1662
1199.999005	gene 1.2	1262
1199.999005	gene 1.3	2014
1199.999005	gene 1.4	1702
1199.999005	gene 1.5	1645
1199.999005	gene 1.6	2033
1199.999005	gene 1.7	2334
1199.999005	gene 1.8	2240
1199.999005	gene 10A	15917
1199.999005	gene 11	2327
1199.999005	gene 12	1930
1199.999005	gene 13	3278
1199.999005	gene 14	3190
1199.999005	gene 15	2626
1199.999005	gene 16	2412
1199.999005	gene 17	3340
1199.999005	gene 17.5	3592
1199.999005	gene 18	3450
1199.999005	gene 18.5	3395
1199.999005	gene 18.7	3288
1199.999005	gene 19	3096
1199.999005	gene 19.2	3224
1199.999005	gene 19.3	3320
1199.999005	gene 19.5	3444
1199.999005	gene 2.5	3006
1199.999005	gene 2.8	2755
1199.999005	gene 3	2520
1199.999005	gene 3.8	3264
1199.999005	gene 4.2	3153
1199.999005	gene 4.3	3599
1199.999005	gene 4.5	3996
1199.999005	gene 4.7	3902
1199.999005	gene 4A	2354
1199.999005	gene 5	3731
1199.999005	gene 5.3	4032
1199.999005	gene 5.5	3922
1199.999005	gene 5.7	3809
1199.999005	gene 5.9	3725
1199.999005	gene 6	3459
1199.999005	gene 6.3	3700
1199.999005	gene 6.5	4992
1199.999005	gene 6.7	4671
1199.999005	gene 7	4847
1199.999005	gene 7.3	4784
1199.999005	gene 7.7	5016
1199.999005	gene 8	3981
1199.999005	gene 9	7561
1199.999005	gp-2	1535
1199.999005	lysozyme-3.5	2176
1199.999005	protein_kinase-0.7	498
1199.999005	rbs	18926
1199.999005	ribosome	1
1199.999005	rnapol-1	6
1199.999005	rnapol-3.5	364
1204.999002	E. coli B promoter	1
1204.999002	E. coli C promoter	1
1204.999002	E. coli promoter A1	1
1204.999002	E. coli promoter A2	1
1204.999002	E. coli promoter A3	1
1204.999002	T7 promoter phi1.1A	1
1204.999002	T7 promoter phi1.1B	1
1204.999002	T7 promoter phi1.3	1
1204.999002	T7 promoter phi1.5	1
1204.999002	T7 promoter phi1.6	1
1204.999002	T7 promoter phi10	0
1204.999002	T7 promoter phi13	1
1204.999002	T7 promoter phi17	0
1204.999002	T7 promoter phi2.5	1
1204.999002	T7 promoter phi3.8	1
1204.999002	T7 promoter phi4.3	1
1204.999002	T7 promoter phi4.7	1
1204.999002	T7 promoter phi4c	1
1204.999002	T7 promoter phi6.5	1
1204.999002	T7 promoter phi9	0
1204.999002	bound_ecolipol	0
1204.999002	bound_ecolipol_p	963
1204.999002	bound_ribosome	1079
1204.999002	degraded_transcript	51569
1204.999002	ecoli_genome	837
1204.999002	ecoli_transcript	26980
1204.999002	ecolipol	0
1204.999002	ecolipol-2	0
1204.999002	ecolipol-2-p	829
1204.999002	ecolipol-p	8
1204.999002	gene 0.3	658
1204.999002	gene 1.1	1670
1204.999002	gene 1.2	1269
1204.999002	gene 1.3	2033
1204.999002	gene 1.4	1721
1204.999002	gene 1.5	1664
1204.999002	gene 1.6	2048
1204.999002	gene 1.7	2349
1204.999002	gene 1.8	2259
1204.999002	gene 10A	16044
1204.999002	gene 11	2345
1204.999002	gene 12	1948
1204.999002	gene 13	3310
1204.999002	gene 14	3216
1204.999002	gene 15	2650
1204.999002	gene 16	2441
1204.999002	gene 17	3378
1204.999002	gene 17.5	3621
1204.999002	gene 18	3473
1204.999002	gene 18.5	3430
1204.999002	gene 18.7	3320
1204.999002	gene 19	3129
1204.999002	gene 19.2	3260
1204.999002	gene 19.3	3364
1204.999002	gene 19.5	3478
1204.999002	gene 2.5	3027
1204.999002	gene 2.8	2778
1204.999002	gene 3	2547
1204.999002	gene 3.8	3291
1204.999002	gene 4.2	3190
1204.999002	gene 4.3	3622
1204.999002	gene 4.5	4022
1204.999002	gene 4.7	3928
1204.999002	gene 4A	2384
1204.999002	gene 5	3767
1204.999002	gene 5.3	4066
1204.999002	gene 5.5	3962
1204.999002	gene 5.7	3849
1204.999002	gene 5.9	3764
1204.999002	gene 6	3495
1204.999002	gene 6.3	3733
1204.999002	gene 6.5	5041
1204.999002	gene 6.7	4719
1204.999002	gene 7	4899
1204.999002	gene 7.3	4827
1204.999002	gene 7.7	5052
1204.999002	gene 8	4028
1204.999002	gene 9	7625
1204.999002	gp-2	1555
1204.999002	lysozyme-3.5	2198
1204.999002	protein_kinase-0.7	498
1204.999002	rbs	19100
1204.999002	ribosome	2
1204.999002	rnapol-1	7
1204.999002	rnapol-3.5	365
1209.999005	E. coli B promoter	1
1209.999005	E. coli C promoter	1
1209.999005	E. coli promoter A1	1
1209.999005	E. coli promoter A2	1
1209.999005	E. coli promoter A3	1
1209.999005	T7 promoter phi1.1A	1
1209.999005	T7 promoter phi1.1B	1
1209.999005	T7 promoter phi1.3	1
1209.999005	T7 promoter phi1.5	1
1209.999005	T7 promoter phi1.6	1
1209.999005	T7 promoter phi10	0
1209.999005	T7 promoter phi13	1
1209.999005	T7 promoter phi17	1
1209.999005	T7 promoter phi2.5	1
1209.999005	T7 promoter phi3.8	1
1209.999005	T7 promoter phi4.3	1
1209.999005	T7 promoter phi4.7	1
1209.999005	T7 promoter phi4c	1
1209.999005	T7 promoter phi6.5	1
1209.999005	T7 promoter phi9	1
1209.999005	bound_ecolipol	0
1209.999005	bound_ecolipol_p	961
1209.999005	bound_ribosome	1082
1209.999005	degraded_transcript	51803
1209.999005	ecoli_genome	839
1209.999005	ecoli_transcript	26945
1209.999005	ecolipol	0
1209.999005	ecolipol-2	0
1209.999005	ecolipol-2-p	830
1209.999005	ecolipol-p	9
1209.999005	gene 0.3	659
1209.999005	gene 1.1	1677
1209.999005	gene 1.2	1273
1209.999005	gene 1.3	2050
1209.999005	gene 1.4	1733
1209.999005	gene 1.5	1679
1209.999005	gene 1.6	2068
1209.999005	gene 1.7	2359
1209.999005	gene 1.8	2274
1209.999005	gene 10A	16167
1209.999005	gene 11	2360
1209.999005	gene 12	1970
1209.999005	gene 13	3335
1209.999005	gene 14	3238
1209.999005	gene 15	2673
1209.999005	gene 16	2469
1209.999005	gene 17	3409
1209.999005	gene 17.5	3656
1209.999005	gene 18	3506
1209.999005	gene 18.5	3461
1209.999005	gene 18.7	3351
1209.999005	gene 19	3159
1209.999005	gene 19.2	3300
1209.999005	gene 19.3	3399
1209.999005	gene 19.5	3504
1209.999005	gene 2.5	3053
1209.999005	gene 2.8	2792
1209.999005	gene 3	2571
1209.999005	gene 3.8	3323
1209.999005	gene 4.2	3219
1209.999005	gene 4.3	3649
1209.999005	gene 4.5	4049
1209.999005	gene 4.7	3952
1209.999005	gene 4A	2408
1209.999005	gene 5	3799
1209.999005	gene 5.3	4096
1209.999005	gene 5.5	3992
1209.999005	gene 5.7	3887
1209.999005	gene 5.9	3798
1209.999005	gene 6	3528
1209.999005	gene 6.3	3757
1209.999005	gene 6.5	5089
1209.999005	gene 6.7	4768
1209.999005	gene 7	4945
1209.999005	gene 7.3	4868
1209.999005	gene 7.7	5088
1209.999005	gene 8	4070
1209.999005	gene 9	7695
1209.999005	gp-2	1567
1209.999005	lysozyme-3.5	2219
1209.999005	protein_kinase-0.7	498
1209.999005	rbs	19299
1209.999005	ribosome	0
1209.999005	rnapol-1	8
1209.999005	rnapol-3.5	366
1214.999001	E. coli B promoter	1
1214.999001	E. coli C promoter	1
1214.999001	E. coli promoter A1	1
1214.999001	E. coli promoter A2	1
1214.999001	E. coli promoter A3	1
1214.999001	T7 promoter phi1.1A	1
1214.999001	T7 promoter phi1.1B	1
1214.999001	T7 promoter phi1.3	1
1214.999001	T7 promoter phi1.5	1
1214.999001	T7 promoter phi1.6	1
1214.999001	T7 promoter phi10	1
1214.999001	T7 promoter phi13	0
1214.999001	T7 promoter phi17	0
1214.999001	T7 promoter phi2.5	1
1214.999001	T7 promoter phi3.8	1
1214.999001	T7 promoter phi4.3	1
1214.999001	T7 promoter phi4.7	1
1214.999001	T7 promoter phi4c	1
1214.999001	T7 promoter phi6.5	1
1214.999001	T7 promoter phi9	1
1214.999001	bound_ecolipol	0
1214.999001	bound_ecolipol_p	968
1214.999001	bound_ribosome	1091
1214.999001	degraded_transcript	52055
1214.999001	ecoli_genome	832
1214.999001	ecoli_transcript	26870
1214.999001	ecolipol	0
1214.999001	ecolipol-2	0
1214.999001	ecolipol-2-p	819
1214.999001	ecolipol-p	13
1214.999001	gene 0.3	660
1214.999001	gene 1.1	1692
1214.999001	gene 1.2	1276
1214.999001	gene 1.3	2064
1214.999001	gene 1.4	1744
1214.999001	gene 1.5	1695
1214.999001	gene 1.6	2088
1214.999001	gene 1.7	2385
1214.999001	gene 1.8	2295
1214.999001	gene 10A	16302
1214.999001	gene 11	2374
1214.999001	gene 12	1996
1214.999001	gene 13	3357
1214.999001	gene 14	3270
1214.999001	gene 15	2702
1214.999001	gene 16	2496
1214.999001	gene 17	3447
1214.999001	gene 17.5	3697
1214.999001	gene 18	3540
1214.999001	gene 18.5	3495
1214.999001	gene 18.7	3385
1214.999001	gene 19	3195
1214.999001	gene 19.2	3328
1214.999001	gene 19.3	3440
1214.999001	gene 19.5	3540
1214.999001	gene 2.5	3072
1214.999001	gene 2.8	2817
1214.999001	gene 3	2599
1214.999001	gene 3.8	3357
1214.999001	gene 4.2	3237
1214.999001	gene 4.3	3676
1214.999001	gene 4.5	4085
1214.999001	gene 4.7	3986
1214.999001	gene 4A	2431
1214.999001	gene 5	3828
1214.999001	gene 5.3	4124
1214.999001	gene 5.5	4018
1214.999001	gene 5.7	3918
1214.999001	gene 5.9	3826
1214.999001	gene 6	3554
1214.999001	gene 6.3	3776
1214.999001	gene 6.5	5118
1214.999001	gene 6.7	4797
1214.999001	gene 7	4998
1214.999001	gene 7.3	4909
1214.999001	gene 7.7	5130
1214.999001	gene 8	4113
1214.999001	gene 9	7754
1214.999001	gp-2	1601
1214.999001	lysozyme-3.5	2246
1214.999001	protein_kinase-0.7	500
1214.999001	rbs	19483
1214.999001	ribosome	0
1214.999001	rnapol-1	11
1214.999001	rnapol-3.5	373
1219.999003	E. coli B promoter	1
1219.999003	E. coli C promoter	1
1219.999003	E. coli promoter A1	1
1219.999003	E. coli promoter A2	1
1219.999003	E. coli promoter A3	1
1219.999003	T7 promoter phi1.1A	1
1219.999003	T7 promoter phi1.1B	1
1219.999003	T7 promoter phi1.3	1
1219.999003	T7 promoter phi1.5	1
1219.999003	T7 promoter phi1.6	1
1219.999003	T7 promoter phi10	0
1219.999003	T7 promoter phi13	1
1219.999003	T7 promoter phi17	1
1219.999003	T7 promoter phi2.5	1
1219.999003	T7 promoter phi3.8	1
1219.999003	T7 promoter phi4.3	1
1219.999003	T7 promoter phi4.7	1
1219.999003	T7 promoter phi4c	0
1219.999003	T7 promoter phi6.5	0
1219.999003	T7 promoter phi9	0
1219.999003	bound_ecolipol	0
1219.999003	bound_ecolipol_p	941
1219.999003	bound_ribosome	1106
1219.999003	degraded_transcript	52303
1219.999003	ecoli_genome	859
1219.999003	ecoli_transcript	26806
1219.999003	ecolipol	0
1219.999003	ecolipol-2	0
1219.999003	ecolipol-2-p	853
1219.999003	ecolipol-p	6
1219.999003	gene 0.3	660
1219.999003	gene 1.1	1701
1219.999003	gene 1.2	1284
1219.999003	gene 1.3	2076
1219.999003	gene 1.4	1757
1219.999003	gene 1.5	1709
1219.999003	gene 1.6	2110
1219.999003	gene 1.7	2405
1219.999003	gene 1.8	2317
1219.999003	gene 10A	16432
1219.999003	gene 11	2395
1219.999003	gene 12	2023
1219.999003	gene 13	3394
1219.999003	gene 14	3305
1219.999003	gene 15	2737
1219.999003	gene 16	2529
1219.999003	gene 17	3471
1219.999003	gene 17.5	3731
1219.999003	gene 18	3568
1219.999003	gene 18.5	3523
1219.999003	gene 18.7	3421
1219.999003	gene 19	3231
1219.999003	gene 19.2	3354
1219.999003	gene 19.3	3475
1219.999003	gene 19.5	3567
1219.999003	gene 2.5	3092
1219.999003	gene 2.8	2844
1219.999003	gene 3	2619
1219.999003	gene 3.8	3377
1219.999003	gene 4.2	3274
1219.999003	gene 4.3	3702
1219.999003	gene 4.5	4109
1219.999003	gene 4.7	4022
1219.999003	gene 4A	2450
1219.999003	gene 5	3864
1219.999003	gene 5.3	4158
1219.999003	gene 5.5	4059
1219.999003	gene 5.7	3942
1219.999003	gene 5.9	3853
1219.999003	gene 6	3583
1219.999003	gene 6.3	3813
1219.999003	gene 6.5	5165
1219.999003	gene 6.7	4829
1219.999003	gene 7	5034
1219.999003	gene 7.3	4951
1219.999003	gene 7.7	5172
1219.999003	gene 8	4149
1219.999003	gene 9	7812
1219.999003	gp-2	1588
1219.999003	lysozyme-3.5	2257
1219.999003	protein_kinase-0.7	501
1219.999003	rbs	19653
1219.999003	ribosome	0
1219.999003	rnapol-1	5
1219.999003	rnapol-3.5	379
1224.999003	E. coli B promoter	1
1224.999003	E. coli C promoter	1
1224.999003	E. coli promoter A1	1
1224.999003	E. coli promoter A2	1
1224.999003	E. coli promoter A3	1
1224.999003	T7 promoter phi1.1A	1
1224.999003	T7 promoter phi1.1B	1
1224.999003	T7 promoter phi1.3	1
1224.999003	T7 promoter phi1.5	1
1224.999003	T7 promoter phi1.6	1
1224.999003	T7 promoter phi10	0
1224.999003	T7 promoter phi13	1
1224.999003	T7 promoter phi17	1
1224.999003	T7 promoter phi2.5	1
1224.999003	T7 promoter phi3.8	1
1224.999003	T7 promoter phi4.3	1
1224.999003	T7 promoter phi4.7	1
1224.999003	T7 promoter phi4c	1
1224.999003	T7 promoter phi6.5	1
1224.999003	T7 promoter phi9	1
1224.999003	bound_ecolipol	0
1224.999003	bound_ecolipol_p	935
1224.999003	bound_ribosome	1106
1224.999003	degraded_transcript	52558
1224.999003	ecoli_genome	865
1224.999003	ecoli_transcript	26729
1224.999003	ecolipol	0
1224.999003	ecolipol-2	0
1224.999003	ecolipol-2-p	857
1224.999003	ecolipol-p	8
1224.999003	gene 0.3	661
1224.999003	gene 1.1	1713
1224.999003	gene 1.2	1288
1224.999003	gene 1.3	2090
1224.999003	gene 1.4	1769
1224.999003	gene 1.5	1718
1224.999003	gene 1.6	2120
1224.999003	gene 1.7	2428
1224.999003	gene 1.8	2335
1224.999003	gene 10A	16569
1224.999003	gene 11	2416
1224.999003	gene 12	2036
1224.999003	gene 13	3429
1224.999003	gene 14	3335
1224.999003	gene 15	2763
1224.999003	gene 16	2567
1224.999003	gene 17	3513
1224.999003	gene 17.5	3763
1224.999003	gene 18	3602
1224.999003	gene 18.5	3552
1224.999003	gene 18.7	3458
1224.999003	gene 19	3275
1224.999003	gene 19.2	3390
1224.999003	gene 19.3	3506
1224.999003	gene 19.5	3592
1224.999003	gene 2.5	3119
1224.999003	gene 2.8	2866
1224.999003	gene 3	2640
1224.999003	gene 3.8	3392
1224.999003	gene 4.2	3294
1224.999003	gene 4.3	3728
1224.999003	gene 4.5	4136
1224.999003	gene 4.7	4059
1224.999003	gene 4A	2477
1224.999003	gene 5	3896
1224.999003	gene 5.3	4194
1224.999003	gene 5.5	4086
1224.999003	gene 5.7	3981
1224.999003	gene 5.9	3893
1224.999003	gene 6	3616
1224.999003	gene 6.3	3845
1224.999003	gene 6.5	5213
1224.999003	gene 6.7	4865
1224.999003	gene 7	5072
1224.999003	gene 7.3	4989
1224.999003	gene 7.7	5223
1224.999003	gene 8	4187
1224.999003	gene 9	7874
1224.999003	gp-2	1600
1224.999003	lysozyme-3.5	2291
1224.999003	protein_kinase-0.7	503
1224.999003	rbs	19785
1224.999003	ribosome	1
1224.999003	rnapol-1	16
1224.999003	rnapol-3.5	381
1229.999006	E. coli B promoter	1
1229.999006	E. coli C promoter	1
1229.999006	E. coli promoter A1	1
1229.999006	E. coli promoter A2	1
1229.999006	E. coli promoter A3	1
1229.999006	T7 promoter phi1.1A	1
1229.999006	T7 promoter phi1.1B	1
1229.999006	T7 promoter phi1.3	1
1229.999006	T7 promoter phi1.5	1
1229.999006	T7 promoter phi1.6	1
1229.999006	T7 promoter phi10	0
1229.999006	T7 promoter phi13	1
1229.999006	T7 promoter phi17	0
1229.999006	T7 promoter phi2.5	1
1229.999006	T7 promoter phi3.8	1
1229.999006	T7 promoter phi4.3	1
1229.999006	T7 promoter phi4.7	1
1229.999006	T7 promoter phi4c	1
1229.999006	T7 promoter phi6.5	1
1229.999006	T7 promoter phi9	1
1229.999006	bound_ecolipol	0
1229.999006	bound_ecolipol_p	948
1229.999006	bound_ribosome	1119
1229.999006	degraded_transcript	52827
1229.999006	ecoli_genome	852
1229.999006	ecoli_transcript	26646
1229.999006	ecolipol	0
1229.999006	ecolipol-2	0
1229.999006	ecolipol-2-p	841
1229.999006	ecolipol-p	11
1229.999006	gene 0.3	661
1229.999006	gene 1.1	1729
1229.999006	gene 1.2	1295
1229.999006	gene 1.3	2102
1229.999006	gene 1.4	1779
1229.999006	gene 1.5	1734
1229.999006	gene 1.6	2138
1229.999006	gene 1.7	2452
1229.999006	gene 1.8	2355
1229.999006	gene 10A	16727
1229.999006	gene 11	2435
1229.999006	gene 12	2062
1229.999006	gene 13	3475
1229.999006	gene 14	3364
1229.999006	gene 15	2793
1229.999006	gene 16	2586
1229.999006	gene 17	3545
1229.999006	gene 17.5	3795
1229.999006	gene 18	3629
1229.999006	gene 18.5	3579
1229.999006	gene 18.7	3495
1229.999006	gene 19	3317
1229.999006	gene 19.2	3418
1229.999006	gene 19.3	3546
1229.999006	gene 19.5	3615
1229.999006	gene 2.5	3137
1229.999006	gene 2.8	2889
1229.999006	gene 3	2657
1229.999006	gene 3.8	3417
1229.999006	gene 4.2	3313
1229.999006	gene 4.3	3747
1229.999006	gene 4.5	4168
1229.999006	gene 4.7	4086
1229.999006	gene 4A	2500
1229.999006	gene 5	3932
1229.999006	gene 5.3	4224
1229.999006	gene 5.5	4114
1229.999006	gene 5.7	4021
1229.999006	gene 5.9	3917
1229.999006	gene 6	3644
1229.999006	gene 6.3	3871
1229.999006	gene 6.5	5262
1229.999006	gene 6.7	4916
1229.999006	gene 7	5114
1229.999006	gene 7.3	5046
1229.999006	gene 7.7	5266
1229.999006	gene 8	4229
1229.999006	gene 9	7949
1229.999006	gp-2	1638
1229.999006	lysozyme-3.5	2306
1229.999006	protein_kinase-0.7	503
1229.999006	rbs	19894
1229.999006	ribosome	0
1229.999006	rnapol-1	12
1229.999006	rnapol-3.5	383
1234.999011	E. coli B promoter	1
1234.999011	E. coli C promoter	1
1234.999011	E. coli promoter A1	1
1234.999011	E. coli promoter A2	1
1234.999011	E. coli promoter A3	1
1234.999011	T7 promoter phi1.1A	1
1234.999011	T7 promoter phi1.1B	1
1234.999011	T7 promoter phi1.3	1
1234.999011	T7 promoter phi1.5	1
1234.999011	T7 promoter phi1.6	1
1234.999011	T7 promoter phi10	1
1234.999011	T7 promoter phi13	1
1234.999011	T7 promoter phi17	1
1234.999011	T7 promoter phi2.5	1
1234.999011	T7 promoter phi3.8	1
1234.999011	T7 promoter phi4.3	1
1234.999011	T7 promoter phi4.7	1
1234.999011	T7 promoter phi4c	1
1234.999011	T7 promoter phi6.5	1
1234.999011	T7 promoter phi9	1
1234.999011	bound_ecolipol	0
1234.999011	bound_ecolipol_p	972
1234.999011	bound_ribosome	1098
1234.999011	degraded_transcript	53063
1234.999011	ecoli_genome	828
1234.999011	ecoli_transcript	26603
1234.999011	ecolipol	0
1234.999011	ecolipol-2	0
1234.999011	ecolipol-2-p	822
1234.999011	ecolipol-p	6
1234.999011	gene 0.3	663
1234.999011	gene 1.1	1737
1234.999011	gene 1.2	1303
1234.999011	gene 1.3	2112
1234.999011	gene 1.4	1796
1234.999011	gene 1.5	1749
1234.999011	gene 1.6	2154
1234.999011	gene 1.7	2477
1234.999011	gene 1.8	2370
1234.999011	gene 10A	16847
1234.999011	gene 11	2451
1234.999011	gene 12	2075
1234.999011	gene 13	3511
1234.999011	gene 14	3395
1234.999011	gene 15	2831
1234.999011	gene 16	2612
1234.999011	gene 17	3571
1234.999011	gene 17.5	3826
1234.999011	gene 18	3665
1234.999011	gene 18.5	3610
1234.999011	gene 18.7	3528
1234.999011	gene 19	3360
1234.999011	gene 19.2	3454
1234.999011	gene 19.3	3583
1234.999011	gene 19.5	3659
1234.999011	gene 2.5	3157
1234.999011	gene 2.8	2905
1234.999011	gene 3	2677
1234.999011	gene 3.8	3438
1234.999011	gene 4.2	3335
1234.999011	gene 4.3	3778
1234.999011	gene 4.5	4195
1234.999011	gene 4.7	4118
1234.999011	gene 4A	2523
1234.999011	gene 5	3960
1234.999011	gene 5.3	4249
1234.999011	gene 5.5	4137
1234.999011	gene 5.7	4040
1234.999011	gene 5.9	3961
1234.999011	gene 6	3673
1234.999011	gene 6.3	3903
1234.999011	gene 6.5	5317
1234.999011	gene 6.7	4956
1234.999011	gene 7	5166
1234.999011	gene 7.3	5088
1234.999011	gene 7.7	5309
1234.999011	gene 8	4266
1234.999011	gene 9	8011
1234.999011	gp-2	1674
1234.999011	lysozyme-3.5	2316
1234.999011	protein_kinase-0.7	504
1234.999011	rbs	20106
1234.999011	ribosome	1
1234.999011	rnapol-1	12
1234.999011	rnapol-3.5	381
1239.999001	E. coli B promoter	1
1239.999001	E. coli C promoter	1
1239.999001	E. coli promoter A1	1
1239.999001	E. coli promoter A2	1
1239.999001	E. coli promoter A3	1
1239.999001	T7 promoter phi1.1A	1
1239.999001	T7 promoter phi1.1B	1
1239.999001	T7 promoter phi1.3	1
1239.999001	T7 promoter phi1.5	1
1239.999001	T7 promoter phi1.6	1
1239.999001	T7 promoter phi10	0
1239.999001	T7 promoter phi13	0
1239.999001	T7 promoter phi17	0
1239.999001	T7 promoter phi2.5	1
1239.999001	T7 promoter phi3.8	1
1239.999001	T7 promoter phi4.3	1
1239.999001	T7 promoter phi4.7	1
1239.999001	T7 promoter phi4c	1
1239.999001	T7 promoter phi6.5	1
1239.999001	T7 promoter phi9	0
1239.999001	bound_ecolipol	0
1239.999001	bound_ecolipol_p	938
1239.999001	bound_ribosome	1082
1239.999001	degraded_transcript	53307
1239.999001	ecoli_genome	862
1239.999001	ecoli_transcript	26585
1239.999001	ecolipol	0
1239.999001	ecolipol-2	0
1239.999001	ecolipol-2-p	854
1239.999001	ecolipol-p	8
1239.999001	gene 0.3	663
1239.999001	gene 1.1	1749
1239.999001	gene 1.2	1313
1239.999001	gene 1.3	2122
1239.999001	gene 1.4	1807
1239.999001	gene 1.5	1761
1239.999001	gene 1.6	2176
1239.999001	gene 1.7	2496
1239.999001	gene 1.8	2388
1239.999001	gene 10A	16971
1239.999001	gene 11	2471
1239.999001	gene 12	2096
1239.999001	gene 13	3543
1239.999001	gene 14	3427
1239.999001	gene 15	2852
1239.999001	gene 16	2639
1239.999001	gene 17	3605
1239.999001	gene 17.5	3863
1239.999001	gene 18	3696
1239.999001	gene 18.5	3643
1239.999001	gene 18.7	3560
1239.999001	gene 19	3386
1239.999001	gene 19.2	3488
1239.999001	gene 19.3	3627
1239.999001	gene 19.5	3695
1239.999001	gene 2.5	3179
1239.999001	gene 2.8	2919
1239.999001	gene 3	2692
1239.999001	gene 3.8	3472
1239.999001	gene 4.2	3365
1239.999001	gene 4.3	3797
1239.999001	gene 4.5	4230
1239.999001	gene 4.7	4142
1239.999001	gene 4A	2538
1239.999001	gene 5	3991
1239.999001	gene 5.3	4290
1239.999001	gene 5.5	4166
1239.999001	gene 5.7	4074
1239.999001	gene 5.9	3986
1239.999001	gene 6	3698
1239.999001	gene 6.3	3936
1239.999001	gene 6.5	5357
1239.999001	gene 6.7	4999
1239.999001	gene 7	5202
1239.999001	gene 7.3	5124
1239.999001	gene 7.7	5346
1239.999001	gene 8	4300
1239.999001	gene 9	8084
1239.999001	gp-2	1656
1239.999001	lysozyme-3.5	2333
1239.999001	protein_kinase-0.7	506
1239.999001	rbs	20263
1239.999001	ribosome	2
1239.999001	rnapol-1	15
1239.999001	rnapol-3.5	375
1244.999008	E. coli B promoter	1
1244.999008	E. coli C promoter	1
1244.999008	E. coli promoter A1	1
1244.999008	E. coli promoter A2	1
1244.999008	E. coli promoter A3	1
1244.999008	T7 promoter phi1.1A	1
1244.999008	T7 promoter phi1.1B	1
1244.999008	T7 promoter phi1.3	1
1244.999008	T7 promoter phi1.5	1
1244.999008	T7 promoter phi1.6	1
1244.999008	T7 promoter phi10	0
1244.999008	T7 promoter phi13	1
1244.999008	T7 promoter phi17	1
1244.999008	T7 promoter phi2.5	1
1244.999008	T7 promoter phi3.8	1
1244.999008	T7 promoter phi4.3	1
1244.999008	T7 promoter phi4.7	1
1244.999008	T7 promoter phi4c	1
1244.999008	T7 promoter phi6.5	1
1244.999008	T7 promoter phi9	1
1244.999008	bound_ecolipol	0
1244.999008	bound_ecolipol_p	934
1244.999008	bound_ribosome	1059
1244.999008	degraded_transcript	53543
1244.999008	ecoli_genome	866
1244.999008	ecoli_transcript	26563
1244.999008	ecolipol	0
1244.999008	ecolipol-2	0
1244.999008	ecolipol-2-p	855
1244.999008	ecolipol-p	11
1244.999008	gene 0.3	664
1244.999008	gene 1.1	1760
1244.999008	gene 1.2	1325
1244.999008	gene 1.3	2137
1244.999008	gene 1.4	1824
1244.999008	gene 1.5	1771
1244.999008	gene 1.6	2193
1244.999008	gene 1.7	2513
1244.999008	gene 1.8	2406
1244.999008	gene 10A	17097
1244.999008	gene 11	2492
1244.999008	gene 12	2116
1244.999008	gene 13	3564
1244.999008	gene 14	3453
1244.999008	gene 15	2872
1244.999008	gene 16	2663
1244.999008	gene 17	3627
1244.999008	gene 17.5	3889
1244.999008	gene 18	3738
1244.999008	gene 18.5	3671
1244.999008	gene 18.7	3593
1244.999008	gene 19	3422
1244.999008	gene 19.2	3525
1244.999008	gene 19.3	3658
1244.999008	gene 19.5	3729
1244.999008	gene 2.5	3200
1244.999008	gene 2.8	2934
1244.999008	gene 3	2714
1244.999008	gene 3.8	3508
1244.999008	gene 4.2	3394
1244.999008	gene 4.3	3824
1244.999008	gene 4.5	4257
1244.999008	gene 4.7	4181
1244.999008	gene 4A	2557
1244.999008	gene 5	4031
1244.999008	gene 5.3	4325
1244.999008	gene 5.5	4199
1244.999008	gene 5.7	4101
1244.999008	gene 5.9	4011
1244.999008	gene 6	3726
1244.999008	gene 6.3	3968
1244.999008	gene 6.5	5404
1244.999008	gene 6.7	5036
1244.999008	gene 7	5254
1244.999008	gene 7.3	5158
1244.999008	gene 7.7	5392
1244.999008	gene 8	4334
1244.999008	gene 9	8151
1244.999008	gp-2	1671
1244.999008	lysozyme-3.5	2352
1244.999008	protein_kinase-0.7	508
1244.999008	rbs	20434
1244.999008	ribosome	0
1244.999008	rnapol-1	7
1244.999008	rnapol-3.5	390
1249.999001	E. coli B promoter	1
1249.999001	E. coli C promoter	1
1249.999001	E. coli promoter A1	1
1249.999001	E. coli promoter A2	1
1249.999001	E. coli promoter A3	1
1249.999001	T7 promoter phi1.1A	1
1249.999001	T7 promoter phi1.1B	1
1249.999001	T7 promoter phi1.3	1
1249.999001	T7 promoter phi1.5	1
1249.999001	T7 promoter phi1.6	1
1249.999001	T7 promoter phi10	0
1249.999001	T7 promoter phi13	1
1249.999001	T7 promoter phi17	1
1249.999001	T7 promoter phi2.5	1
1249.999001	T7 promoter phi3.8	1
1249.999001	T7 promoter phi4.3	1
1249.999001	T7 promoter phi4.7	1
1249.999001	T7 promoter phi4c	0
1249.999001	T7 promoter phi6.5	1
1249.999001	T7 promoter phi9	1
1249.999001	bound_ecolipol	0
1249.999001	bound_ecolipol_p	929
1249.999001	bound_ribosome	1032
1249.999001	degraded_transcript	53813
1249.999001	ecoli_genome	871
1249.999001	ecoli_transcript	26513
1249.999001	ecolipol	0
1249.999001	ecolipol-2	0
1249.999001	ecolipol-2-p	858
1249.999001	ecolipol-p	13
1249.999001	gene 0.3	667
1249.999001	gene 1.1	1769
1249.999001	gene 1.2	1331
1249.999001	gene 1.3	2148
1249.999001	gene 1.4	1837
1249.999001	gene 1.5	1780
1249.999001	gene 1.6	2213
1249.999001	gene 1.7	2531
1249.999001	gene 1.8	2436
1249.999001	gene 10A	17249
1249.999001	gene 11	2513
1249.999001	gene 12	2133
1249.999001	gene 13	3594
1249.999001	gene 14	3482
1249.999001	gene 15	2897
1249.999001	gene 16	2684
1249.999001	gene 17	3668
1249.999001	gene 17.5	3919
1249.999001	gene 18	3775
1249.999001	gene 18.5	3708
1249.999001	gene 18.7	3625
1249.999001	gene 19	3445
1249.999001	gene 19.2	3557
1249.999001	gene 19.3	3687
1249.999001	gene 19.5	3763
1249.999001	gene 2.5	3215
1249.999001	gene 2.8	2951
1249.999001	gene 3	2738
1249.999001	gene 3.8	3537
1249.999001	gene 4.2	3420
1249.999001	gene 4.3	3848
1249.999001	gene 4.5	4295
1249.999001	gene 4.7	4223
1249.999001	gene 4A	2580
1249.999001	gene 5	4062
1249.999001	gene 5.3	4349
1249.999001	gene 5.5	4237
1249.999001	gene 5.7	4131
1249.999001	gene 5.9	4033
1249.999001	gene 6	3756
1249.999001	gene 6.3	4005
1249.999001	gene 6.5	5446
1249.999001	gene 6.7	5083
1249.999001	gene 7	5303
1249.999001	gene 7.3	5206
1249.999001	gene 7.7	5439
1249.999001	gene 8	4371
1249.999001	gene 9	8215
1249.999001	gp-2	1687
1249.999001	lysozyme-3.5	2377
1249.999001	protein_kinase-0.7	510
1249.999001	rbs	20575
1249.999001	ribosome	2
1249.999001	rnapol-1	14
1249.999001	rnapol-3.5	383
1254.999000	E. coli B promoter	1
1254.999000	E. coli C promoter	1
1254.999000	E. coli promoter A1	1
1254.999000	E. coli promoter A2	1
1254.999000	E. coli promoter A3	1
1254.999000	T7 promoter phi1.1A	1
1254.999000	T7 promoter phi1.1B	1
1254.999000	T7 promoter phi1.3	1
1254.999000	T7 promoter phi1.5	1
1254.999000	T7 promoter phi1.6	1
1254.999000	T7 promoter phi10	1
1254.999000	T7 promoter phi13	0
1254.999000	T7 promoter phi17	0
1254.999000	T7 promoter phi2.5	1
1254.999000	T7 promoter phi3.8	1
1254.999000	T7 promoter phi4.3	0
1254.999000	T7 promoter phi4.7	1
1254.999000	T7 promoter phi4c	1
1254.999000	T7 promoter phi6.5	1
1254.999000	T7 promoter phi9	1
1254.999000	bound_ecolipol	0
1254.999000	bound_ecolipol_p	941
1254.999000	bound_ribosome	1019
1254.999000	degraded_transcript	54074
1254.999000	ecoli_genome	859
1254.999000	ecoli_transcript	26446
1254.999000	ecolipol	0
1254.999000	ecolipol-2	0
1254.999000	ecolipol-2-p	850
1254.999000	ecolipol-p	9
1254.999000	gene 0.3	668
1254.999000	gene 1.1	1776
1254.999000	gene 1.2	1338
1254.999000	gene 1.3	2163
1254.999000	gene 1.4	1849
1254.999000	gene 1.5	1791
1254.999000	gene 1.6	2222
1254.999000	gene 1.7	2554
1254.999000	gene 1.8	2454
1254.999000	gene 10A	17380
1254.999000	gene 11	2535
1254.999000	gene 12	2156
1254.999000	gene 13	3621
1254.999000	gene 14	3508
1254.999000	gene 15	2930
1254.999000	gene 16	2706
1254.999000	gene 17	3701
1254.999000	gene 17.5	3954
1254.999000	gene 18	3818
1254.999000	gene 18.5	3740
1254.999000	gene 18.7	3667
1254.999000	gene 19	3479
1254.999000	gene 19.2	3582
1254.999000	gene 19.3	3719
1254.999000	gene 19.5	3794
1254.999000	gene 2.5	3231
1254.999000	gene 2.8	2975
1254.999000	gene 3	2760
1254.999000	gene 3.8	3564
1254.999000	gene 4.2	3433
1254.999000	gene 4.3	3878
1254.999000	gene 4.5	4326
1254.999000	gene 4.7	4243
1254.999000	gene 4A	2602
1254.999000	gene 5	4087
1254.999000	gene 5.3	4379
1254.999000	gene 5.5	4263
1254.999000	gene 5.7	4157
1254.999000	gene 5.9	4069
1254.999000	gene 6	3781
1254.999000	gene 6.3	4044
1254.999000	gene 6.5	5486
1254.999000	gene 6.7	5129
1254.999000	gene 7	5335
1254.999000	gene 7.3	5249
1254.999000	gene 7.7	5474
1254.999000	gene 8	4409
1254.999000	gene 9	8262
1254.999000	gp-2	1712
1254.999000	lysozyme-3.5	2396
1254.999000	protein_kinase-0.7	513
1254.999000	rbs	20728
1254.999000	ribosome	1
1254.999000	rnapol-1	8
1254.999000	rnapol-3.5	397
1259.999002	E. coli B promoter	1
1259.999002	E. coli C promoter	1
1259.999002	E. coli promoter A1	1
1259.999002	E. coli promoter A2	1
1259.999002	E. coli promoter A3	1
1259.999002	T7 promoter phi1.1A	1
1259.999002	T7 promoter phi1.1B	1
1259.999002	T7 promoter phi1.3	1
1259.999002	T7 promoter phi1.5	1
1259.999002	T7 promoter phi1.6	1
1259.999002	T7 promoter phi10	0
1259.999002	T7 promoter phi13	1
1259.999002	T7 promoter phi17	0
1259.999002	T7 promoter phi2.5	0
1259.999002	T7 promoter phi3.8	1
1259.999002	T7 promoter phi4.3	1
1259.999002	T7 promoter phi4.7	1
1259.999002	T7 promoter phi4c	1
1259.999002	T7 promoter phi6.5	1
1259.999002	T7 promoter phi9	1
1259.999002	bound_ecolipol	0
1259.999002	bound_ecolipol_p	926
1259.999002	bound_ribosome	1006
1259.999002	degraded_transcript	54352
1259.999002	ecoli_genome	874
1259.999002	ecoli_transcript	26381
1259.999002	ecolipol	0
1259.999002	ecolipol-2	0
1259.999002	ecolipol-2-p	864
1259.999002	ecolipol-p	10
1259.999002	gene 0.3	672
1259.999002	gene 1.1	1786
1259.999002	gene 1.2	1344
1259.999002	gene 1.3	2182
1259.999002	gene 1.4	1867
1259.999002	gene 1.5	1799
1259.999002	gene 1.6	2235
1259.999002	gene 1.7	2579
1259.999002	gene 1.8	2472
1259.999002	gene 10A	17510
1259.999002	gene 11	2552
1259.999002	gene 12	2176
1259.999002	gene 13	3650
1259.999002	gene 14	3540
1259.999002	gene 15	2963
1259.999002	gene 16	2729
1259.999002	gene 17	3731
1259.999002	gene 17.5	3996
1259.999002	gene 18	3852
1259.999002	gene 18.5	3770
1259.999002	gene 18.7	3692
1259.999002	gene 19	3514
1259.999002	gene 19.2	3617
1259.999002	gene 19.3	3745
1259.999002	gene 19.5	3815
1259.999002	gene 2.5	3253
1259.999002	gene 2.8	3006
1259.999002	gene 3	2777
1259.999002	gene 3.8	3587
1259.999002	gene 4.2	3466
1259.999002	gene 4.3	3908
1259.999002	gene 4.5	4356
1259.999002	gene 4.7	4272
1259.999002	gene 4A	2620
1259.999002	gene 5	4116
1259.999002	gene 5.3	4402
1259.999002	gene 5.5	4305
1259.999002	gene 5.7	4195
1259.999002	gene 5.9	4102
1259.999002	gene 6	3810
1259.999002	gene 6.3	4073
1259.999002	gene 6.5	5523
1259.999002	gene 6.7	5175
1259.999002	gene 7	5381
1259.999002	gene 7.3	5294
1259.999002	gene 7.7	5510
1259.999002	gene 8	4457
1259.999002	gene 9	8329
1259.999002	gp-2	1720
1259.999002	lysozyme-3.5	2432
1259.999002	protein_kinase-0.7	514
1259.999002	rbs	20920
1259.999002	ribosome	0
1259.999002	rnapol-1	14
1259.999002	rnapol-3.5	391
1264.999003	E. coli B promoter	1
1264.999003	E. coli C promoter	1
1264.999003	E. coli promoter A1	1
1264.999003	E. coli promoter A2	1
1264.999003	E. coli promoter A3	1
1264.999003	T7 promoter phi1.1A	1
1264.999003	T7 promoter phi1.1B	1
1264.999003	T7 promoter phi1.3	0
1264.999003	T7 promoter phi1.5	1
1264.999003	T7 promoter phi1.6	1
1264.999003	T7 promoter phi10	1
1264.999003	T7 promoter phi13	1
1264.999003	T7 promoter phi17	1
1264.999003	T7 promoter phi2.5	1
1264.999003	T7 promoter phi3.8	1
1264.999003	T7 promoter phi4.3	0
1264.999003	T7 promoter phi4.7	1
1264.999003	T7 promoter phi4c	1
1264.999003	T7 promoter phi6.5	1
1264.999003	T7 promoter phi9	1
1264.999003	bound_ecolipol	0
1264.999003	bound_ecolipol_p	919
1264.999003	bound_ribosome	1009
1264.999003	degraded_transcript	54629
1264.999003	ecoli_genome	881
1264.999003	ecoli_transcript	26306
1264.999003	ecolipol	0
1264.999003	ecolipol-2	0
1264.999003	ecolipol-2-p	872
1264.999003	ecolipol-p	9
1264.999003	gene 0.3	673
1264.999003	gene 1.1	1797
1264.999003	gene 1.2	1351
1264.999003	gene 1.3	2190
1264.999003	gene 1.4	1879
1264.999003	gene 1.5	1815
1264.999003	gene 1.6	2252
1264.999003	gene 1.7	2606
1264.999003	gene 1.8	2494
1264.999003	gene 10A	17645
1264.999003	gene 11	2575
1264.999003	gene 12	2191
1264.999003	gene 13	3667
1264.999003	gene 14	3571
1264.999003	gene 15	3000
1264.999003	gene 16	2753
1264.999003	gene 17	3769
1264.999003	gene 17.5	4022
1264.999003	gene 18	3881
1264.999003	gene 18.5	3811
1264.999003	gene 18.7	3722
1264.999003	gene 19	3543
1264.999003	gene 19.2	3651
1264.999003	gene 19.3	3786
1264.999003	gene 19.5	3848
1264.999003	gene 2.5	3271
1264.999003	gene 2.8	3021
1264.999003	gene 3	2798
1264.999003	gene 3.8	3607
1264.999003	gene 4.2	3496
1264.999003	gene 4.3	3935
1264.999003	gene 4.5	4396
1264.999003	gene 4.7	4306
1264.999003	gene 4A	2630
1264.999003	gene 5	4152
1264.999003	gene 5.3	4431
1264.999003	gene 5.5	4341
1264.999003	gene 5.7	4236
1264.999003	gene 5.9	4130
1264.999003	gene 6	3835
1264.999003	gene 6.3	4111
1264.999003	gene 6.5	5566
1264.999003	gene 6.7	5222
1264.999003	gene 7	5410
1264.999003	gene 7.3	5348
1264.999003	gene 7.7	5552
1264.999003	gene 8	4491
1264.999003	gene 9	8395
1264.999003	gp-2	1732
1264.999003	lysozyme-3.5	2452
1264.999003	protein_kinase-0.7	515
1264.999003	rbs	21030
1264.999003	ribosome	3
1264.999003	rnapol-1	17
1264.999003	rnapol-3.5	384
1269.999002	E. coli B promoter	1
1269.999002	E. coli C promoter	1
1269.999002	E. coli promoter A1	1
1269.999002	E. coli promoter A2	1
1269.999002	E. coli promoter A3	1
1269.999002	T7 promoter phi1.1A	1
1269.999002	T7 promoter phi1.1B	1
1269.999002	T7 promoter phi1.3	1
1269.999002	T7 promoter phi1.5	0
1269.999002	T7 promoter phi1.6	1
1269.999002	T7 promoter phi10	1
1269.999002	T7 promoter phi13	1
1269.999002	T7 promoter phi17	1
1269.999002	T7 promoter phi2.5	1
1269.999002	T7 promoter phi3.8	1
1269.999002	T7 promoter phi4.3	1
1269.999002	T7 promoter phi4.7	1
1269.999002	T7 promoter phi4c	1
1269.999002	T7 promoter phi6.5	1
1269.999002	T7 promoter phi9	0
1269.999002	bound_ecolipol	0
1269.999002	bound_ecolipol_p	911
1269.999002	bound_ribosome	1007
1269.999002	degraded_transcript	54884
1269.999002	ecoli_genome	889
1269.999002	ecoli_transcript	26234
1269.999002	ecolipol	0
1269.999002	ecolipol-2	0
1269.999002	ecolipol-2-p	874
1269.999002	ecolipol-p	15
1269.999002	gene 0.3	676
1269.999002	gene 1.1	1808
1269.999002	gene 1.2	1355
1269.999002	gene 1.3	2202
1269.999002	gene 1.4	1897
1269.999002	gene 1.5	1820
1269.999002	gene 1.6	2272
1269.999002	gene 1.7	2621
1269.999002	gene 1.8	2518
1269.999002	gene 10A	17782
1269.999002	gene 11	2592
1269.999002	gene 12	2208
1269.999002	gene 13	3693
1269.999002	gene 14	3600
1269.999002	gene 15	3026
1269.999002	gene 16	2782
1269.999002	gene 17	3808
1269.999002	gene 17.5	4056
1269.999002	gene 18	3910
1269.999002	gene 18.5	3849
1269.999002	gene 18.7	3752
1269.999002	gene 19	3573
1269.999002	gene 19.2	3682
1269.999002	gene 19.3	3809
1269.999002	gene 19.5	3878
1269.999002	gene 2.5	3294
1269.999002	gene 2.8	3044
1269.999002	gene 3	2822
1269.999002	gene 3.8	3632
1269.999002	gene 4.2	3523
1269.999002	gene 4.3	3969
1269.999002	gene 4.5	4424
1269.999002	gene 4.7	4343
1269.999002	gene 4A	2662
1269.999002	gene 5	4177
1269.999002	gene 5.3	4461
1269.999002	gene 5.5	4365
1269.999002	gene 5.7	4269
1269.999002	gene 5.9	4162
1269.999002	gene 6	3870
1269.999002	gene 6.3	4142
1269.999002	gene 6.5	5605
1269.999002	gene 6.7	5264
1269.999002	gene 7	5454
1269.999002	gene 7.3	5392
1269.999002	gene 7.7	5589
1269.999002	gene 8	4544
1269.999002	gene 9	8443
1269.999002	gp-2	1751
1269.999002	lysozyme-3.5	2455
1269.999002	protein_kinase-0.7	515
1269.999002	rbs	21230
1269.999002	ribosome	1
1269.999002	rnapol-1	6
1269.999002	rnapol-3.5	390
1274.999005	E. coli B promoter	1
1274.999005	E. coli C promoter	1
1274.999005	E. coli promoter A1	1
1274.999005	E. coli promoter A2	1
1274.999005	E. coli promoter A3	1
1274.999005	T7 promoter phi1.1A	1
1274.999005	T7 promoter phi1.1B	1
1274.999005	T7 promoter phi1.3	1
1274.999005	T7 promoter phi1.5	1
1274.999005	T7 promoter phi1.6	1
1274.999005	T7 promoter phi10	0
1274.999005	T7 promoter phi13	1
1274.999005	T7 promoter phi17	1
1274.999005	T7 promoter phi2.5	1
1274.999005	T7 promoter phi3.8	1
1274.999005	T7 promoter phi4.3	1
1274.999005	T7 promoter phi4.7	1
1274.999005	T7 promoter phi4c	1
1274.999005	T7 promoter phi6.5	1
1274.999005	T7 promoter phi9	1
1274.999005	bound_ecolipol	0
1274.999005	bound_ecolipol_p	899
1274.999005	bound_ribosome	991
1274.999005	degraded_transcript	55152
1274.999005	ecoli_genome	901
1274.999005	ecoli_transcript	26162
1274.999005	ecolipol	0
1274.999005	ecolipol-2	0
1274.999005	ecolipol-2-p	893
1274.999005	ecolipol-p	8
1274.999005	gene 0.3	676
1274.999005	gene 1.1	1821
1274.999005	gene 1.2	1358
1274.999005	gene 1.3	2221
1274.999005	gene 1.4	1909
1274.999005	gene 1.5	1831
1274.999005	gene 1.6	2291
1274.999005	gene 1.7	2637
1274.999005	gene 1.8	2536
1274.999005	gene 10A	17897
1274.999005	gene 11	2620
1274.999005	gene 12	2219
1274.999005	gene 13	3720
1274.999005	gene 14	3640
1274.999005	gene 15	3061
1274.999005	gene 16	2811
1274.999005	gene 17	3843
1274.999005	gene 17.5	4092
1274.999005	gene 18	3953
1274.999005	gene 18.5	3870
1274.999005	gene 18.7	3787
1274.999005	gene 19	3606
1274.999005	gene 19.2	3711
1274.999005	gene 19.3	3844
1274.999005	gene 19.5	3907
1274.999005	gene 2.5	3323
1274.999005	gene 2.8	3064
1274.999005	gene 3	2845
1274.999005	gene 3.8	3672
1274.999005	gene 4.2	3549
1274.999005	gene 4.3	3989
1274.999005	gene 4.5	4449
1274.999005	gene 4.7	4385
1274.999005	gene 4A	2679
1274.999005	gene 5	4216
1274.999005	gene 5.3	4492
1274.999005	gene 5.5	4397
1274.999005	gene 5.7	4305
1274.999005	gene 5.9	4187
1274.999005	gene 6	3908
1274.999005	gene 6.3	4179
1274.999005	gene 6.5	5637
1274.999005	gene 6.7	5316
1274.999005	gene 7	5494
1274.999005	gene 7.3	5434
1274.999005	gene 7.7	5629
1274.999005	gene 8	4590
1274.999005	gene 9	8515
1274.999005	gp-2	1759
1274.999005	lysozyme-3.5	2485
1274.999005	protein_kinase-0.7	516
1274.999005	rbs	21384
1274.999005	ribosome	6
1274.999005	rnapol-1	10
1274.999005	rnapol-3.5	390
1279.999001	E. coli B promoter	1
1279.999001	E. coli C promoter	1
1279.999001	E. coli promoter A1	1
1279.999001	E. coli promoter A2	1
1279.999001	E. coli promoter A3	1
1279.999001	T7 promoter phi1.1A	1
1279.999001	T7 promoter phi1.1B	1
1279.999001	T7 promoter phi1.3	1
1279.999001	T7 promoter phi1.5	1
1279.999001	T7 promoter phi1.6	1
1279.999001	T7 promoter phi10	1
1279.999001	T7 promoter phi13	0
1279.999001	T7 promoter phi17	0
1279.999001	T7 promoter phi2.5	1
1279.999001	T7 promoter phi3.8	1
1279.999001	T7 promoter phi4.3	1
1279.999001	T7 promoter phi4.7	1
1279.999001	T7 promoter phi4c	1
1279.999001	T7 promoter phi6.5	1
1279.999001	T7 promoter phi9	0
1279.999001	bound_ecolipol	0
1279.999001	bound_ecolipol_p	922
1279.999001	bound_ribosome	1005
1279.999001	degraded_transcript	55400
1279.999001	ecoli_genome	878
1279.999001	ecoli_transcript	26060
1279.999001	ecolipol	0
1279.999001	ecolipol-2	0
1279.999001	ecolipol-2-p	867
1279.999001	ecolipol-p	11
1279.999001	gene 0.3	677
1279.999001	gene 1.1	1831
1279.999001	gene 1.2	1365
1279.999001	gene 1.3	2238
1279.999001	gene 1.4	1921
1279.999001	gene 1.5	1844
1279.999001	gene 1.6	2308
1279.999001	gene 1.7	2656
1279.999001	gene 1.8	2553
1279.999001	gene 10A	18057
1279.999001	gene 11	2637
1279.999001	gene 12	2238
1279.999001	gene 13	3748
1279.999001	gene 14	3679
1279.999001	gene 15	3085
1279.999001	gene 16	2845
1279.999001	gene 17	3888
1279.999001	gene 17.5	4119
1279.999001	gene 18	3985
1279.999001	gene 18.5	3901
1279.999001	gene 18.7	3811
1279.999001	gene 19	3641
1279.999001	gene 19.2	3750
1279.999001	gene 19.3	3874
1279.999001	gene 19.5	3942
1279.999001	gene 2.5	3351
1279.999001	gene 2.8	3084
1279.999001	gene 3	2866
1279.999001	gene 3.8	3700
1279.999001	gene 4.2	3574
1279.999001	gene 4.3	4025
1279.999001	gene 4.5	4481
1279.999001	gene 4.7	4419
1279.999001	gene 4A	2706
1279.999001	gene 5	4246
1279.999001	gene 5.3	4526
1279.999001	gene 5.5	4428
1279.999001	gene 5.7	4330
1279.999001	gene 5.9	4221
1279.999001	gene 6	3933
1279.999001	gene 6.3	4208
1279.999001	gene 6.5	5680
1279.999001	gene 6.7	5358
1279.999001	gene 7	5533
1279.999001	gene 7.3	5472
1279.999001	gene 7.7	5676
1279.999001	gene 8	4620
1279.999001	gene 9	8574
1279.999001	gp-2	1803
1279.999001	lysozyme-3.5	2490
1279.999001	protein_kinase-0.7	517
1279.999001	rbs	21566
1279.999001	ribosome	1
1279.999001	rnapol-1	6
1279.999001	rnapol-3.5	392
1284.999001	E. coli B promoter	1
1284.999001	E. coli C promoter	1
1284.999001	E. coli promoter A1	1
1284.999001	E. coli promoter A2	1
1284.999001	E. coli promoter A3	1
1284.999001	T7 promoter phi1.1A	1
1284.999001	T7 promoter phi1.1B	1
1284.999001	T7 promoter phi1.3	1
1284.999001	T7 promoter phi1.5	1
1284.999001	T7 promoter phi1.6	1
1284.999001	T7 promoter phi10	0
1284.999001	T7 promoter phi13	1
1284.999001	T7 promoter phi17	0
1284.999001	T7 promoter phi2.5	1
1284.999001	T7 promoter phi3.8	0
1284.999001	T7 promoter phi4.3	1
1284.999001	T7 promoter phi4.7	1
1284.999001	T7 promoter phi4c	1
1284.999001	T7 promoter phi6.5	1
1284.999001	T7 promoter phi9	1
1284.999001	bound_ecolipol	0
1284.999001	bound_ecolipol_p	916
1284.999001	bound_ribosome	971
1284.999001	degraded_transcript	55651
1284.999001	ecoli_genome	884
1284.999001	ecoli_transcript	26024
1284.999001	ecolipol	0
1284.999001	ecolipol-2	0
1284.999001	ecolipol-2-p	870
1284.999001	ecolipol-p	14
1284.999001	gene 0.3	679
1284.999001	gene 1.1	1845
1284.999001	gene 1.2	1368
1284.999001	gene 1.3	2254
1284.999001	gene 1.4	1935
1284.999001	gene 1.5	1857
1284.999001	gene 1.6	2323
1284.999001	gene 1.7	2683
1284.999001	gene 1.8	2565
1284.999001	gene 10A	18192
1284.999001	gene 11	2653
1284.999001	gene 12	2254
1284.999001	gene 13	3784
1284.999001	gene 14	3709
1284.999001	gene 15	3122
1284.999001	gene 16	2865
1284.999001	gene 17	3922
1284.999001	gene 17.5	4154
1284.999001	gene 18	4018
1284.999001	gene 18.5	3940
1284.999001	gene 18.7	3842
1284.999001	gene 19	3671
1284.999001	gene 19.2	3782
1284.999001	gene 19.3	3908
1284.999001	gene 19.5	3977
1284.999001	gene 2.5	3374
1284.999001	gene 2.8	3102
1284.999001	gene 3	2882
1284.999001	gene 3.8	3726
1284.999001	gene 4.2	3612
1284.999001	gene 4.3	4059
1284.999001	gene 4.5	4516
1284.999001	gene 4.7	4450
1284.999001	gene 4A	2734
1284.999001	gene 5	4277
1284.999001	gene 5.3	4563
1284.999001	gene 5.5	4471
1284.999001	gene 5.7	4360
1284.999001	gene 5.9	4251
1284.999001	gene 6	3971
1284.999001	gene 6.3	4244
1284.999001	gene 6.5	5707
1284.999001	gene 6.7	5388
1284.999001	gene 7	5570
1284.999001	gene 7.3	5515
1284.999001	gene 7.7	5714
1284.999001	gene 8	4665
1284.999001	gene 9	8653
1284.999001	gp-2	1820
1284.999001	lysozyme-3.5	2512
1284.999001	protein_kinase-0.7	518
1284.999001	rbs	21716
1284.999001	ribosome	1
1284.999001	rnapol-1	7
1284.999001	rnapol-3.5	397
1289.999002	E. coli B promoter	1
1289.999002	E. coli C promoter	1
1289.999002	E. coli promoter A1	1
1289.999002	E. coli promoter A2	1
1289.999002	E. coli promoter A3	1
1289.999002	T7 promoter phi1.1A	1
1289.999002	T7 promoter phi1.1B	1
1289.999002	T7 promoter phi1.3	1
1289.999002	T7 promoter phi1.5	1
1289.999002	T7 promoter phi1.6	1
1289.999002	T7 promoter phi10	0
1289.999002	T7 promoter phi13	1
1289.999002	T7 promoter phi17	1
1289.999002	T7 promoter phi2.5	1
1289.999002	T7 promoter phi3.8	1
1289.999002	T7 promoter phi4.3	1
1289.999002	T7 promoter phi4.7	1
1289.999002	T7 promoter phi4c	1
1289.999002	T7 promoter phi6.5	1
1289.999002	T7 promoter phi9	0
1289.999002	bound_ecolipol	0
1289.999002	bound_ecolipol_p	913
1289.999002	bound_ribosome	969
1289.999002	degraded_transcript	55904
1289.999002	ecoli_genome	887
1289.999002	ecoli_transcript	25958
1289.999002	ecolipol	0
1289.999002	ecolipol-2	0
1289.999002	ecolipol-2-p	870
1289.999002	ecolipol-p	17
1289.999002	gene 0.3	680
1289.999002	gene 1.1	1854
1289.999002	gene 1.2	1374
1289.999002	gene 1.3	2267
1289.999002	gene 1.4	1945
1289.999002	gene 1.5	1868
1289.999002	gene 1.6	2343
1289.999002	gene 1.7	2701
1289.999002	gene 1.8	2588
1289.999002	gene 10A	18320
1289.999002	gene 11	2671
1289.999002	gene 12	2281
1289.999002	gene 13	3817
1289.999002	gene 14	3744
1289.999002	gene 15	3149
1289.999002	gene 16	2893
1289.999002	gene 17	3950
1289.999002	gene 17.5	4184
1289.999002	gene 18	4043
1289.999002	gene 18.5	3979
1289.999002	gene 18.7	3882
1289.999002	gene 19	3706
1289.999002	gene 19.2	3820
1289.999002	gene 19.3	3931
1289.999002	gene 19.5	4012
1289.999002	gene 2.5	3400
1289.999002	gene 2.8	3121
1289.999002	gene 3	2911
1289.999002	gene 3.8	3750
1289.999002	gene 4.2	3636
1289.999002	gene 4.3	4086
1289.999002	gene 4.5	4557
1289.999002	gene 4.7	4489
1289.999002	gene 4A	2764
1289.999002	gene 5	4317
1289.999002	gene 5.3	4593
1289.999002	gene 5.5	4502
1289.999002	gene 5.7	4389
1289.999002	gene 5.9	4275
1289.999002	gene 6	4006
1289.999002	gene 6.3	4284
1289.999002	gene 6.5	5752
1289.999002	gene 6.7	5434
1289.999002	gene 7	5614
1289.999002	gene 7.3	5557
1289.999002	gene 7.7	5762
1289.999002	gene 8	4709
1289.999002	gene 9	8720
1289.999002	gp-2	1842
1289.999002	lysozyme-3.5	2534
1289.999002	protein_kinase-0.7	519
1289.999002	rbs	21880
1289.999002	ribosome	1
1289.999002	rnapol-1	5
1289.999002	rnapol-3.5	395
1294.999004	E. coli B promoter	1
1294.999004	E. coli C promoter	1
1294.999004	E. coli promoter A1	1
1294.999004	E. coli promoter A2	1
1294.999004	E. coli promoter A3	1
1294.999004	T7 promoter phi1.1A	1
1294.999004	T7 promoter phi1.1B	1
1294.999004	T7 promoter phi1.3	1
1294.999004	T7 promoter phi1.5	1
1294.999004	T7 promoter phi1.6	1
1294.999004	T7 promoter phi10	0
1294.999004	T7 promoter phi13	1
1294.999004	T7 promoter phi17	1
1294.999004	T7 promoter phi2.5	1
1294.999004	T7 promoter phi3.8	1
1294.999004	T7 promoter phi4.3	0
1294.999004	T7 promoter phi4.7	1
1294.999004	T7 promoter phi4c	0
1294.999004	T7 promoter phi6.5	1
1294.999004	T7 promoter phi9	1
1294.999004	bound_ecolipol	0
1294.999004	bound_ecolipol_p	901
1294.999004	bound_ribosome	940
1294.999004	degraded_transcript	56182
1294.999004	ecoli_genome	899
1294.999004	ecoli_transcript	25904
1294.999004	ecolipol	0
1294.999004	ecolipol-2	0
1294.999004	ecolipol-2-p	883
1294.999004	ecolipol-p	16
1294.999004	gene 0.3	681
1294.999004	gene 1.1	1864
1294.999004	gene 1.2	1384
1294.999004	gene 1.3	2276
1294.999004	gene 1.4	1958
1294.999004	gene 1.5	1882
1294.999004	gene 1.6	2365
1294.999004	gene 1.7	2717
1294.999004	gene 1.8	2610
1294.999004	gene 10A	18450
1294.999004	gene 11	2693
1294.999004	gene 12	2296
1294.999004	gene 13	3844
1294.999004	gene 14	3774
1294.999004	gene 15	3171
1294.999004	gene 16	2912
1294.999004	gene 17	3982
1294.999004	gene 17.5	4218
1294.999004	gene 18	4079
1294.999004	gene 18.5	4013
1294.999004	gene 18.7	3909
1294.999004	gene 19	3738
1294.999004	gene 19.2	3851
1294.999004	gene 19.3	3960
1294.999004	gene 19.5	4037
1294.999004	gene 2.5	3424
1294.999004	gene 2.8	3139
1294.999004	gene 3	2935
1294.999004	gene 3.8	3773
1294.999004	gene 4.2	3656
1294.999004	gene 4.3	4108
1294.999004	gene 4.5	4602
1294.999004	gene 4.7	4517
1294.999004	gene 4A	2790
1294.999004	gene 5	4358
1294.999004	gene 5.3	4627
1294.999004	gene 5.5	4545
1294.999004	gene 5.7	4422
1294.999004	gene 5.9	4294
1294.999004	gene 6	4028
1294.999004	gene 6.3	4317
1294.999004	gene 6.5	5791
1294.999004	gene 6.7	5475
1294.999004	gene 7	5647
1294.999004	gene 7.3	5602
1294.999004	gene 7.7	5797
1294.999004	gene 8	4742
1294.999004	gene 9	8778
1294.999004	gp-2	1848
1294.999004	lysozyme-3.5	2558
1294.999004	protein_kinase-0.7	519
1294.999004	rbs	22004
1294.999004	ribosome	1
1294.999004	rnapol-1	11
1294.999004	rnapol-3.5	401
1299.999001	E. coli B promoter	1
1299.999001	E. coli C promoter	1
1299.999001	E. coli promoter A1	1
1299.999001	E. coli promoter A2	1
1299.999001	E. coli promoter A3	1
1299.999001	T7 promoter phi1.1A	1
1299.999001	T7 promoter phi1.1B	1
1299.999001	T7 promoter phi1.3	1
1299.999001	T7 promoter phi1.5	1
1299.999001	T7 promoter phi1.6	1
1299.999001	T7 promoter phi10	0
1299.999001	T7 promoter phi13	1
1299.999001	T7 promoter phi17	1
1299.999001	T7 promoter phi2.5	1
1299.999001	T7 promoter phi3.8	1
1299.999001	T7 promoter phi4.3	1
1299.999001	T7 promoter phi4.7	1
1299.999001	T7 promoter phi4c	1
1299.999001	T7 promoter phi6.5	1
1299.999001	T7 promoter phi9	1
1299.999001	bound_ecolipol	0
1299.999001	bound_ecolipol_p	897
1299.999001	bound_ribosome	931
1299.999001	degraded_transcript	56424
1299.999001	ecoli_genome	903
1299.999001	ecoli_transcript	25863
1299.999001	ecolipol	0
1299.999001	ecolipol-2	0
1299.999001	ecolipol-2-p	897
1299.999001	ecolipol-p	6
1299.999001	gene 0.3	681
1299.999001	gene 1.1	1877
1299.999001	gene 1.2	1390
1299.999001	gene 1.3	2288
1299.999001	gene 1.4	1966
1299.999001	gene 1.5	1894
1299.999001	gene 1.6	2384
1299.999001	gene 1.7	2738
1299.999001	gene 1.8	2626
1299.999001	gene 10A	18570
1299.999001	gene 11	2716
1299.999001	gene 12	2317
1299.999001	gene 13	3880
1299.999001	gene 14	3803
1299.999001	gene 15	3198
1299.999001	gene 16	2936
1299.999001	gene 17	4002
1299.999001	gene 17.5	4260
1299.999001	gene 18	4109
1299.999001	gene 18.5	4043
1299.999001	gene 18.7	3944
1299.999001	gene 19	3786
1299.999001	gene 19.2	3887
1299.999001	gene 19.3	3993
1299.999001	gene 19.5	4077
1299.999001	gene 2.5	3440
1299.999001	gene 2.8	3158
1299.999001	gene 3	2953
1299.999001	gene 3.8	3805
1299.999001	gene 4.2	3683
1299.999001	gene 4.3	4140
1299.999001	gene 4.5	4629
1299.999001	gene 4.7	4540
1299.999001	gene 4A	2813
1299.999001	gene 5	4385
1299.999001	gene 5.3	4659
1299.999001	gene 5.5	4579
1299.999001	gene 5.7	4453
1299.999001	gene 5.9	4322
1299.999001	gene 6	4056
1299.999001	gene 6.3	4356
1299.999001	gene 6.5	5849
1299.999001	gene 6.7	5508
1299.999001	gene 7	5693
1299.999001	gene 7.3	5651
1299.999001	gene 7.7	5838
1299.999001	gene 8	4770
1299.999001	gene 9	8842
1299.999001	gp-2	1849
1299.999001	lysozyme-3.5	2592
1299.999001	protein_kinase-0.7	519
1299.999001	rbs	22222
1299.999001	ribosome	0
1299.999001	rnapol-1	14
1299.999001	rnapol-3.5	394
1304.999020	E. coli B promoter	1
1304.999020	E. coli C promoter	1
1304.999020	E. coli promoter A1	1
1304.999020	E. coli promoter A2	1
1304.999020	E. coli promoter A3	1
1304.999020	T7 promoter phi1.1A	1
1304.999020	T7 promoter phi1.1B	1
1304.999020	T7 promoter phi1.3	1
1304.999020	T7 promoter phi1.5	1
1304.999020	T7 promoter phi1.6	1
1304.999020	T7 promoter phi10	0
1304.999020	T7 promoter phi13	1
1304.999020	T7 promoter phi17	1
1304.999020	T7 promoter phi2.5	1
1304.999020	T7 promoter phi3.8	1
1304.999020	T7 promoter phi4.3	1
1304.999020	T7 promoter phi4.7	0
1304.999020	T7 promoter phi4c	1
1304.999020	T7 promoter phi6.5	1
1304.999020	T7 promoter phi9	1
1304.999020	bound_ecolipol	0
1304.999020	bound_ecolipol_p	898
1304.999020	bound_ribosome	913
1304.999020	degraded_transcript	56661
1304.999020	ecoli_genome	902
1304.999020	ecoli_transcript	25822
1304.999020	ecolipol	0
1304.999020	ecolipol-2	0
1304.999020	ecolipol-2-p	889
1304.999020	ecolipol-p	13
1304.999020	gene 0.3	682
1304.999020	gene 1.1	1888
1304.999020	gene 1.2	1398
1304.999020	gene 1.3	2298
1304.999020	gene 1.4	1980
1304.999020	gene 1.5	1909
1304.999020	gene 1.6	2398
1304.999020	gene 1.7	2750
1304.999020	gene 1.8	2647
1304.999020	gene 10A	18689
1304.999020	gene 11	2744
1304.999020	gene 12	2338
1304.999020	gene 13	3911
1304.999020	gene 14	3832
1304.999020	gene 15	3229
1304.999020	gene 16	2965
1304.999020	gene 17	4043
1304.999020	gene 17.5	4298
1304.999020	gene 18	4133
1304.999020	gene 18.5	4090
1304.999020	gene 18.7	3982
1304.999020	gene 19	3814
1304.999020	gene 19.2	3922
1304.999020	gene 19.3	4023
1304.999020	gene 19.5	4116
1304.999020	gene 2.5	3466
1304.999020	gene 2.8	3181
1304.999020	gene 3	2980
1304.999020	gene 3.8	3831
1304.999020	gene 4.2	3705
1304.999020	gene 4.3	4165
1304.999020	gene 4.5	4664
1304.999020	gene 4.7	4579
1304.999020	gene 4A	2843
1304.999020	gene 5	4411
1304.999020	gene 5.3	4694
1304.999020	gene 5.5	4603
1304.999020	gene 5.7	4489
1304.999020	gene 5.9	4355
1304.999020	gene 6	4081
1304.999020	gene 6.3	4386
1304.999020	gene 6.5	5886
1304.999020	gene 6.7	5541
1304.999020	gene 7	5737
1304.999020	gene 7.3	5699
1304.999020	gene 7.7	5887
1304.999020	gene 8	4808
1304.999020	gene 9	8905
1304.999020	gp-2	1874
1304.999020	lysozyme-3.5	2611
1304.999020	protein_kinase-0.7	519
1304.999020	rbs	22348
1304.999020	ribosome	1
1304.999020	rnapol-1	12
1304.999020	rnapol-3.5	401
1309.999001	E. coli B promoter	1
1309.999001	E. coli C promoter	1
1309.999001	E. coli promoter A1	1
1309.999001	E. coli promoter A2	1
1309.999001	E. coli promoter A3	1
1309.999001	T7 promoter phi1.1A	1
1309.999001	T7 promoter phi1.1B	1
1309.999001	T7 promoter phi1.3	1
1309.999001	T7 promoter phi1.5	1
1309.999001	T7 promoter phi1.6	1
1309.999001	T7 promoter phi10	0
1309.999001	T7 promoter phi13	1
1309.999001	T7 promoter phi17	0
1309.999001	T7 promoter phi2.5	1
1309.999001	T7 promoter phi3.8	1
1309.999001	T7 promoter phi4.3	1
1309.999001	T7 promoter phi4.7	1
1309.999001	T7 promoter phi4c	1
1309.999001	T7 promoter phi6.5	1
1309.999001	T7 promoter phi9	1
1309.999001	bound_ecolipol	0
1309.999001	bound_ecolipol_p	894
1309.999001	bound_ribosome	876
1309.999001	degraded_transcript	56883
1309.999001	ecoli_genome	906
1309.999001	ecoli_transcript	25805
1309.999001	ecolipol	0
1309.999001	ecolipol-2	0
1309.999001	ecolipol-2-p	899
1309.999001	ecolipol-p	7
1309.999001	gene 0.3	683
1309.999001	gene 1.1	1905
1309.999001	gene 1.2	1405
1309.999001	gene 1.3	2314
1309.999001	gene 1.4	1990
1309.999001	gene 1.5	1926
1309.999001	gene 1.6	2415
1309.999001	gene 1.7	2775
1309.999001	gene 1.8	2670
1309.999001	gene 10A	18819
1309.999001	gene 11	2767
1309.999001	gene 12	2354
1309.999001	gene 13	3937
1309.999001	gene 14	3855
1309.999001	gene 15	3259
1309.999001	gene 16	2986
1309.999001	gene 17	4075
1309.999001	gene 17.5	4334
1309.999001	gene 18	4168
1309.999001	gene 18.5	4123
1309.999001	gene 18.7	4015
1309.999001	gene 19	3840
1309.999001	gene 19.2	3942
1309.999001	gene 19.3	4047
1309.999001	gene 19.5	4149
1309.999001	gene 2.5	3490
1309.999001	gene 2.8	3197
1309.999001	gene 3	3006
1309.999001	gene 3.8	3853
1309.999001	gene 4.2	3729
1309.999001	gene 4.3	4192
1309.999001	gene 4.5	4694
1309.999001	gene 4.7	4617
1309.999001	gene 4A	2875
1309.999001	gene 5	4449
1309.999001	gene 5.3	4727
1309.999001	gene 5.5	4625
1309.999001	gene 5.7	4522
1309.999001	gene 5.9	4387
1309.999001	gene 6	4114
1309.999001	gene 6.3	4423
1309.999001	gene 6.5	5927
1309.999001	gene 6.7	5579
1309.999001	gene 7	5775
1309.999001	gene 7.3	5744
1309.999001	gene 7.7	5916
1309.999001	gene 8	4857
1309.999001	gene 9	8963
1309.999001	gp-2	1879
1309.999001	lysozyme-3.5	2633
1309.999001	protein_kinase-0.7	520
1309.999001	rbs	22550
1309.999001	ribosome	0
1309.999001	rnapol-1	6
1309.999001	rnapol-3.5	399
1314.999000	E. coli B promoter	1
1314.999000	E. coli C promoter	1
1314.999000	E. coli promoter A1	1
1314.999000	E. coli promoter A2	1
1314.999000	E. coli promoter A3	1
1314.999000	T7 promoter phi1.1A	1
1314.999000	T7 promoter phi1.1B	1
1314.999000	T7 promoter phi1.3	1
1314.999000	T7 promoter phi1.5	1
1314.999000	T7 promoter phi1.6	1
1314.999000	T7 promoter phi10	1
1314.999000	T7 promoter phi13	1
1314.999000	T7 promoter phi17	1
1314.999000	T7 promoter phi2.5	1
1314.999000	T7 promoter phi3.8	1
1314.999000	T7 promoter phi4.3	1
1314.999000	T7 promoter phi4.7	1
1314.999000	T7 promoter phi4c	1
1314.999000	T7 promoter phi6.5	1
1314.999000	T7 promoter phi9	1
1314.999000	bound_ecolipol	0
1314.999000	bound_ecolipol_p	892
1314.999000	bound_ribosome	863
1314.999000	degraded_transcript	57125
1314.999000	ecoli_genome	908
1314.999000	ecoli_transcript	25757
1314.999000	ecolipol	0
1314.999000	ecolipol-2	0
1314.999000	ecolipol-2-p	896
1314.999000	ecolipol-p	12
1314.999000	gene 0.3	684
1314.999000	gene 1.1	1911
1314.999000	gene 1.2	1410
1314.999000	gene 1.3	2328
1314.999000	gene 1.4	1996
1314.999000	gene 1.5	1935
1314.999000	gene 1.6	2429
1314.999000	gene 1.7	2801
1314.999000	gene 1.8	2691
1314.999000	gene 10A	18952
1314.999000	gene 11	2787
1314.999000	gene 12	2379
1314.999000	gene 13	3969
1314.999000	gene 14	3885
1314.999000	gene 15	3283
1314.999000	gene 16	3024
1314.999000	gene 17	4110
1314.999000	gene 17.5	4363
1314.999000	gene 18	4213
1314.999000	gene 18.5	4157
1314.999000	gene 18.7	4040
1314.999000	gene 19	3865
1314.999000	gene 19.2	3961
1314.999000	gene 19.3	4079
1314.999000	gene 19.5	4183
1314.999000	gene 2.5	3511
1314.999000	gene 2.8	3216
1314.999000	gene 3	3027
1314.999000	gene 3.8	3877
1314.999000	gene 4.2	3751
1314.999000	gene 4.3	4211
1314.999000	gene 4.5	4725
1314.999000	gene 4.7	4649
1314.999000	gene 4A	2898
1314.999000	gene 5	4487
1314.999000	gene 5.3	4762
1314.999000	gene 5.5	4655
1314.999000	gene 5.7	4557
1314.999000	gene 5.9	4415
1314.999000	gene 6	4148
1314.999000	gene 6.3	4455
1314.999000	gene 6.5	5967
1314.999000	gene 6.7	5623
1314.999000	gene 7	5821
1314.999000	gene 7.3	5798
1314.999000	gene 7.7	5956
1314.999000	gene 8	4900
1314.999000	gene 9	9034
1314.999000	gp-2	1894
1314.999000	lysozyme-3.5	2655
1314.999000	protein_kinase-0.7	521
1314.999000	rbs	22647
1314.999000	ribosome	0
1314.999000	rnapol-1	9
1314.999000	rnapol-3.5	404
1319.999003	E. coli B promoter	1
1319.999003	E. coli C promoter	1
1319.999003	E. coli promoter A1	1
1319.999003	E. coli promoter A2	1
1319.999003	E. coli promoter A3	1
1319.999003	T7 promoter phi1.1A	1
1319.999003	T7 promoter phi1.1B	1
1319.999003	T7 promoter phi1.3	1
1319.999003	T7 promoter phi1.5	1
1319.999003	T7 promoter phi1.6	1
1319.999003	T7 promoter phi10	0
1319.999003	T7 promoter phi13	1
1319.999003	T7 promoter phi17	1
1319.999003	T7 promoter phi2.5	1
1319.999003	T7 promoter phi3.8	1
1319.999003	T7 promoter phi4.3	1
1319.999003	T7 promoter phi4.7	1
1319.999003	T7 promoter phi4c	1
1319.999003	T7 promoter phi6.5	1
1319.999003	T7 promoter phi9	1
1319.999003	bound_ecolipol	0
1319.999003	bound_ecolipol_p	895
1319.999003	bound_ribosome	859
1319.999003	degraded_transcript	57372
1319.999003	ecoli_genome	905
1319.999003	ecoli_transcript	25689
1319.999003	ecolipol	0
1319.999003	ecolipol-2	0
1319.999003	ecolipol-2-p	901
1319.999003	ecolipol-p	4
1319.999003	gene 0.3	687
1319.999003	gene 1.1	1919
1319.999003	gene 1.2	1416
1319.999003	gene 1.3	2343
1319.999003	gene 1.4	2004
1319.999003	gene 1.5	1946
1319.999003	gene 1.6	2458
1319.999003	gene 1.7	2818
1319.999003	gene 1.8	2711
1319.999003	gene 10A	19086
1319.999003	gene 11	2805
1319.999003	gene 12	2398
1319.999003	gene 13	4001
1319.999003	gene 14	3915
1319.999003	gene 15	3325
1319.999003	gene 16	3050
1319.999003	gene 17	4147
1319.999003	gene 17.5	4390
1319.999003	gene 18	4250
1319.999003	gene 18.5	4189
1319.999003	gene 18.7	4078
1319.999003	gene 19	3891
1319.999003	gene 19.2	3985
1319.999003	gene 19.3	4109
1319.999003	gene 19.5	4218
1319.999003	gene 2.5	3531
1319.999003	gene 2.8	3236
1319.999003	gene 3	3055
1319.999003	gene 3.8	3904
1319.999003	gene 4.2	3784
1319.999003	gene 4.3	4231
1319.999003	gene 4.5	4759
1319.999003	gene 4.7	4685
1319.999003	gene 4A	2926
1319.999003	gene 5	4529
1319.999003	gene 5.3	4787
1319.999003	gene 5.5	4689
1319.999003	gene 5.7	4587
1319.999003	gene 5.9	4453
1319.999003	gene 6	4188
1319.999003	gene 6.3	4483
1319.999003	gene 6.5	6015
1319.999003	gene 6.7	5667
1319.999003	gene 7	5856
1319.999003	gene 7.3	5836
1319.999003	gene 7.7	6002
1319.999003	gene 8	4948
1319.999003	gene 9	9092
1319.999003	gp-2	1908
1319.999003	lysozyme-3.5	2686
1319.999003	protein_kinase-0.7	524
1319.999003	rbs	22832
1319.999003	ribosome	0
1319.999003	rnapol-1	15
1319.999003	rnapol-3.5	404
1324.999000	E. coli B promoter	1
1324.999000	E. coli C promoter	1
1324.999000	E. coli promoter A1	1
1324.999000	E. coli promoter A2	1
1324.999000	E. coli promoter A3	1
1324.999000	T7 promoter phi1.1A	1
1324.999000	T7 promoter phi1.1B	1
1324.999000	T7 promoter phi1.3	1
1324.999000	T7 promoter phi1.5	1
1324.999000	T7 promoter phi1.6	1
1324.999000	T7 promoter phi10	1
1324.999000	T7 promoter phi13	1
1324.999000	T7 promoter phi17	0
1324.999000	T7 promoter phi2.5	1
1324.999000	T7 promoter phi3.8	1
1324.999000	T7 promoter phi4.3	0
1324.999000	T7 promoter phi4.7	1
1324.999000	T7 promoter phi4c	1
1324.999000	T7 promoter phi6.5	0
1324.999000	T7 promoter phi9	1
1324.999000	bound_ecolipol	0
1324.999000	bound_ecolipol_p	869
1324.999000	bound_ribosome	871
1324.999000	degraded_transcript	57616
1324.999000	ecoli_genome	931
1324.999000	ecoli_transcript	25622
1324.999000	ecolipol	0
1324.999000	ecolipol-2	0
1324.999000	ecolipol-2-p	918
1324.999000	ecolipol-p	13
1324.999000	gene 0.3	688
1324.999000	gene 1.1	1932
1324.999000	gene 1.2	1423
1324.999000	gene 1.3	2356
1324.999000	gene 1.4	2020
1324.999000	gene 1.5	1955
1324.999000	gene 1.6	2479
1324.999000	gene 1.7	2829
1324.999000	gene 1.8	2724
1324.999000	gene 10A	19215
1324.999000	gene 11	2818
1324.999000	gene 12	2429
1324.999000	gene 13	4037
1324.999000	gene 14	3945
1324.999000	gene 15	3348
1324.999000	gene 16	3079
1324.999000	gene 17	4178
1324.999000	gene 17.5	4426
1324.999000	gene 18	4276
1324.999000	gene 18.5	4223
1324.999000	gene 18.7	4114
1324.999000	gene 19	3934
1324.999000	gene 19.2	4016
1324.999000	gene 19.3	4140
1324.999000	gene 19.5	4250
1324.999000	gene 2.5	3561
1324.999000	gene 2.8	3261
1324.999000	gene 3	3080
1324.999000	gene 3.8	3930
1324.999000	gene 4.2	3820
1324.999000	gene 4.3	4273
1324.999000	gene 4.5	4787
1324.999000	gene 4.7	4729
1324.999000	gene 4A	2955
1324.999000	gene 5	4558
1324.999000	gene 5.3	4817
1324.999000	gene 5.5	4718
1324.999000	gene 5.7	4623
1324.999000	gene 5.9	4482
1324.999000	gene 6	4216
1324.999000	gene 6.3	4518
1324.999000	gene 6.5	6052
1324.999000	gene 6.7	5710
1324.999000	gene 7	5892
1324.999000	gene 7.3	5884
1324.999000	gene 7.7	6041
1324.999000	gene 8	4990
1324.999000	gene 9	9169
1324.999000	gp-2	1911
1324.999000	lysozyme-3.5	2706
1324.999000	protein_kinase-0.7	524
1324.999000	rbs	23000
1324.999000	ribosome	0
1324.999000	rnapol-1	10
1324.999000	rnapol-3.5	404
1329.999008	E. coli B promoter	1
1329.999008	E. coli C promoter	1
1329.999008	E. coli promoter A1	1
1329.999008	E. coli promoter A2	1
1329.999008	E. coli promoter A3	1
1329.999008	T7 promoter phi1.1A	1
1329.999008	T7 promoter phi1.1B	1
1329.999008	T7 promoter phi1.3	1
1329.999008	T7 promoter phi1.5	1
1329.999008	T7 promoter phi1.6	1
1329.999008	T7 promoter phi10	1
1329.999008	T7 promoter phi13	1
1329.999008	T7 promoter phi17	1
1329.999008	T7 promoter phi2.5	1
1329.999008	T7 promoter phi3.8	1
1329.999008	T7 promoter phi4.3	1
1329.999008	T7 promoter phi4.7	1
1329.999008	T7 promoter phi4c	1
1329.999008	T7 promoter phi6.5	1
1329.999008	T7 promoter phi9	1
1329.999008	bound_ecolipol	0
1329.999008	bound_ecolipol_p	898
1329.999008	bound_ribosome	853
1329.999008	degraded_transcript	57856
1329.999008	ecoli_genome	902
1329.999008	ecoli_transcript	25570
1329.999008	ecolipol	0
1329.999008	ecolipol-2	0
1329.999008	ecolipol-2-p	895
1329.999008	ecolipol-p	7
1329.999008	gene 0.3	691
1329.999008	gene 1.1	1946
1329.999008	gene 1.2	1436
1329.999008	gene 1.3	2371
1329.999008	gene 1.4	2032
1329.999008	gene 1.5	1966
1329.999008	gene 1.6	2496
1329.999008	gene 1.7	2849
1329.999008	gene 1.8	2751
1329.999008	gene 10A	19351
1329.999008	gene 11	2833
1329.999008	gene 12	2447
1329.999008	gene 13	4059
1329.999008	gene 14	3974
1329.999008	gene 15	3371
1329.999008	gene 16	3102
1329.999008	gene 17	4203
1329.999008	gene 17.5	4468
1329.999008	gene 18	4306
1329.999008	gene 18.5	4266
1329.999008	gene 18.7	4141
1329.999008	gene 19	3963
1329.999008	gene 19.2	4048
1329.999008	gene 19.3	4165
1329.999008	gene 19.5	4288
1329.999008	gene 2.5	3587
1329.999008	gene 2.8	3279
1329.999008	gene 3	3099
1329.999008	gene 3.8	3947
1329.999008	gene 4.2	3843
1329.999008	gene 4.3	4300
1329.999008	gene 4.5	4826
1329.999008	gene 4.7	4758
1329.999008	gene 4A	2981
1329.999008	gene 5	4590
1329.999008	gene 5.3	4856
1329.999008	gene 5.5	4756
1329.999008	gene 5.7	4655
1329.999008	gene 5.9	4513
1329.999008	gene 6	4246
1329.999008	gene 6.3	4550
1329.999008	gene 6.5	6085
1329.999008	gene 6.7	5746
1329.999008	gene 7	5936
1329.999008	gene 7.3	5921
1329.999008	gene 7.7	6087
1329.999008	gene 8	5031
1329.999008	gene 9	9227
1329.999008	gp-2	1952
1329.999008	lysozyme-3.5	2723
1329.999008	protein_kinase-0.7	524
1329.999008	rbs	23127
1329.999008	ribosome	1
1329.999008	rnapol-1	11
1329.999008	rnapol-3.5	404
1334.999008	E. coli B promoter	1
1334.999008	E. coli C promoter	1
1334.999008	E. coli promoter A1	1
1334.999008	E. coli promoter A2	1
1334.999008	E. coli promoter A3	1
1334.999008	T7 promoter phi1.1A	1
1334.999008	T7 promoter phi1.1B	1
1334.999008	T7 promoter phi1.3	1
1334.999008	T7 promoter phi1.5	1
1334.999008	T7 promoter phi1.6	1
1334.999008	T7 promoter phi10	0
1334.999008	T7 promoter phi13	1
1334.999008	T7 promoter phi17	1
1334.999008	T7 promoter phi2.5	1
1334.999008	T7 promoter phi3.8	1
1334.999008	T7 promoter phi4.3	1
1334.999008	T7 promoter phi4.7	1
1334.999008	T7 promoter phi4c	0
1334.999008	T7 promoter phi6.5	1
1334.999008	T7 promoter phi9	0
1334.999008	bound_ecolipol	0
1334.999008	bound_ecolipol_p	896
1334.999008	bound_ribosome	836
1334.999008	degraded_transcript	58084
1334.999008	ecoli_genome	904
1334.999008	ecoli_transcript	25532
1334.999008	ecolipol	0
1334.999008	ecolipol-2	0
1334.999008	ecolipol-2-p	897
1334.999008	ecolipol-p	7
1334.999008	gene 0.3	692
1334.999008	gene 1.1	1955
1334.999008	gene 1.2	1440
1334.999008	gene 1.3	2389
1334.999008	gene 1.4	2047
1334.999008	gene 1.5	1979
1334.999008	gene 1.6	2512
1334.999008	gene 1.7	2863
1334.999008	gene 1.8	2767
1334.999008	gene 10A	19472
1334.999008	gene 11	2856
1334.999008	gene 12	2471
1334.999008	gene 13	4091
1334.999008	gene 14	4007
1334.999008	gene 15	3394
1334.999008	gene 16	3136
1334.999008	gene 17	4234
1334.999008	gene 17.5	4504
1334.999008	gene 18	4341
1334.999008	gene 18.5	4302
1334.999008	gene 18.7	4169
1334.999008	gene 19	3994
1334.999008	gene 19.2	4090
1334.999008	gene 19.3	4195
1334.999008	gene 19.5	4319
1334.999008	gene 2.5	3612
1334.999008	gene 2.8	3295
1334.999008	gene 3	3121
1334.999008	gene 3.8	3977
1334.999008	gene 4.2	3867
1334.999008	gene 4.3	4330
1334.999008	gene 4.5	4853
1334.999008	gene 4.7	4787
1334.999008	gene 4A	3002
1334.999008	gene 5	4625
1334.999008	gene 5.3	4888
1334.999008	gene 5.5	4791
1334.999008	gene 5.7	4693
1334.999008	gene 5.9	4540
1334.999008	gene 6	4280
1334.999008	gene 6.3	4583
1334.999008	gene 6.5	6124
1334.999008	gene 6.7	5801
1334.999008	gene 7	5987
1334.999008	gene 7.3	5961
1334.999008	gene 7.7	6131
1334.999008	gene 8	5065
1334.999008	gene 9	9303
1334.999008	gp-2	1966
1334.999008	lysozyme-3.5	2740
1334.999008	protein_kinase-0.7	524
1334.999008	rbs	23276
1334.999008	ribosome	1
1334.999008	rnapol-1	9
1334.999008	rnapol-3.5	396
1339.999004	E. coli B promoter	1
1339.999004	E. coli C promoter	1
1339.999004	E. coli promoter A1	1
1339.999004	E. coli promoter A2	1
1339.999004	E. coli promoter A3	1
1339.999004	T7 promoter phi1.1A	1
1339.999004	T7 promoter phi1.1B	1
1339.999004	T7 promoter phi1.3	1
1339.999004	T7 promoter phi1.5	1
1339.999004	T7 promoter phi1.6	1
1339.999004	T7 promoter phi10	0
1339.999004	T7 promoter phi13	0
1339.999004	T7 promoter phi17	0
1339.999004	T7 promoter phi2.5	1
1339.999004	T7 promoter phi3.8	1
1339.999004	T7 promoter phi4.3	1
1339.999004	T7 promoter phi4.7	1
1339.999004	T7 promoter phi4c	1
1339.999004	T7 promoter phi6.5	1
1339.999004	T7 promoter phi9	1
1339.999004	bound_ecolipol	0
1339.999004	bound_ecolipol_p	889
1339.999004	bound_ribosome	833
1339.999004	degraded_transcript	58324
1339.999004	ecoli_genome	911
1339.999004	ecoli_transcript	25473
1339.999004	ecolipol	0
1339.999004	ecolipol-2	0
1339.999004	ecolipol-2-p	904
1339.999004	ecolipol-p	7
1339.999004	gene 0.3	693
1339.999004	gene 1.1	1966
1339.999004	gene 1.2	1445
1339.999004	gene 1.3	2405
1339.999004	gene 1.4	2064
1339.999004	gene 1.5	1992
1339.999004	gene 1.6	2527
1339.999004	gene 1.7	2880
1339.999004	gene 1.8	2784
1339.999004	gene 10A	19641
1339.999004	gene 11	2885
1339.999004	gene 12	2485
1339.999004	gene 13	4121
1339.999004	gene 14	4037
1339.999004	gene 15	3424
1339.999004	gene 16	3172
1339.999004	gene 17	4273
1339.999004	gene 17.5	4533
1339.999004	gene 18	4373
1339.999004	gene 18.5	4339
1339.999004	gene 18.7	4207
1339.999004	gene 19	4034
1339.999004	gene 19.2	4119
1339.999004	gene 19.3	4223
1339.999004	gene 19.5	4350
1339.999004	gene 2.5	3635
1339.999004	gene 2.8	3316
1339.999004	gene 3	3151
1339.999004	gene 3.8	4001
1339.999004	gene 4.2	3895
1339.999004	gene 4.3	4354
1339.999004	gene 4.5	4880
1339.999004	gene 4.7	4820
1339.999004	gene 4A	3015
1339.999004	gene 5	4655
1339.999004	gene 5.3	4918
1339.999004	gene 5.5	4819
1339.999004	gene 5.7	4722
1339.999004	gene 5.9	4570
1339.999004	gene 6	4311
1339.999004	gene 6.3	4623
1339.999004	gene 6.5	6171
1339.999004	gene 6.7	5841
1339.999004	gene 7	6022
1339.999004	gene 7.3	5993
1339.999004	gene 7.7	6166
1339.999004	gene 8	5097
1339.999004	gene 9	9371
1339.999004	gp-2	1986
1339.999004	lysozyme-3.5	2761
1339.999004	protein_kinase-0.7	524
1339.999004	rbs	23410
1339.999004	ribosome	1
1339.999004	rnapol-1	8
1339.999004	rnapol-3.5	411
1344.999006	E. coli B promoter	1
1344.999006	E. coli C promoter	1
1344.999006	E. coli promoter A1	1
1344.999006	E. coli promoter A2	1
1344.999006	E. coli promoter A3	1
1344.999006	T7 promoter phi1.1A	1
1344.999006	T7 promoter phi1.1B	1
1344.999006	T7 promoter phi1.3	1
1344.999006	T7 promoter phi1.5	1
1344.999006	T7 promoter phi1.6	1
1344.999006	T7 promoter phi10	0
1344.999006	T7 promoter phi13	1
1344.999006	T7 promoter phi17	1
1344.999006	T7 promoter phi2.5	1
1344.999006	T7 promoter phi3.8	1
1344.999006	T7 promoter phi4.3	1
1344.999006	T7 promoter phi4.7	1
1344.999006	T7 promoter phi4c	1
1344.999006	T7 promoter phi6.5	1
1344.999006	T7 promoter phi9	1
1344.999006	bound_ecolipol	0
1344.999006	bound_ecolipol_p	865
1344.999006	bound_ribosome	832
1344.999006	degraded_transcript	58587
1344.999006	ecoli_genome	935
1344.999006	ecoli_transcript	25403
1344.999006	ecolipol	0
1344.999006	ecolipol-2	0
1344.999006	ecolipol-2-p	927
1344.999006	ecolipol-p	8
1344.999006	gene 0.3	694
1344.999006	gene 1.1	1971
1344.999006	gene 1.2	1453
1344.999006	gene 1.3	2419
1344.999006	gene 1.4	2071
1344.999006	gene 1.5	2011
1344.999006	gene 1.6	2544
1344.999006	gene 1.7	2897
1344.999006	gene 1.8	2807
1344.999006	gene 10A	19766
1344.999006	gene 11	2912
1344.999006	gene 12	2504
1344.999006	gene 13	4146
1344.999006	gene 14	4068
1344.999006	gene 15	3447
1344.999006	gene 16	3192
1344.999006	gene 17	4306
1344.999006	gene 17.5	4571
1344.999006	gene 18	4399
1344.999006	gene 18.5	4369
1344.999006	gene 18.7	4242
1344.999006	gene 19	4063
1344.999006	gene 19.2	4161
1344.999006	gene 19.3	4252
1344.999006	gene 19.5	4378
1344.999006	gene 2.5	3654
1344.999006	gene 2.8	3346
1344.999006	gene 3	3174
1344.999006	gene 3.8	4034
1344.999006	gene 4.2	3925
1344.999006	gene 4.3	4384
1344.999006	gene 4.5	4907
1344.999006	gene 4.7	4846
1344.999006	gene 4A	3039
1344.999006	gene 5	4683
1344.999006	gene 5.3	4939
1344.999006	gene 5.5	4850
1344.999006	gene 5.7	4763
1344.999006	gene 5.9	4609
1344.999006	gene 6	4339
1344.999006	gene 6.3	4649
1344.999006	gene 6.5	6218
1344.999006	gene 6.7	5882
1344.999006	gene 7	6071
1344.999006	gene 7.3	6034
1344.999006	gene 7.7	6225
1344.999006	gene 8	5151
1344.999006	gene 9	9428
1344.999006	gp-2	1981
1344.999006	lysozyme-3.5	2788
1344.999006	protein_kinase-0.7	525
1344.999006	rbs	23594
1344.999006	ribosome	1
1344.999006	rnapol-1	8
1344.999006	rnapol-3.5	412
1349.999004	E. coli B promoter	1
1349.999004	E. coli C promoter	1
1349.999004	E. coli promoter A1	1
1349.999004	E. coli promoter A2	1
1349.999004	E. coli promoter A3	1
1349.999004	T7 promoter phi1.1A	1
1349.999004	T7 promoter phi1.1B	1
1349.999004	T7 promoter phi1.3	1
1349.999004	T7 promoter phi1.5	1
1349.999004	T7 promoter phi1.6	1
1349.999004	T7 promoter phi10	0
1349.999004	T7 promoter phi13	1
1349.999004	T7 promoter phi17	1
1349.999004	T7 promoter phi2.5	1
1349.999004	T7 promoter phi3.8	1
1349.999004	T7 promoter phi4.3	1
1349.999004	T7 promoter phi4.7	1
1349.999004	T7 promoter phi4c	1
1349.999004	T7 promoter phi6.5	1
1349.999004	T7 promoter phi9	1
1349.999004	bound_ecolipol	0
1349.999004	bound_ecolipol_p	891
1349.999004	bound_ribosome	813
1349.999004	degraded_transcript	58809
1349.999004	ecoli_genome	909
1349.999004	ecoli_transcript	25360
1349.999004	ecolipol	0
1349.999004	ecolipol-2	0
1349.999004	ecolipol-2-p	905
1349.999004	ecolipol-p	4
1349.999004	gene 0.3	694
1349.999004	gene 1.1	1983
1349.999004	gene 1.2	1460
1349.999004	gene 1.3	2434
1349.999004	gene 1.4	2090
1349.999004	gene 1.5	2024
1349.999004	gene 1.6	2557
1349.999004	gene 1.7	2913
1349.999004	gene 1.8	2830
1349.999004	gene 10A	19871
1349.999004	gene 11	2937
1349.999004	gene 12	2527
1349.999004	gene 13	4174
1349.999004	gene 14	4095
1349.999004	gene 15	3470
1349.999004	gene 16	3220
1349.999004	gene 17	4340
1349.999004	gene 17.5	4613
1349.999004	gene 18	4432
1349.999004	gene 18.5	4412
1349.999004	gene 18.7	4277
1349.999004	gene 19	4117
1349.999004	gene 19.2	4199
1349.999004	gene 19.3	4300
1349.999004	gene 19.5	4410
1349.999004	gene 2.5	3674
1349.999004	gene 2.8	3367
1349.999004	gene 3	3194
1349.999004	gene 3.8	4064
1349.999004	gene 4.2	3951
1349.999004	gene 4.3	4421
1349.999004	gene 4.5	4944
1349.999004	gene 4.7	4877
1349.999004	gene 4A	3064
1349.999004	gene 5	4713
1349.999004	gene 5.3	4968
1349.999004	gene 5.5	4883
1349.999004	gene 5.7	4791
1349.999004	gene 5.9	4646
1349.999004	gene 6	4377
1349.999004	gene 6.3	4672
1349.999004	gene 6.5	6263
1349.999004	gene 6.7	5920
1349.999004	gene 7	6112
1349.999004	gene 7.3	6078
1349.999004	gene 7.7	6258
1349.999004	gene 8	5201
1349.999004	gene 9	9483
1349.999004	gp-2	2035
1349.999004	lysozyme-3.5	2806
1349.999004	protein_kinase-0.7	527
1349.999004	rbs	23707
1349.999004	ribosome	1
1349.999004	rnapol-1	5
1349.999004	rnapol-3.5	412
1354.999000	E. coli B promoter	1
1354.999000	E. coli C promoter	1
1354.999000	E. coli promoter A1	1
1354.999000	E. coli promoter A2	1
1354.999000	E. coli promoter A3	1
1354.999000	T7 promoter phi1.1A	1
1354.999000	T7 promoter phi1.1B	1
1354.999000	T7 promoter phi1.3	1
1354.999000	T7 promoter phi1.5	1
1354.999000	T7 promoter phi1.6	1
1354.999000	T7 promoter phi10	0
1354.999000	T7 promoter phi13	1
1354.999000	T7 promoter phi17	0
1354.999000	T7 promoter phi2.5	1
1354.999000	T7 promoter phi3.8	1
1354.999000	T7 promoter phi4.3	1
1354.999000	T7 promoter phi4.7	1
1354.999000	T7 promoter phi4c	1
1354.999000	T7 promoter phi6.5	1
1354.999000	T7 promoter phi9	1
1354.999000	bound_ecolipol	0
1354.999000	bound_ecolipol_p	891
1354.999000	bound_ribosome	827
1354.999000	degraded_transcript	59058
1354.999000	ecoli_genome	909
1354.999000	ecoli_transcript	25280
1354.999000	ecolipol	0
1354.999000	ecolipol-2	0
1354.999000	ecolipol-2-p	902
1354.999000	ecolipol-p	7
1354.999000	gene 0.3	694
1354.999000	gene 1.1	1991
1354.999000	gene 1.2	1467
1354.999000	gene 1.3	2448
1354.999000	gene 1.4	2101
1354.999000	gene 1.5	2043
1354.999000	gene 1.6	2570
1354.999000	gene 1.7	2933
1354.999000	gene 1.8	2845
1354.999000	gene 10A	20001
1354.999000	gene 11	2955
1354.999000	gene 12	2543
1354.999000	gene 13	4203
1354.999000	gene 14	4129
1354.999000	gene 15	3506
1354.999000	gene 16	3243
1354.999000	gene 17	4379
1354.999000	gene 17.5	4650
1354.999000	gene 18	4465
1354.999000	gene 18.5	4451
1354.999000	gene 18.7	4310
1354.999000	gene 19	4151
1354.999000	gene 19.2	4230
1354.999000	gene 19.3	4335
1354.999000	gene 19.5	4440
1354.999000	gene 2.5	3698
1354.999000	gene 2.8	3393
1354.999000	gene 3	3217
1354.999000	gene 3.8	4088
1354.999000	gene 4.2	3976
1354.999000	gene 4.3	4450
1354.999000	gene 4.5	4975
1354.999000	gene 4.7	4911
1354.999000	gene 4A	3092
1354.999000	gene 5	4747
1354.999000	gene 5.3	5011
1354.999000	gene 5.5	4915
1354.999000	gene 5.7	4827
1354.999000	gene 5.9	4683
1354.999000	gene 6	4411
1354.999000	gene 6.3	4693
1354.999000	gene 6.5	6301
1354.999000	gene 6.7	5967
1354.999000	gene 7	6152
1354.999000	gene 7.3	6107
1354.999000	gene 7.7	6311
1354.999000	gene 8	5238
1354.999000	gene 9	9546
1354.999000	gp-2	2058
1354.999000	lysozyme-3.5	2831
1354.999000	protein_kinase-0.7	527
1354.999000	rbs	23872
1354.999000	ribosome	1
1354.999000	rnapol-1	8
1354.999000	rnapol-3.5	413
1359.999001	E. coli B promoter	1
1359.999001	E. coli C promoter	1
1359.999001	E. coli promoter A1	1
1359.999001	E. coli promoter A2	1
1359.999001	E. coli promoter A3	1
1359.999001	T7 promoter phi1.1A	1
1359.999001	T7 promoter phi1.1B	1
1359.999001	T7 promoter phi1.3	1
1359.999001	T7 promoter phi1.5	1
1359.999001	T7 promoter phi1.6	1
1359.999001	T7 promoter phi10	0
1359.999001	T7 promoter phi13	1
1359.999001	T7 promoter phi17	1
1359.999001	T7 promoter phi2.5	1
1359.999001	T7 promoter phi3.8	0
1359.999001	T7 promoter phi4.3	0
1359.999001	T7 promoter phi4.7	1
1359.999001	T7 promoter phi4c	1
1359.999001	T7 promoter phi6.5	1
1359.999001	T7 promoter phi9	0
1359.999001	bound_ecolipol	0
1359.999001	bound_ecolipol_p	884
1359.999001	bound_ribosome	843
1359.999001	degraded_transcript	59308
1359.999001	ecoli_genome	916
1359.999001	ecoli_transcript	25197
1359.999001	ecolipol	0
1359.999001	ecolipol-2	0
1359.999001	ecolipol-2-p	912
1359.999001	ecolipol-p	4
1359.999001	gene 0.3	695
1359.999001	gene 1.1	2002
1359.999001	gene 1.2	1470
1359.999001	gene 1.3	2469
1359.999001	gene 1.4	2110
1359.999001	gene 1.5	2055
1359.999001	gene 1.6	2595
1359.999001	gene 1.7	2947
1359.999001	gene 1.8	2864
1359.999001	gene 10A	20147
1359.999001	gene 11	2980
1359.999001	gene 12	2559
1359.999001	gene 13	4232
1359.999001	gene 14	4156
1359.999001	gene 15	3530
1359.999001	gene 16	3272
1359.999001	gene 17	4421
1359.999001	gene 17.5	4692
1359.999001	gene 18	4499
1359.999001	gene 18.5	4485
1359.999001	gene 18.7	4342
1359.999001	gene 19	4192
1359.999001	gene 19.2	4262
1359.999001	gene 19.3	4365
1359.999001	gene 19.5	4478
1359.999001	gene 2.5	3717
1359.999001	gene 2.8	3418
1359.999001	gene 3	3238
1359.999001	gene 3.8	4109
1359.999001	gene 4.2	3998
1359.999001	gene 4.3	4484
1359.999001	gene 4.5	5006
1359.999001	gene 4.7	4941
1359.999001	gene 4A	3116
1359.999001	gene 5	4778
1359.999001	gene 5.3	5035
1359.999001	gene 5.5	4951
1359.999001	gene 5.7	4849
1359.999001	gene 5.9	4706
1359.999001	gene 6	4435
1359.999001	gene 6.3	4720
1359.999001	gene 6.5	6335
1359.999001	gene 6.7	6014
1359.999001	gene 7	6198
1359.999001	gene 7.3	6151
1359.999001	gene 7.7	6351
1359.999001	gene 8	5288
1359.999001	gene 9	9616
1359.999001	gp-2	2066
1359.999001	lysozyme-3.5	2848
1359.999001	protein_kinase-0.7	528
1359.999001	rbs	24085
1359.999001	ribosome	0
1359.999001	rnapol-1	3
1359.999001	rnapol-3.5	415
1364.999000	E. coli B promoter	1
1364.999000	E. coli C promoter	1
1364.999000	E. coli promoter A1	1
1364.999000	E. coli promoter A2	1
1364.999000	E. coli promoter A3	1
1364.999000	T7 promoter phi1.1A	1
1364.999000	T7 promoter phi1.1B	1
1364.999000	T7 promoter phi1.3	1
1364.999000	T7 promoter phi1.5	1
1364.999000	T7 promoter phi1.6	1
1364.999000	T7 promoter phi10	1
1364.999000	T7 promoter phi13	0
1364.999000	T7 promoter phi17	1
1364.999000	T7 promoter phi2.5	1
1364.999000	T7 promoter phi3.8	1
1364.999000	T7 promoter phi4.3	1
1364.999000	T7 promoter phi4.7	1
1364.999000	T7 promoter phi4c	1
1364.999000	T7 promoter phi6.5	0
1364.999000	T7 promoter phi9	1
1364.999000	bound_ecolipol	0
1364.999000	bound_ecolipol_p	876
1364.999000	bound_ribosome	839
1364.999000	degraded_transcript	59545
1364.999000	ecoli_genome	924
1364.999000	ecoli_transcript	25155
1364.999000	ecolipol	0
1364.999000	ecolipol-2	0
1364.999000	ecolipol-2-p	917
1364.999000	ecolipol-p	7
1364.999000	gene 0.3	698
1364.999000	gene 1.1	2016
1364.999000	gene 1.2	1473
1364.999000	gene 1.3	2493
1364.999000	gene 1.4	2125
1364.999000	gene 1.5	2062
1364.999000	gene 1.6	2612
1364.999000	gene 1.7	2964
1364.999000	gene 1.8	2888
1364.999000	gene 10A	20284
1364.999000	gene 11	3001
1364.999000	gene 12	2574
1364.999000	gene 13	4261
1364.999000	gene 14	4176
1364.999000	gene 15	3563
1364.999000	gene 16	3302
1364.999000	gene 17	4450
1364.999000	gene 17.5	4728
1364.999000	gene 18	4533
1364.999000	gene 18.5	4534
1364.999000	gene 18.7	4381
1364.999000	gene 19	4229
1364.999000	gene 19.2	4293
1364.999000	gene 19.3	4399
1364.999000	gene 19.5	4529
1364.999000	gene 2.5	3729
1364.999000	gene 2.8	3439
1364.999000	gene 3	3256
1364.999000	gene 3.8	4129
1364.999000	gene 4.2	4029
1364.999000	gene 4.3	4508
1364.999000	gene 4.5	5038
1364.999000	gene 4.7	4977
1364.999000	gene 4A	3135
1364.999000	gene 5	4811
1364.999000	gene 5.3	5057
1364.999000	gene 5.5	4985
1364.999000	gene 5.7	4877
1364.999000	gene 5.9	4743
1364.999000	gene 6	4466
1364.999000	gene 6.3	4758
1364.999000	gene 6.5	6381
1364.999000	gene 6.7	6051
1364.999000	gene 7	6240
1364.999000	gene 7.3	6193
1364.999000	gene 7.7	6397
1364.999000	gene 8	5330
1364.999000	gene 9	9685
1364.999000	gp-2	2082
1364.999000	lysozyme-3.5	2874
1364.999000	protein_kinase-0.7	529
1364.999000	rbs	24225
1364.999000	ribosome	1
1364.999000	rnapol-1	6
1364.999000	rnapol-3.5	417
1369.999007	E. coli B promoter	1
1369.999007	E. coli C promoter	1
1369.999007	E. coli promoter A1	1
1369.999007	E. coli promoter A2	1
1369.999007	E. coli promoter A3	1
1369.999007	T7 promoter phi1.1A	1
1369.999007	T7 promoter phi1.1B	1
1369.999007	T7 promoter phi1.3	1
1369.999007	T7 promoter phi1.5	1
1369.999007	T7 promoter phi1.6	1
1369.999007	T7 promoter phi10	0
1369.999007	T7 promoter phi13	1
1369.999007	T7 promoter phi17	1
1369.999007	T7 promoter phi2.5	1
1369.999007	T7 promoter phi3.8	1
1369.999007	T7 promoter phi4.3	1
1369.999007	T7 promoter phi4.7	1
1369.999007	T7 promoter phi4c	1
1369.999007	T7 promoter phi6.5	1
1369.999007	T7 promoter phi9	1
1369.999007	bound_ecolipol	0
1369.999007	bound_ecolipol_p	868
1369.999007	bound_ribosome	807
1369.999007	degraded_transcript	59781
1369.999007	ecoli_genome	932
1369.999007	ecoli_transcript	25124
1369.999007	ecolipol	0
1369.999007	ecolipol-2	0
1369.999007	ecolipol-2-p	922
1369.999007	ecolipol-p	10
1369.999007	gene 0.3	698
1369.999007	gene 1.1	2021
1369.999007	gene 1.2	1477
1369.999007	gene 1.3	2509
1369.999007	gene 1.4	2138
1369.999007	gene 1.5	2075
1369.999007	gene 1.6	2629
1369.999007	gene 1.7	2981
1369.999007	gene 1.8	2906
1369.999007	gene 10A	20409
1369.999007	gene 11	3020
1369.999007	gene 12	2595
1369.999007	gene 13	4302
1369.999007	gene 14	4207
1369.999007	gene 15	3584
1369.999007	gene 16	3326
1369.999007	gene 17	4489
1369.999007	gene 17.5	4764
1369.999007	gene 18	4570
1369.999007	gene 18.5	4562
1369.999007	gene 18.7	4415
1369.999007	gene 19	4259
1369.999007	gene 19.2	4322
1369.999007	gene 19.3	4439
1369.999007	gene 19.5	4571
1369.999007	gene 2.5	3759
1369.999007	gene 2.8	3469
1369.999007	gene 3	3279
1369.999007	gene 3.8	4151
1369.999007	gene 4.2	4067
1369.999007	gene 4.3	4537
1369.999007	gene 4.5	5066
1369.999007	gene 4.7	5010
1369.999007	gene 4A	3157
1369.999007	gene 5	4859
1369.999007	gene 5.3	5084
1369.999007	gene 5.5	5007
1369.999007	gene 5.7	4908
1369.999007	gene 5.9	4777
1369.999007	gene 6	4498
1369.999007	gene 6.3	4792
1369.999007	gene 6.5	6407
1369.999007	gene 6.7	6091
1369.999007	gene 7	6289
1369.999007	gene 7.3	6239
1369.999007	gene 7.7	6444
1369.999007	gene 8	5369
1369.999007	gene 9	9779
1369.999007	gp-2	2095
1369.999007	lysozyme-3.5	2896
1369.999007	protein_kinase-0.7	529
1369.999007	rbs	24380
1369.999007	ribosome	1
1369.999007	rnapol-1	9
1369.999007	rnapol-3.5	411
1374.999010	E. coli B promoter	1
1374.999010	E. coli C promoter	1
1374.999010	E. coli promoter A1	1
1374.999010	E. coli promoter A2	1
1374.999010	E. coli promoter A3	1
1374.999010	T7 promoter phi1.1A	1
1374.999010	T7 promoter phi1.1B	1
1374.999010	T7 promoter phi1.3	1
1374.999010	T7 promoter phi1.5	1
1374.999010	T7 promoter phi1.6	1
1374.999010	T7 promoter phi10	1
1374.999010	T7 promoter phi13	1
1374.999010	T7 promoter phi17	0
1374.999010	T7 promoter phi2.5	1
1374.999010	T7 promoter phi3.8	1
1374.999010	T7 promoter phi4.3	1
1374.999010	T7 promoter phi4.7	1
1374.999010	T7 promoter phi4c	1
1374.999010	T7 promoter phi6.5	1
1374.999010	T7 promoter phi9	1
1374.999010	bound_ecolipol	0
1374.999010	bound_ecolipol_p	870
1374.999010	bound_ribosome	791
1374.999010	degraded_transcript	60018
1374.999010	ecoli_genome	930
1374.999010	ecoli_transcript	25077
1374.999010	ecolipol	0
1374.999010	ecolipol-2	0
1374.999010	ecolipol-2-p	924
1374.999010	ecolipol-p	6
1374.999010	gene 0.3	698
1374.999010	gene 1.1	2034
1374.999010	gene 1.2	1483
1374.999010	gene 1.3	2523
1374.999010	gene 1.4	2153
1374.999010	gene 1.5	2088
1374.999010	gene 1.6	2646
1374.999010	gene 1.7	2996
1374.999010	gene 1.8	2940
1374.999010	gene 10A	20541
1374.999010	gene 11	3041
1374.999010	gene 12	2613
1374.999010	gene 13	4324
1374.999010	gene 14	4239
1374.999010	gene 15	3616
1374.999010	gene 16	3363
1374.999010	gene 17	4520
1374.999010	gene 17.5	4790
1374.999010	gene 18	4604
1374.999010	gene 18.5	4593
1374.999010	gene 18.7	4448
1374.999010	gene 19	4296
1374.999010	gene 19.2	4359
1374.999010	gene 19.3	4477
1374.999010	gene 19.5	4608
1374.999010	gene 2.5	3771
1374.999010	gene 2.8	3487
1374.999010	gene 3	3297
1374.999010	gene 3.8	4175
1374.999010	gene 4.2	4093
1374.999010	gene 4.3	4571
1374.999010	gene 4.5	5107
1374.999010	gene 4.7	5035
1374.999010	gene 4A	3167
1374.999010	gene 5	4890
1374.999010	gene 5.3	5125
1374.999010	gene 5.5	5047
1374.999010	gene 5.7	4938
1374.999010	gene 5.9	4816
1374.999010	gene 6	4527
1374.999010	gene 6.3	4814
1374.999010	gene 6.5	6445
1374.999010	gene 6.7	6134
1374.999010	gene 7	6335
1374.999010	gene 7.3	6281
1374.999010	gene 7.7	6490
1374.999010	gene 8	5412
1374.999010	gene 9	9839
1374.999010	gp-2	2110
1374.999010	lysozyme-3.5	2915
1374.999010	protein_kinase-0.7	529
1374.999010	rbs	24566
1374.999010	ribosome	1
1374.999010	rnapol-1	7
1374.999010	rnapol-3.5	417
1379.999017	E. coli B promoter	1
1379.999017	E. coli C promoter	1
1379.999017	E. coli promoter A1	1
1379.999017	E. coli promoter A2	1
1379.999017	E. coli promoter A3	1
1379.999017	T7 promoter phi1.1A	1
1379.999017	T7 promoter phi1.1B	1
1379.999017	T7 promoter phi1.3	1
1379.999017	T7 promoter phi1.5	1
1379.999017	T7 promoter phi1.6	1
1379.999017	T7 promoter phi10	0
1379.999017	T7 promoter phi13	1
1379.999017	T7 promoter phi17	0
1379.999017	T7 promoter phi2.5	1
1379.999017	T7 promoter phi3.8	1
1379.999017	T7 promoter phi4.3	1
1379.999017	T7 promoter phi4.7	1
1379.999017	T7 promoter phi4c	1
1379.999017	T7 promoter phi6.5	1
1379.999017	T7 promoter phi9	0
1379.999017	bound_ecolipol	0
1379.999017	bound_ecolipol_p	875
1379.999017	bound_ribosome	780
1379.999017	degraded_transcript	60254
1379.999017	ecoli_genome	925
1379.999017	ecoli_transcript	25021
1379.999017	ecolipol	0
1379.999017	ecolipol-2	0
1379.999017	ecolipol-2-p	914
1379.999017	ecolipol-p	11
1379.999017	gene 0.3	700
1379.999017	gene 1.1	2048
1379.999017	gene 1.2	1492
1379.999017	gene 1.3	2536
1379.999017	gene 1.4	2163
1379.999017	gene 1.5	2099
1379.999017	gene 1.6	2660
1379.999017	gene 1.7	3023
1379.999017	gene 1.8	2961
1379.999017	gene 10A	20678
1379.999017	gene 11	3056
1379.999017	gene 12	2626
1379.999017	gene 13	4360
1379.999017	gene 14	4265
1379.999017	gene 15	3641
1379.999017	gene 16	3390
1379.999017	gene 17	4550
1379.999017	gene 17.5	4819
1379.999017	gene 18	4656
1379.999017	gene 18.5	4635
1379.999017	gene 18.7	4485
1379.999017	gene 19	4328
1379.999017	gene 19.2	4389
1379.999017	gene 19.3	4512
1379.999017	gene 19.5	4640
1379.999017	gene 2.5	3795
1379.999017	gene 2.8	3509
1379.999017	gene 3	3317
1379.999017	gene 3.8	4199
1379.999017	gene 4.2	4121
1379.999017	gene 4.3	4600
1379.999017	gene 4.5	5132
1379.999017	gene 4.7	5071
1379.999017	gene 4A	3193
1379.999017	gene 5	4926
1379.999017	gene 5.3	5158
1379.999017	gene 5.5	5085
1379.999017	gene 5.7	4974
1379.999017	gene 5.9	4857
1379.999017	gene 6	4563
1379.999017	gene 6.3	4845
1379.999017	gene 6.5	6484
1379.999017	gene 6.7	6171
1379.999017	gene 7	6372
1379.999017	gene 7.3	6319
1379.999017	gene 7.7	6527
1379.999017	gene 8	5452
1379.999017	gene 9	9899
1379.999017	gp-2	2145
1379.999017	lysozyme-3.5	2933
1379.999017	protein_kinase-0.7	530
1379.999017	rbs	24721
1379.999017	ribosome	0
1379.999017	rnapol-1	7
1379.999017	rnapol-3.5	411
1384.999003	E. coli B promoter	1
1384.999003	E. coli C promoter	1
1384.999003	E. coli promoter A1	1
1384.999003	E. coli promoter A2	1
1384.999003	E. coli promoter A3	1
1384.999003	T7 promoter phi1.1A	1
1384.999003	T7 promoter phi1.1B	1
1384.999003	T7 promoter phi1.3	1
1384.999003	T7 promoter phi1.5	1
1384.999003	T7 promoter phi1.6	1
1384.999003	T7 promoter phi10	0
1384.999003	T7 promoter phi13	1
1384.999003	T7 promoter phi17	1
1384.999003	T7 promoter phi2.5	1
1384.999003	T7 promoter phi3.8	1
1384.999003	T7 promoter phi4.3	1
1384.999003	T7 promoter phi4.7	0
1384.999003	T7 promoter phi4c	1
1384.999003	T7 promoter phi6.5	0
1384.999003	T7 promoter phi9	1
1384.999003	bound_ecolipol	0
1384.999003	bound_ecolipol_p	863
1384.999003	bound_ribosome	797
1384.999003	degraded_transcript	60486
1384.999003	ecoli_genome	937
1384.999003	ecoli_transcript	24957
1384.999003	ecolipol	0
1384.999003	ecolipol-2	0
1384.999003	ecolipol-2-p	930
1384.999003	ecolipol-p	7
1384.999003	gene 0.3	701
1384.999003	gene 1.1	2052
1384.999003	gene 1.2	1498
1384.999003	gene 1.3	2556
1384.999003	gene 1.4	2172
1384.999003	gene 1.5	2109
1384.999003	gene 1.6	2677
1384.999003	gene 1.7	3036
1384.999003	gene 1.8	2978
1384.999003	gene 10A	20808
1384.999003	gene 11	3074
1384.999003	gene 12	2644
1384.999003	gene 13	4386
1384.999003	gene 14	4296
1384.999003	gene 15	3663
1384.999003	gene 16	3425
1384.999003	gene 17	4585
1384.999003	gene 17.5	4849
1384.999003	gene 18	4692
1384.999003	gene 18.5	4676
1384.999003	gene 18.7	4524
1384.999003	gene 19	4357
1384.999003	gene 19.2	4419
1384.999003	gene 19.3	4537
1384.999003	gene 19.5	4670
1384.999003	gene 2.5	3814
1384.999003	gene 2.8	3531
1384.999003	gene 3	3343
1384.999003	gene 3.8	4229
1384.999003	gene 4.2	4155
1384.999003	gene 4.3	4625
1384.999003	gene 4.5	5163
1384.999003	gene 4.7	5102
1384.999003	gene 4A	3214
1384.999003	gene 5	4961
1384.999003	gene 5.3	5188
1384.999003	gene 5.5	5113
1384.999003	gene 5.7	5000
1384.999003	gene 5.9	4897
1384.999003	gene 6	4599
1384.999003	gene 6.3	4880
1384.999003	gene 6.5	6537
1384.999003	gene 6.7	6218
1384.999003	gene 7	6419
1384.999003	gene 7.3	6359
1384.999003	gene 7.7	6564
1384.999003	gene 8	5493
1384.999003	gene 9	9967
1384.999003	gp-2	2148
1384.999003	lysozyme-3.5	2952
1384.999003	protein_kinase-0.7	532
1384.999003	rbs	24860
1384.999003	ribosome	1
1384.999003	rnapol-1	6
1384.999003	rnapol-3.5	411
1389.999000	E. coli B promoter	1
1389.999000	E. coli C promoter	1
1389.999000	E. coli promoter A1	1
1389.999000	E. coli promoter A2	1
1389.999000	E. coli promoter A3	1
1389.999000	T7 promoter phi1.1A	1
1389.999000	T7 promoter phi1.1B	1
1389.999000	T7 promoter phi1.3	1
1389.999000	T7 promoter phi1.5	1
1389.999000	T7 promoter phi1.6	1
1389.999000	T7 promoter phi10	0
1389.999000	T7 promoter phi13	1
1389.999000	T7 promoter phi17	1
1389.999000	T7 promoter phi2.5	1
1389.999000	T7 promoter phi3.8	1
1389.999000	T7 promoter phi4.3	1
1389.999000	T7 promoter phi4.7	0
1389.999000	T7 promoter phi4c	1
1389.999000	T7 promoter phi6.5	1
1389.999000	T7 promoter phi9	1
1389.999000	bound_ecolipol	0
1389.999000	bound_ecolipol_p	844
1389.999000	bound_ribosome	799
1389.999000	degraded_transcript	60726
1389.999000	ecoli_genome	956
1389.999000	ecoli_transcript	24902
1389.999000	ecolipol	0
1389.999000	ecolipol-2	0
1389.999000	ecolipol-2-p	948
1389.999000	ecolipol-p	8
1389.999000	gene 0.3	701
1389.999000	gene 1.1	2061
1389.999000	gene 1.2	1503
1389.999000	gene 1.3	2574
1389.999000	gene 1.4	2186
1389.999000	gene 1.5	2122
1389.999000	gene 1.6	2690
1389.999000	gene 1.7	3059
1389.999000	gene 1.8	3002
1389.999000	gene 10A	20941
1389.999000	gene 11	3094
1389.999000	gene 12	2670
1389.999000	gene 13	4420
1389.999000	gene 14	4321
1389.999000	gene 15	3692
1389.999000	gene 16	3456
1389.999000	gene 17	4615
1389.999000	gene 17.5	4881
1389.999000	gene 18	4728
1389.999000	gene 18.5	4717
1389.999000	gene 18.7	4551
1389.999000	gene 19	4399
1389.999000	gene 19.2	4458
1389.999000	gene 19.3	4565
1389.999000	gene 19.5	4707
1389.999000	gene 2.5	3835
1389.999000	gene 2.8	3550
1389.999000	gene 3	3367
1389.999000	gene 3.8	4257
1389.999000	gene 4.2	4179
1389.999000	gene 4.3	4641
1389.999000	gene 4.5	5190
1389.999000	gene 4.7	5136
1389.999000	gene 4A	3227
1389.999000	gene 5	4988
1389.999000	gene 5.3	5227
1389.999000	gene 5.5	5158
1389.999000	gene 5.7	5035
1389.999000	gene 5.9	4923
1389.999000	gene 6	4628
1389.999000	gene 6.3	4910
1389.999000	gene 6.5	6567
1389.999000	gene 6.7	6268
1389.999000	gene 7	6460
1389.999000	gene 7.3	6396
1389.999000	gene 7.7	6606
1389.999000	gene 8	5528
1389.999000	gene 9	10029
1389.999000	gp-2	2149
1389.999000	lysozyme-3.5	2969
1389.999000	protein_kinase-0.7	532
1389.999000	rbs	25035
1389.999000	ribosome	0
1389.999000	rnapol-1	5
1389.999000	rnapol-3.5	412
1394.999003	E. coli B promoter	1
1394.999003	E. coli C promoter	1
1394.999003	E. coli promoter A1	1
1394.999003	E. coli promoter A2	1
1394.999003	E. coli promoter A3	1
1394.999003	T7 promoter phi1.1A	1
1394.999003	T7 promoter phi1.1B	1
1394.999003	T7 promoter phi1.3	1
1394.999003	T7 promoter phi1.5	1
1394.999003	T7 promoter phi1.6	1
1394.999003	T7 promoter phi10	0
1394.999003	T7 promoter phi13	1
1394.999003	T7 promoter phi17	1
1394.999003	T7 promoter phi2.5	1
1394.999003	T7 promoter phi3.8	1
1394.999003	T7 promoter phi4.3	1
1394.999003	T7 promoter phi4.7	1
1394.999003	T7 promoter phi4c	1
1394.999003	T7 promoter phi6.5	1
1394.999003	T7 promoter phi9	1
1394.999003	bound_ecolipol	0
1394.999003	bound_ecolipol_p	843
1394.999003	bound_ribosome	793
1394.999003	degraded_transcript	60954
1394.999003	ecoli_genome	957
1394.999003	ecoli_transcript	24839
1394.999003	ecolipol	0
1394.999003	ecolipol-2	0
1394.999003	ecolipol-2-p	947
1394.999003	ecolipol-p	10
1394.999003	gene 0.3	701
1394.999003	gene 1.1	2070
1394.999003	gene 1.2	1508
1394.999003	gene 1.3	2588
1394.999003	gene 1.4	2198
1394.999003	gene 1.5	2128
1394.999003	gene 1.6	2709
1394.999003	gene 1.7	3089
1394.999003	gene 1.8	3025
1394.999003	gene 10A	21090
1394.999003	gene 11	3119
1394.999003	gene 12	2688
1394.999003	gene 13	4460
1394.999003	gene 14	4356
1394.999003	gene 15	3726
1394.999003	gene 16	3479
1394.999003	gene 17	4657
1394.999003	gene 17.5	4915
1394.999003	gene 18	4754
1394.999003	gene 18.5	4748
1394.999003	gene 18.7	4582
1394.999003	gene 19	4442
1394.999003	gene 19.2	4494
1394.999003	gene 19.3	4602
1394.999003	gene 19.5	4737
1394.999003	gene 2.5	3855
1394.999003	gene 2.8	3573
1394.999003	gene 3	3378
1394.999003	gene 3.8	4276
1394.999003	gene 4.2	4202
1394.999003	gene 4.3	4660
1394.999003	gene 4.5	5217
1394.999003	gene 4.7	5176
1394.999003	gene 4A	3252
1394.999003	gene 5	5017
1394.999003	gene 5.3	5261
1394.999003	gene 5.5	5197
1394.999003	gene 5.7	5063
1394.999003	gene 5.9	4960
1394.999003	gene 6	4666
1394.999003	gene 6.3	4958
1394.999003	gene 6.5	6608
1394.999003	gene 6.7	6309
1394.999003	gene 7	6506
1394.999003	gene 7.3	6436
1394.999003	gene 7.7	6649
1394.999003	gene 8	5578
1394.999003	gene 9	10099
1394.999003	gp-2	2165
1394.999003	lysozyme-3.5	2996
1394.999003	protein_kinase-0.7	533
1394.999003	rbs	25201
1394.999003	ribosome	4
1394.999003	rnapol-1	7
1394.999003	rnapol-3.5	416
1399.999000	E. coli B promoter	1
1399.999000	E. coli C promoter	1
1399.999000	E. coli promoter A1	1
1399.999000	E. coli promoter A2	1
1399.999000	E. coli promoter A3	1
1399.999000	T7 promoter phi1.1A	1
1399.999000	T7 promoter phi1.1B	1
1399.999000	T7 promoter phi1.3	1
1399.999000	T7 promoter phi1.5	1
1399.999000	T7 promoter phi1.6	1
1399.999000	T7 promoter phi10	0
1399.999000	T7 promoter phi13	0
1399.999000	T7 promoter phi17	0
1399.999000	T7 promoter phi2.5	1
1399.999000	T7 promoter phi3.8	0
1399.999000	T7 promoter phi4.3	1
1399.999000	T7 promoter phi4.7	1
1399.999000	T7 promoter phi4c	1
1399.999000	T7 promoter phi6.5	1
1399.999000	T7 promoter phi9	1
1399.999000	bound_ecolipol	0
1399.999000	bound_ecolipol_p	864
1399.999000	bound_ribosome	785
1399.999000	degraded_transcript	61198
1399.999000	ecoli_genome	936
1399.999000	ecoli_transcript	24770
1399.999000	ecolipol	0
1399.999000	ecolipol-2	0
1399.999000	ecolipol-2-p	922
1399.999000	ecolipol-p	14
1399.999000	gene 0.3	702
1399.999000	gene 1.1	2080
1399.999000	gene 1.2	1512
1399.999000	gene 1.3	2598
1399.999000	gene 1.4	2209
1399.999000	gene 1.5	2137
1399.999000	gene 1.6	2721
1399.999000	gene 1.7	3115
1399.999000	gene 1.8	3049
1399.999000	gene 10A	21219
1399.999000	gene 11	3136
1399.999000	gene 12	2710
1399.999000	gene 13	4495
1399.999000	gene 14	4394
1399.999000	gene 15	3754
1399.999000	gene 16	3507
1399.999000	gene 17	4694
1399.999000	gene 17.5	4948
1399.999000	gene 18	4775
1399.999000	gene 18.5	4794
1399.999000	gene 18.7	4605
1399.999000	gene 19	4477
1399.999000	gene 19.2	4530
1399.999000	gene 19.3	4639
1399.999000	gene 19.5	4776
1399.999000	gene 2.5	3879
1399.999000	gene 2.8	3589
1399.999000	gene 3	3391
1399.999000	gene 3.8	4308
1399.999000	gene 4.2	4227
1399.999000	gene 4.3	4690
1399.999000	gene 4.5	5249
1399.999000	gene 4.7	5209
1399.999000	gene 4A	3270
1399.999000	gene 5	5049
1399.999000	gene 5.3	5282
1399.999000	gene 5.5	5225
1399.999000	gene 5.7	5096
1399.999000	gene 5.9	4989
1399.999000	gene 6	4690
1399.999000	gene 6.3	4987
1399.999000	gene 6.5	6650
1399.999000	gene 6.7	6340
1399.999000	gene 7	6557
1399.999000	gene 7.3	6483
1399.999000	gene 7.7	6685
1399.999000	gene 8	5615
1399.999000	gene 9	10170
1399.999000	gp-2	2211
1399.999000	lysozyme-3.5	3024
1399.999000	protein_kinase-0.7	535
1399.999000	rbs	25326
1399.999000	ribosome	0
1399.999000	rnapol-1	8
1399.999000	rnapol-3.5	415
1404.999005	E. coli B promoter	1
1404.999005	E. coli C promoter	1
1404.999005	E. coli promoter A1	1
1404.999005	E. coli promoter A2	1
1404.999005	E. coli promoter A3	1
1404.999005	T7 promoter phi1.1A	1
1404.999005	T7 promoter phi1.1B	1
1404.999005	T7 promoter phi1.3	0
1404.999005	T7 promoter phi1.5	1
1404.999005	T7 promoter phi1.6	1
1404.999005	T7 promoter phi10	1
1404.999005	T7 promoter phi13	0
1404.999005	T7 promoter phi17	1
1404.999005	T7 promoter phi2.5	1
1404.999005	T7 promoter phi3.8	1
1404.999005	T7 promoter phi4.3	1
1404.999005	T7 promoter phi4.7	1
1404.999005	T7 promoter phi4c	0
1404.999005	T7 promoter phi6.5	0
1404.999005	T7 promoter phi9	1
1404.999005	bound_ecolipol	0
1404.999005	bound_ecolipol_p	847
1404.999005	bound_ribosome	802
1404.999005	degraded_transcript	61421
1404.999005	ecoli_genome	953
1404.999005	ecoli_transcript	24704
1404.999005	ecolipol	0
1404.999005	ecolipol-2	0
1404.999005	ecolipol-2-p	942
1404.999005	ecolipol-p	11
1404.999005	gene 0.3	703
1404.999005	gene 1.1	2091
1404.999005	gene 1.2	1519
1404.999005	gene 1.3	2610
1404.999005	gene 1.4	2218
1404.999005	gene 1.5	2150
1404.999005	gene 1.6	2747
1404.999005	gene 1.7	3126
1404.999005	gene 1.8	3068
1404.999005	gene 10A	21367
1404.999005	gene 11	3160
1404.999005	gene 12	2723
1404.999005	gene 13	4526
1404.999005	gene 14	4422
1404.999005	gene 15	3780
1404.999005	gene 16	3528
1404.999005	gene 17	4739
1404.999005	gene 17.5	4994
1404.999005	gene 18	4817
1404.999005	gene 18.5	4839
1404.999005	gene 18.7	4629
1404.999005	gene 19	4513
1404.999005	gene 19.2	4558
1404.999005	gene 19.3	4670
1404.999005	gene 19.5	4809
1404.999005	gene 2.5	3912
1404.999005	gene 2.8	3620
1404.999005	gene 3	3416
1404.999005	gene 3.8	4336
1404.999005	gene 4.2	4256
1404.999005	gene 4.3	4717
1404.999005	gene 4.5	5276
1404.999005	gene 4.7	5237
1404.999005	gene 4A	3296
1404.999005	gene 5	5083
1404.999005	gene 5.3	5310
1404.999005	gene 5.5	5261
1404.999005	gene 5.7	5117
1404.999005	gene 5.9	5017
1404.999005	gene 6	4723
1404.999005	gene 6.3	5016
1404.999005	gene 6.5	6698
1404.999005	gene 6.7	6370
1404.999005	gene 7	6606
1404.999005	gene 7.3	6527
1404.999005	gene 7.7	6725
1404.999005	gene 8	5659
1404.999005	gene 9	10227
1404.999005	gp-2	2219
1404.999005	lysozyme-3.5	3038
1404.999005	protein_kinase-0.7	535
1404.999005	rbs	25528
1404.999005	ribosome	1
1404.999005	rnapol-1	8
1404.999005	rnapol-3.5	413
1409.999006	E. coli B promoter	1
1409.999006	E. coli C promoter	1
1409.999006	E. coli promoter A1	1
1409.999006	E. coli promoter A2	1
1409.999006	E. coli promoter A3	1
1409.999006	T7 promoter phi1.1A	1
1409.999006	T7 promoter phi1.1B	1
1409.999006	T7 promoter phi1.3	1
1409.999006	T7 promoter phi1.5	1
1409.999006	T7 promoter phi1.6	1
1409.999006	T7 promoter phi10	1
1409.999006	T7 promoter phi13	1
1409.999006	T7 promoter phi17	1
1409.999006	T7 promoter phi2.5	1
1409.999006	T7 promoter phi3.8	1
1409.999006	T7 promoter phi4.3	1
1409.999006	T7 promoter phi4.7	0
1409.999006	T7 promoter phi4c	1
1409.999006	T7 promoter phi6.5	1
1409.999006	T7 promoter phi9	1
1409.999006	bound_ecolipol	0
1409.999006	bound_ecolipol_p	835
1409.999006	bound_ribosome	792
1409.999006	degraded_transcript	61689
1409.999006	ecoli_genome	965
1409.999006	ecoli_transcript	24628
1409.999006	ecolipol	0
1409.999006	ecolipol-2	0
1409.999006	ecolipol-2-p	952
1409.999006	ecolipol-p	13
1409.999006	gene 0.3	704
1409.999006	gene 1.1	2098
1409.999006	gene 1.2	1528
1409.999006	gene 1.3	2623
1409.999006	gene 1.4	2227
1409.999006	gene 1.5	2170
1409.999006	gene 1.6	2763
1409.999006	gene 1.7	3149
1409.999006	gene 1.8	3084
1409.999006	gene 10A	21509
1409.999006	gene 11	3187
1409.999006	gene 12	2750
1409.999006	gene 13	4547
1409.999006	gene 14	4457
1409.999006	gene 15	3807
1409.999006	gene 16	3550
1409.999006	gene 17	4780
1409.999006	gene 17.5	5022
1409.999006	gene 18	4849
1409.999006	gene 18.5	4879
1409.999006	gene 18.7	4664
1409.999006	gene 19	4555
1409.999006	gene 19.2	4596
1409.999006	gene 19.3	4696
1409.999006	gene 19.5	4839
1409.999006	gene 2.5	3934
1409.999006	gene 2.8	3641
1409.999006	gene 3	3438
1409.999006	gene 3.8	4359
1409.999006	gene 4.2	4283
1409.999006	gene 4.3	4749
1409.999006	gene 4.5	5296
1409.999006	gene 4.7	5267
1409.999006	gene 4A	3320
1409.999006	gene 5	5126
1409.999006	gene 5.3	5344
1409.999006	gene 5.5	5292
1409.999006	gene 5.7	5153
1409.999006	gene 5.9	5055
1409.999006	gene 6	4757
1409.999006	gene 6.3	5054
1409.999006	gene 6.5	6745
1409.999006	gene 6.7	6413
1409.999006	gene 7	6670
1409.999006	gene 7.3	6559
1409.999006	gene 7.7	6768
1409.999006	gene 8	5710
1409.999006	gene 9	10297
1409.999006	gp-2	2232
1409.999006	lysozyme-3.5	3050
1409.999006	protein_kinase-0.7	537
1409.999006	rbs	25681
1409.999006	ribosome	0
1409.999006	rnapol-1	5
1409.999006	rnapol-3.5	415
1414.999002	E. coli B promoter	1
1414.999002	E. coli C promoter	1
1414.999002	E. coli promoter A1	1
1414.999002	E. coli promoter A2	1
1414.999002	E. coli promoter A3	1
1414.999002	T7 promoter phi1.1A	1
1414.999002	T7 promoter phi1.1B	1
1414.999002	T7 promoter phi1.3	1
1414.999002	T7 promoter phi1.5	1
1414.999002	T7 promoter phi1.6	1
1414.999002	T7 promoter phi10	0
1414.999002	T7 promoter phi13	0
1414.999002	T7 promoter phi17	1
1414.999002	T7 promoter phi2.5	1
1414.999002	T7 promoter phi3.8	1
1414.999002	T7 promoter phi4.3	1
1414.999002	T7 promoter phi4.7	1
1414.999002	T7 promoter phi4c	1
1414.999002	T7 promoter phi6.5	1
1414.999002	T7 promoter phi9	1
1414.999002	bound_ecolipol	0
1414.999002	bound_ecolipol_p	861
1414.999002	bound_ribosome	784
1414.999002	degraded_transcript	61903
1414.999002	ecoli_genome	939
1414.999002	ecoli_transcript	24597
1414.999002	ecolipol	0
1414.999002	ecolipol-2	0
1414.999002	ecolipol-2-p	933
1414.999002	ecolipol-p	6
1414.999002	gene 0.3	705
1414.999002	gene 1.1	2107
1414.999002	gene 1.2	1534
1414.999002	gene 1.3	2635
1414.999002	gene 1.4	2237
1414.999002	gene 1.5	2190
1414.999002	gene 1.6	2773
1414.999002	gene 1.7	3167
1414.999002	gene 1.8	3100
1414.999002	gene 10A	21634
1414.999002	gene 11	3207
1414.999002	gene 12	2778
1414.999002	gene 13	4583
1414.999002	gene 14	4486
1414.999002	gene 15	3834
1414.999002	gene 16	3584
1414.999002	gene 17	4805
1414.999002	gene 17.5	5061
1414.999002	gene 18	4883
1414.999002	gene 18.5	4915
1414.999002	gene 18.7	4707
1414.999002	gene 19	4581
1414.999002	gene 19.2	4636
1414.999002	gene 19.3	4728
1414.999002	gene 19.5	4868
1414.999002	gene 2.5	3958
1414.999002	gene 2.8	3666
1414.999002	gene 3	3457
1414.999002	gene 3.8	4389
1414.999002	gene 4.2	4321
1414.999002	gene 4.3	4770
1414.999002	gene 4.5	5329
1414.999002	gene 4.7	5295
1414.999002	gene 4A	3339
1414.999002	gene 5	5165
1414.999002	gene 5.3	5374
1414.999002	gene 5.5	5339
1414.999002	gene 5.7	5192
1414.999002	gene 5.9	5077
1414.999002	gene 6	4783
1414.999002	gene 6.3	5082
1414.999002	gene 6.5	6783
1414.999002	gene 6.7	6455
1414.999002	gene 7	6711
1414.999002	gene 7.3	6609
1414.999002	gene 7.7	6807
1414.999002	gene 8	5751
1414.999002	gene 9	10375
1414.999002	gp-2	2270
1414.999002	lysozyme-3.5	3094
1414.999002	protein_kinase-0.7	537
1414.999002	rbs	25911
1414.999002	ribosome	2
1414.999002	rnapol-1	20
1414.999002	rnapol-3.5	400
1419.999007	E. coli B promoter	1
1419.999007	E. coli C promoter	1
1419.999007	E. coli promoter A1	1
1419.999007	E. coli promoter A2	1
1419.999007	E. coli promoter A3	1
1419.999007	T7 promoter phi1.1A	1
1419.999007	T7 promoter phi1.1B	1
1419.999007	T7 promoter phi1.3	1
1419.999007	T7 promoter phi1.5	1
1419.999007	T7 promoter phi1.6	1
1419.999007	T7 promoter phi10	0
1419.999007	T7 promoter phi13	1
1419.999007	T7 promoter phi17	0
1419.999007	T7 promoter phi2.5	1
1419.999007	T7 promoter phi3.8	1
1419.999007	T7 promoter phi4.3	1
1419.999007	T7 promoter phi4.7	1
1419.999007	T7 promoter phi4c	1
1419.999007	T7 promoter phi6.5	1
1419.999007	T7 promoter phi9	0
1419.999007	bound_ecolipol	0
1419.999007	bound_ecolipol_p	877
1419.999007	bound_ribosome	771
1419.999007	degraded_transcript	62145
1419.999007	ecoli_genome	923
1419.999007	ecoli_transcript	24531
1419.999007	ecolipol	0
1419.999007	ecolipol-2	0
1419.999007	ecolipol-2-p	916
1419.999007	ecolipol-p	7
1419.999007	gene 0.3	705
1419.999007	gene 1.1	2116
1419.999007	gene 1.2	1538
1419.999007	gene 1.3	2647
1419.999007	gene 1.4	2251
1419.999007	gene 1.5	2204
1419.999007	gene 1.6	2785
1419.999007	gene 1.7	3188
1419.999007	gene 1.8	3124
1419.999007	gene 10A	21753
1419.999007	gene 11	3225
1419.999007	gene 12	2804
1419.999007	gene 13	4618
1419.999007	gene 14	4514
1419.999007	gene 15	3859
1419.999007	gene 16	3612
1419.999007	gene 17	4837
1419.999007	gene 17.5	5099
1419.999007	gene 18	4919
1419.999007	gene 18.5	4950
1419.999007	gene 18.7	4746
1419.999007	gene 19	4620
1419.999007	gene 19.2	4663
1419.999007	gene 19.3	4765
1419.999007	gene 19.5	4907
1419.999007	gene 2.5	3980
1419.999007	gene 2.8	3684
1419.999007	gene 3	3473
1419.999007	gene 3.8	4415
1419.999007	gene 4.2	4343
1419.999007	gene 4.3	4805
1419.999007	gene 4.5	5354
1419.999007	gene 4.7	5328
1419.999007	gene 4A	3365
1419.999007	gene 5	5199
1419.999007	gene 5.3	5406
1419.999007	gene 5.5	5375
1419.999007	gene 5.7	5222
1419.999007	gene 5.9	5098
1419.999007	gene 6	4816
1419.999007	gene 6.3	5110
1419.999007	gene 6.5	6838
1419.999007	gene 6.7	6503
1419.999007	gene 7	6750
1419.999007	gene 7.3	6651
1419.999007	gene 7.7	6839
1419.999007	gene 8	5788
1419.999007	gene 9	10429
1419.999007	gp-2	2313
1419.999007	lysozyme-3.5	3096
1419.999007	protein_kinase-0.7	537
1419.999007	rbs	26073
1419.999007	ribosome	2
1419.999007	rnapol-1	5
1419.999007	rnapol-3.5	418
1424.999003	E. coli B promoter	1
1424.999003	E. coli C promoter	1
1424.999003	E. coli promoter A1	1
1424.999003	E. coli promoter A2	1
1424.999003	E. coli promoter A3	1
1424.999003	T7 promoter phi1.1A	1
1424.999003	T7 promoter phi1.1B	1
1424.999003	T7 promoter phi1.3	1
1424.999003	T7 promoter phi1.5	1
1424.999003	T7 promoter phi1.6	1
1424.999003	T7 promoter phi10	1
1424.999003	T7 promoter phi13	1
1424.999003	T7 promoter phi17	1
1424.999003	T7 promoter phi2.5	1
1424.999003	T7 promoter phi3.8	1
1424.999003	T7 promoter phi4.3	1
1424.999003	T7 promoter phi4.7	0
1424.999003	T7 promoter phi4c	1
1424.999003	T7 promoter phi6.5	1
1424.999003	T7 promoter phi9	1
1424.999003	bound_ecolipol	0
1424.999003	bound_ecolipol_p	868
1424.999003	bound_ribosome	729
1424.999003	degraded_transcript	62412
1424.999003	ecoli_genome	932
1424.999003	ecoli_transcript	24497
1424.999003	ecolipol	0
1424.999003	ecolipol-2	0
1424.999003	ecolipol-2-p	924
1424.999003	ecolipol-p	8
1424.999003	gene 0.3	706
1424.999003	gene 1.1	2125
1424.999003	gene 1.2	1541
1424.999003	gene 1.3	2673
1424.999003	gene 1.4	2262
1424.999003	gene 1.5	2221
1424.999003	gene 1.6	2800
1424.999003	gene 1.7	3206
1424.999003	gene 1.8	3140
1424.999003	gene 10A	21889
1424.999003	gene 11	3241
1424.999003	gene 12	2824
1424.999003	gene 13	4644
1424.999003	gene 14	4544
1424.999003	gene 15	3873
1424.999003	gene 16	3645
1424.999003	gene 17	4865
1424.999003	gene 17.5	5125
1424.999003	gene 18	4954
1424.999003	gene 18.5	4994
1424.999003	gene 18.7	4779
1424.999003	gene 19	4661
1424.999003	gene 19.2	4702
1424.999003	gene 19.3	4798
1424.999003	gene 19.5	4944
1424.999003	gene 2.5	4004
1424.999003	gene 2.8	3710
1424.999003	gene 3	3491
1424.999003	gene 3.8	4436
1424.999003	gene 4.2	4372
1424.999003	gene 4.3	4831
1424.999003	gene 4.5	5387
1424.999003	gene 4.7	5362
1424.999003	gene 4A	3391
1424.999003	gene 5	5234
1424.999003	gene 5.3	5438
1424.999003	gene 5.5	5401
1424.999003	gene 5.7	5256
1424.999003	gene 5.9	5123
1424.999003	gene 6	4847
1424.999003	gene 6.3	5144
1424.999003	gene 6.5	6879
1424.999003	gene 6.7	6546
1424.999003	gene 7	6794
1424.999003	gene 7.3	6682
1424.999003	gene 7.7	6879
1424.999003	gene 8	5835
1424.999003	gene 9	10496
1424.999003	gp-2	2322
1424.999003	lysozyme-3.5	3115
1424.999003	protein_kinase-0.7	537
1424.999003	rbs	26198
1424.999003	ribosome	1
1424.999003	rnapol-1	6
1424.999003	rnapol-3.5	424
1429.999001	E. coli B promoter	1
1429.999001	E. coli C promoter	1
1429.999001	E. coli promoter A1	1
1429.999001	E. coli promoter A2	1
1429.999001	E. coli promoter A3	1
1429.999001	T7 promoter phi1.1A	1
1429.999001	T7 promoter phi1.1B	1
1429.999001	T7 promoter phi1.3	1
1429.999001	T7 promoter phi1.5	1
1429.999001	T7 promoter phi1.6	1
1429.999001	T7 promoter phi10	1
1429.999001	T7 promoter phi13	1
1429.999001	T7 promoter phi17	1
1429.999001	T7 promoter phi2.5	0
1429.999001	T7 promoter phi3.8	1
1429.999001	T7 promoter phi4.3	1
1429.999001	T7 promoter phi4.7	1
1429.999001	T7 promoter phi4c	1
1429.999001	T7 promoter phi6.5	1
1429.999001	T7 promoter phi9	0
1429.999001	bound_ecolipol	0
1429.999001	bound_ecolipol_p	839
1429.999001	bound_ribosome	734
1429.999001	degraded_transcript	62641
1429.999001	ecoli_genome	961
1429.999001	ecoli_transcript	24456
1429.999001	ecolipol	0
1429.999001	ecolipol-2	0
1429.999001	ecolipol-2-p	953
1429.999001	ecolipol-p	8
1429.999001	gene 0.3	706
1429.999001	gene 1.1	2131
1429.999001	gene 1.2	1553
1429.999001	gene 1.3	2688
1429.999001	gene 1.4	2273
1429.999001	gene 1.5	2236
1429.999001	gene 1.6	2819
1429.999001	gene 1.7	3233
1429.999001	gene 1.8	3160
1429.999001	gene 10A	22028
1429.999001	gene 11	3266
1429.999001	gene 12	2847
1429.999001	gene 13	4677
1429.999001	gene 14	4573
1429.999001	gene 15	3900
1429.999001	gene 16	3681
1429.999001	gene 17	4907
1429.999001	gene 17.5	5160
1429.999001	gene 18	4989
1429.999001	gene 18.5	5034
1429.999001	gene 18.7	4815
1429.999001	gene 19	4697
1429.999001	gene 19.2	4727
1429.999001	gene 19.3	4830
1429.999001	gene 19.5	4977
1429.999001	gene 2.5	4034
1429.999001	gene 2.8	3731
1429.999001	gene 3	3521
1429.999001	gene 3.8	4462
1429.999001	gene 4.2	4392
1429.999001	gene 4.3	4870
1429.999001	gene 4.5	5420
1429.999001	gene 4.7	5395
1429.999001	gene 4A	3423
1429.999001	gene 5	5260
1429.999001	gene 5.3	5461
1429.999001	gene 5.5	5432
1429.999001	gene 5.7	5293
1429.999001	gene 5.9	5154
1429.999001	gene 6	4873
1429.999001	gene 6.3	5174
1429.999001	gene 6.5	6919
1429.999001	gene 6.7	6577
1429.999001	gene 7	6843
1429.999001	gene 7.3	6721
1429.999001	gene 7.7	6941
1429.999001	gene 8	5870
1429.999001	gene 9	10566
1429.999001	gp-2	2314
1429.999001	lysozyme-3.5	3137
1429.999001	protein_kinase-0.7	539
1429.999001	rbs	26389
1429.999001	ribosome	0
1429.999001	rnapol-1	5
1429.999001	rnapol-3.5	423
1434.999004	E. coli B promoter	1
1434.999004	E. coli C promoter	1
1434.999004	E. coli promoter A1	1
1434.999004	E. coli promoter A2	1
1434.999004	E. coli promoter A3	1
1434.999004	T7 promoter phi1.1A	1
1434.999004	T7 promoter phi1.1B	1
1434.999004	T7 promoter phi1.3	1
1434.999004	T7 promoter phi1.5	1
1434.999004	T7 promoter phi1.6	1
1434.999004	T7 promoter phi10	1
1434.999004	T7 promoter phi13	1
1434.999004	T7 promoter phi17	0
1434.999004	T7 promoter phi2.5	0
1434.999004	T7 promoter phi3.8	1
1434.999004	T7 promoter phi4.3	0
1434.999004	T7 promoter phi4.7	1
1434.999004	T7 promoter phi4c	1
1434.999004	T7 promoter phi6.5	1
1434.999004	T7 promoter phi9	0
1434.999004	bound_ecolipol	0
1434.999004	bound_ecolipol_p	841
1434.999004	bound_ribosome	724
1434.999004	degraded_transcript	62878
1434.999004	ecoli_genome	959
1434.999004	ecoli_transcript	24397
1434.999004	ecolipol	0
1434.999004	ecolipol-2	0
1434.999004	ecolipol-2-p	954
1434.999004	ecolipol-p	5
1434.999004	gene 0.3	707
1434.999004	gene 1.1	2141
1434.999004	gene 1.2	1556
1434.999004	gene 1.3	2705
1434.999004	gene 1.4	2287
1434.999004	gene 1.5	2250
1434.999004	gene 1.6	2836
1434.999004	gene 1.7	3256
1434.999004	gene 1.8	3186
1434.999004	gene 10A	22181
1434.999004	gene 11	3292
1434.999004	gene 12	2861
1434.999004	gene 13	4710
1434.999004	gene 14	4611
1434.999004	gene 15	3925
1434.999004	gene 16	3709
1434.999004	gene 17	4941
1434.999004	gene 17.5	5203
1434.999004	gene 18	5023
1434.999004	gene 18.5	5064
1434.999004	gene 18.7	4842
1434.999004	gene 19	4722
1434.999004	gene 19.2	4757
1434.999004	gene 19.3	4860
1434.999004	gene 19.5	5018
1434.999004	gene 2.5	4061
1434.999004	gene 2.8	3758
1434.999004	gene 3	3546
1434.999004	gene 3.8	4484
1434.999004	gene 4.2	4415
1434.999004	gene 4.3	4891
1434.999004	gene 4.5	5453
1434.999004	gene 4.7	5428
1434.999004	gene 4A	3446
1434.999004	gene 5	5290
1434.999004	gene 5.3	5499
1434.999004	gene 5.5	5468
1434.999004	gene 5.7	5335
1434.999004	gene 5.9	5191
1434.999004	gene 6	4894
1434.999004	gene 6.3	5206
1434.999004	gene 6.5	6964
1434.999004	gene 6.7	6626
1434.999004	gene 7	6892
1434.999004	gene 7.3	6758
1434.999004	gene 7.7	6980
1434.999004	gene 8	5904
1434.999004	gene 9	10639
1434.999004	gp-2	2331
1434.999004	lysozyme-3.5	3158
1434.999004	protein_kinase-0.7	540
1434.999004	rbs	26561
1434.999004	ribosome	1
1434.999004	rnapol-1	7
1434.999004	rnapol-3.5	424
1439.999001	E. coli B promoter	1
1439.999001	E. coli C promoter	1
1439.999001	E. coli promoter A1	1
1439.999001	E. coli promoter A2	1
1439.999001	E. coli promoter A3	1
1439.999001	T7 promoter phi1.1A	1
1439.999001	T7 promoter phi1.1B	1
1439.999001	T7 promoter phi1.3	1
1439.999001	T7 promoter phi1.5	1
1439.999001	T7 promoter phi1.6	0
1439.999001	T7 promoter phi10	0
1439.999001	T7 promoter phi13	1
1439.999001	T7 promoter phi17	1
1439.999001	T7 promoter phi2.5	1
1439.999001	T7 promoter phi3.8	1
1439.999001	T7 promoter phi4.3	1
1439.999001	T7 promoter phi4.7	1
1439.999001	T7 promoter phi4c	1
1439.999001	T7 promoter phi6.5	1
1439.999001	T7 promoter phi9	0
1439.999001	bound_ecolipol	0
1439.999001	bound_ecolipol_p	825
1439.999001	bound_ribosome	734
1439.999001	degraded_transcript	63103
1439.999001	ecoli_genome	975
1439.999001	ecoli_transcript	24345
1439.999001	ecolipol	0
1439.999001	ecolipol-2	0
1439.999001	ecolipol-2-p	967
1439.999001	ecolipol-p	8
1439.999001	gene 0.3	707
1439.999001	gene 1.1	2155
1439.999001	gene 1.2	1562
1439.999001	gene 1.3	2724
1439.999001	gene 1.4	2303
1439.999001	gene 1.5	2266
1439.999001	gene 1.6	2856
1439.999001	gene 1.7	3274
1439.999001	gene 1.8	3206
1439.999001	gene 10A	22319
1439.999001	gene 11	3319
1439.999001	gene 12	2879
1439.999001	gene 13	4744
1439.999001	gene 14	4638
1439.999001	gene 15	3949
1439.999001	gene 16	3732
1439.999001	gene 17	4974
1439.999001	gene 17.5	5230
1439.999001	gene 18	5063
1439.999001	gene 18.5	5102
1439.999001	gene 18.7	4871
1439.999001	gene 19	4753
1439.999001	gene 19.2	4789
1439.999001	gene 19.3	4895
1439.999001	gene 19.5	5050
1439.999001	gene 2.5	4087
1439.999001	gene 2.8	3785
1439.999001	gene 3	3568
1439.999001	gene 3.8	4513
1439.999001	gene 4.2	4435
1439.999001	gene 4.3	4927
1439.999001	gene 4.5	5486
1439.999001	gene 4.7	5462
1439.999001	gene 4A	3476
1439.999001	gene 5	5321
1439.999001	gene 5.3	5541
1439.999001	gene 5.5	5499
1439.999001	gene 5.7	5366
1439.999001	gene 5.9	5223
1439.999001	gene 6	4914
1439.999001	gene 6.3	5237
1439.999001	gene 6.5	7017
1439.999001	gene 6.7	6667
1439.999001	gene 7	6943
1439.999001	gene 7.3	6793
1439.999001	gene 7.7	7019
1439.999001	gene 8	5943
1439.999001	gene 9	10701
1439.999001	gp-2	2341
1439.999001	lysozyme-3.5	3178
1439.999001	protein_kinase-0.7	541
1439.999001	rbs	26755
1439.999001	ribosome	2
1439.999001	rnapol-1	14
1439.999001	rnapol-3.5	422
1444.999007	E. coli B promoter	1
1444.999007	E. coli C promoter	1
1444.999007	E. coli promoter A1	1
1444.999007	E. coli promoter A2	1
1444.999007	E. coli promoter A3	1
1444.999007	T7 promoter phi1.1A	1
1444.999007	T7 promoter phi1.1B	1
1444.999007	T7 promoter phi1.3	1
1444.999007	T7 promoter phi1.5	1
1444.999007	T7 promoter phi1.6	1
1444.999007	T7 promoter phi10	1
1444.999007	T7 promoter phi13	1
1444.999007	T7 promoter phi17	1
1444.999007	T7 promoter phi2.5	1
1444.999007	T7 promoter phi3.8	1
1444.999007	T7 promoter phi4.3	1
1444.999007	T7 promoter phi4.7	1
1444.999007	T7 promoter phi4c	1
1444.999007	T7 promoter phi6.5	1
1444.999007	T7 promoter phi9	0
1444.999007	bound_ecolipol	0
1444.999007	bound_ecolipol_p	839
1444.999007	bound_ribosome	729
1444.999007	degraded_transcript	63351
1444.999007	ecoli_genome	961
1444.999007	ecoli_transcript	24272
1444.999007	ecolipol	0
1444.999007	ecolipol-2	0
1444.999007	ecolipol-2-p	955
1444.999007	ecolipol-p	6
1444.999007	gene 0.3	708
1444.999007	gene 1.1	2163
1444.999007	gene 1.2	1568
1444.999007	gene 1.3	2733
1444.999007	gene 1.4	2318
1444.999007	gene 1.5	2284
1444.999007	gene 1.6	2876
1444.999007	gene 1.7	3293
1444.999007	gene 1.8	3226
1444.999007	gene 10A	22438
1444.999007	gene 11	3337
1444.999007	gene 12	2899
1444.999007	gene 13	4777
1444.999007	gene 14	4671
1444.999007	gene 15	3975
1444.999007	gene 16	3765
1444.999007	gene 17	5008
1444.999007	gene 17.5	5262
1444.999007	gene 18	5095
1444.999007	gene 18.5	5144
1444.999007	gene 18.7	4904
1444.999007	gene 19	4791
1444.999007	gene 19.2	4822
1444.999007	gene 19.3	4930
1444.999007	gene 19.5	5079
1444.999007	gene 2.5	4108
1444.999007	gene 2.8	3803
1444.999007	gene 3	3592
1444.999007	gene 3.8	4543
1444.999007	gene 4.2	4458
1444.999007	gene 4.3	4951
1444.999007	gene 4.5	5521
1444.999007	gene 4.7	5491
1444.999007	gene 4A	3499
1444.999007	gene 5	5358
1444.999007	gene 5.3	5574
1444.999007	gene 5.5	5529
1444.999007	gene 5.7	5404
1444.999007	gene 5.9	5251
1444.999007	gene 6	4932
1444.999007	gene 6.3	5264
1444.999007	gene 6.5	7058
1444.999007	gene 6.7	6713
1444.999007	gene 7	6989
1444.999007	gene 7.3	6838
1444.999007	gene 7.7	7059
1444.999007	gene 8	5986
1444.999007	gene 9	10772
1444.999007	gp-2	2376
1444.999007	lysozyme-3.5	3197
1444.999007	protein_kinase-0.7	541
1444.999007	rbs	26884
1444.999007	ribosome	0
1444.999007	rnapol-1	12
1444.999007	rnapol-3.5	425
1449.999000	E. coli B promoter	1
1449.999000	E. coli C promoter	1
1449.999000	E. coli promoter A1	1
1449.999000	E. coli promoter A2	1
1449.999000	E. coli promoter A3	1
1449.999000	T7 promoter phi1.1A	1
1449.999000	T7 promoter phi1.1B	1
1449.999000	T7 promoter phi1.3	1
1449.999000	T7 promoter phi1.5	1
1449.999000	T7 promoter phi1.6	1
1449.999000	T7 promoter phi10	0
1449.999000	T7 promoter phi13	0
1449.999000	T7 promoter phi17	1
1449.999000	T7 promoter phi2.5	1
1449.999000	T7 promoter phi3.8	1
1449.999000	T7 promoter phi4.3	1
1449.999000	T7 promoter phi4.7	0
1449.999000	T7 promoter phi4c	1
1449.999000	T7 promoter phi6.5	1
1449.999000	T7 promoter phi9	1
1449.999000	bound_ecolipol	0
1449.999000	bound_ecolipol_p	837
1449.999000	bound_ribosome	712
1449.999000	degraded_transcript	63579
1449.999000	ecoli_genome	963
1449.999000	ecoli_transcript	24232
1449.999000	ecolipol	0
1449.999000	ecolipol-2	0
1449.999000	ecolipol-2-p	956
1449.999000	ecolipol-p	7
1449.999000	gene 0.3	708
1449.999000	gene 1.1	2179
1449.999000	gene 1.2	1573
1449.999000	gene 1.3	2750
1449.999000	gene 1.4	2334
1449.999000	gene 1.5	2302
1449.999000	gene 1.6	2895
1449.999000	gene 1.7	3313
1449.999000	gene 1.8	3244
1449.999000	gene 10A	22570
1449.999000	gene 11	3366
1449.999000	gene 12	2917
1449.999000	gene 13	4813
1449.999000	gene 14	4699
1449.999000	gene 15	4002
1449.999000	gene 16	3794
1449.999000	gene 17	5036
1449.999000	gene 17.5	5307
1449.999000	gene 18	5130
1449.999000	gene 18.5	5180
1449.999000	gene 18.7	4927
1449.999000	gene 19	4813
1449.999000	gene 19.2	4856
1449.999000	gene 19.3	4976
1449.999000	gene 19.5	5118
1449.999000	gene 2.5	4126
1449.999000	gene 2.8	3822
1449.999000	gene 3	3615
1449.999000	gene 3.8	4574
1449.999000	gene 4.2	4487
1449.999000	gene 4.3	4977
1449.999000	gene 4.5	5546
1449.999000	gene 4.7	5518
1449.999000	gene 4A	3523
1449.999000	gene 5	5397
1449.999000	gene 5.3	5602
1449.999000	gene 5.5	5554
1449.999000	gene 5.7	5439
1449.999000	gene 5.9	5287
1449.999000	gene 6	4969
1449.999000	gene 6.3	5296
1449.999000	gene 6.5	7109
1449.999000	gene 6.7	6752
1449.999000	gene 7	7039
1449.999000	gene 7.3	6874
1449.999000	gene 7.7	7104
1449.999000	gene 8	6029
1449.999000	gene 9	10840
1449.999000	gp-2	2390
1449.999000	lysozyme-3.5	3226
1449.999000	protein_kinase-0.7	542
1449.999000	rbs	27148
1449.999000	ribosome	1
1449.999000	rnapol-1	9
1449.999000	rnapol-3.5	423
1454.999005	E. coli B promoter	1
1454.999005	E. coli C promoter	1
1454.999005	E. coli promoter A1	1
1454.999005	E. coli promoter A2	1
1454.999005	E. coli promoter A3	1
1454.999005	T7 promoter phi1.1A	1
1454.999005	T7 promoter phi1.1B	1
1454.999005	T7 promoter phi1.3	1
1454.999005	T7 promoter phi1.5	1
1454.999005	T7 promoter phi1.6	1
1454.999005	T7 promoter phi10	0
1454.999005	T7 promoter phi13	1
1454.999005	T7 promoter phi17	1
1454.999005	T7 promoter phi2.5	1
1454.999005	T7 promoter phi3.8	1
1454.999005	T7 promoter phi4.3	1
1454.999005	T7 promoter phi4.7	1
1454.999005	T7 promoter phi4c	1
1454.999005	T7 promoter phi6.5	1
1454.999005	T7 promoter phi9	1
1454.999005	bound_ecolipol	0
1454.999005	bound_ecolipol_p	837
1454.999005	bound_ribosome	694
1454.999005	degraded_transcript	63825
1454.999005	ecoli_genome	963
1454.999005	ecoli_transcript	24166
1454.999005	ecolipol	0
1454.999005	ecolipol-2	0
1454.999005	ecolipol-2-p	951
1454.999005	ecolipol-p	12
1454.999005	gene 0.3	708
1454.999005	gene 1.1	2187
1454.999005	gene 1.2	1585
1454.999005	gene 1.3	2759
1454.999005	gene 1.4	2351
1454.999005	gene 1.5	2311
1454.999005	gene 1.6	2914
1454.999005	gene 1.7	3334
1454.999005	gene 1.8	3264
1454.999005	gene 10A	22709
1454.999005	gene 11	3382
1454.999005	gene 12	2945
1454.999005	gene 13	4841
1454.999005	gene 14	4722
1454.999005	gene 15	4028
1454.999005	gene 16	3820
1454.999005	gene 17	5067
1454.999005	gene 17.5	5343
1454.999005	gene 18	5164
1454.999005	gene 18.5	5216
1454.999005	gene 18.7	4966
1454.999005	gene 19	4850
1454.999005	gene 19.2	4886
1454.999005	gene 19.3	5009
1454.999005	gene 19.5	5157
1454.999005	gene 2.5	4143
1454.999005	gene 2.8	3842
1454.999005	gene 3	3630
1454.999005	gene 3.8	4606
1454.999005	gene 4.2	4526
1454.999005	gene 4.3	5018
1454.999005	gene 4.5	5576
1454.999005	gene 4.7	5553
1454.999005	gene 4A	3541
1454.999005	gene 5	5431
1454.999005	gene 5.3	5636
1454.999005	gene 5.5	5584
1454.999005	gene 5.7	5471
1454.999005	gene 5.9	5319
1454.999005	gene 6	4996
1454.999005	gene 6.3	5332
1454.999005	gene 6.5	7138
1454.999005	gene 6.7	6782
1454.999005	gene 7	7088
1454.999005	gene 7.3	6905
1454.999005	gene 7.7	7146
1454.999005	gene 8	6070
1454.999005	gene 9	10913
1454.999005	gp-2	2414
1454.999005	lysozyme-3.5	3248
1454.999005	protein_kinase-0.7	542
1454.999005	rbs	27314
1454.999005	ribosome	0
1454.999005	rnapol-1	6
1454.999005	rnapol-3.5	418
1459.999003	E. coli B promoter	1
1459.999003	E. coli C promoter	1
1459.999003	E. coli promoter A1	1
1459.999003	E. coli promoter A2	1
1459.999003	E. coli promoter A3	1
1459.999003	T7 promoter phi1.1A	1
1459.999003	T7 promoter phi1.1B	1
1459.999003	T7 promoter phi1.3	1
1459.999003	T7 promoter phi1.5	1
1459.999003	T7 promoter phi1.6	1
1459.999003	T7 promoter phi10	0
1459.999003	T7 promoter phi13	0
1459.999003	T7 promoter phi17	0
1459.999003	T7 promoter phi2.5	1
1459.999003	T7 promoter phi3.8	0
1459.999003	T7 promoter phi4.3	1
1459.999003	T7 promoter phi4.7	1
1459.999003	T7 promoter phi4c	0
1459.999003	T7 promoter phi6.5	1
1459.999003	T7 promoter phi9	1
1459.999003	bound_ecolipol	0
1459.999003	bound_ecolipol_p	851
1459.999003	bound_ribosome	676
1459.999003	degraded_transcript	64027
1459.999003	ecoli_genome	949
1459.999003	ecoli_transcript	24121
1459.999003	ecolipol	0
1459.999003	ecolipol-2	0
1459.999003	ecolipol-2-p	940
1459.999003	ecolipol-p	9
1459.999003	gene 0.3	708
1459.999003	gene 1.1	2199
1459.999003	gene 1.2	1588
1459.999003	gene 1.3	2771
1459.999003	gene 1.4	2368
1459.999003	gene 1.5	2321
1459.999003	gene 1.6	2940
1459.999003	gene 1.7	3353
1459.999003	gene 1.8	3282
1459.999003	gene 10A	22829
1459.999003	gene 11	3412
1459.999003	gene 12	2965
1459.999003	gene 13	4873
1459.999003	gene 14	4757
1459.999003	gene 15	4062
1459.999003	gene 16	3861
1459.999003	gene 17	5105
1459.999003	gene 17.5	5383
1459.999003	gene 18	5205
1459.999003	gene 18.5	5249
1459.999003	gene 18.7	4994
1459.999003	gene 19	4882
1459.999003	gene 19.2	4918
1459.999003	gene 19.3	5046
1459.999003	gene 19.5	5195
1459.999003	gene 2.5	4177
1459.999003	gene 2.8	3866
1459.999003	gene 3	3644
1459.999003	gene 3.8	4629
1459.999003	gene 4.2	4554
1459.999003	gene 4.3	5034
1459.999003	gene 4.5	5601
1459.999003	gene 4.7	5586
1459.999003	gene 4A	3568
1459.999003	gene 5	5459
1459.999003	gene 5.3	5671
1459.999003	gene 5.5	5618
1459.999003	gene 5.7	5505
1459.999003	gene 5.9	5356
1459.999003	gene 6	5019
1459.999003	gene 6.3	5362
1459.999003	gene 6.5	7191
1459.999003	gene 6.7	6829
1459.999003	gene 7	7129
1459.999003	gene 7.3	6948
1459.999003	gene 7.7	7193
1459.999003	gene 8	6103
1459.999003	gene 9	10975
1459.999003	gp-2	2440
1459.999003	lysozyme-3.5	3262
1459.999003	protein_kinase-0.7	542
1459.999003	rbs	27476
1459.999003	ribosome	2
1459.999003	rnapol-1	2
1459.999003	rnapol-3.5	429
1464.999001	E. coli B promoter	1
1464.999001	E. coli C promoter	1
1464.999001	E. coli promoter A1	1
1464.999001	E. coli promoter A2	1
1464.999001	E. coli promoter A3	1
1464.999001	T7 promoter phi1.1A	1
1464.999001	T7 promoter phi1.1B	1
1464.999001	T7 promoter phi1.3	1
1464.999001	T7 promoter phi1.5	0
1464.999001	T7 promoter phi1.6	1
1464.999001	T7 promoter phi10	1
1464.999001	T7 promoter phi13	1
1464.999001	T7 promoter phi17	1
1464.999001	T7 promoter phi2.5	1
1464.999001	T7 promoter phi3.8	1
1464.999001	T7 promoter phi4.3	1
1464.999001	T7 promoter phi4.7	1
1464.999001	T7 promoter phi4c	1
1464.999001	T7 promoter phi6.5	1
1464.999001	T7 promoter phi9	0
1464.999001	bound_ecolipol	0
1464.999001	bound_ecolipol_p	843
1464.999001	bound_ribosome	655
1464.999001	degraded_transcript	64240
1464.999001	ecoli_genome	957
1464.999001	ecoli_transcript	24091
1464.999001	ecolipol	0
1464.999001	ecolipol-2	0
1464.999001	ecolipol-2-p	949
1464.999001	ecolipol-p	8
1464.999001	gene 0.3	708
1464.999001	gene 1.1	2210
1464.999001	gene 1.2	1593
1464.999001	gene 1.3	2786
1464.999001	gene 1.4	2383
1464.999001	gene 1.5	2336
1464.999001	gene 1.6	2964
1464.999001	gene 1.7	3370
1464.999001	gene 1.8	3307
1464.999001	gene 10A	22954
1464.999001	gene 11	3429
1464.999001	gene 12	2996
1464.999001	gene 13	4904
1464.999001	gene 14	4792
1464.999001	gene 15	4090
1464.999001	gene 16	3887
1464.999001	gene 17	5145
1464.999001	gene 17.5	5417
1464.999001	gene 18	5248
1464.999001	gene 18.5	5283
1464.999001	gene 18.7	5029
1464.999001	gene 19	4917
1464.999001	gene 19.2	4953
1464.999001	gene 19.3	5078
1464.999001	gene 19.5	5230
1464.999001	gene 2.5	4195
1464.999001	gene 2.8	3888
1464.999001	gene 3	3665
1464.999001	gene 3.8	4650
1464.999001	gene 4.2	4589
1464.999001	gene 4.3	5071
1464.999001	gene 4.5	5637
1464.999001	gene 4.7	5631
1464.999001	gene 4A	3585
1464.999001	gene 5	5499
1464.999001	gene 5.3	5710
1464.999001	gene 5.5	5647
1464.999001	gene 5.7	5537
1464.999001	gene 5.9	5386
1464.999001	gene 6	5057
1464.999001	gene 6.3	5395
1464.999001	gene 6.5	7229
1464.999001	gene 6.7	6869
1464.999001	gene 7	7179
1464.999001	gene 7.3	6997
1464.999001	gene 7.7	7238
1464.999001	gene 8	6139
1464.999001	gene 9	11039
1464.999001	gp-2	2450
1464.999001	lysozyme-3.5	3279
1464.999001	protein_kinase-0.7	543
1464.999001	rbs	27692
1464.999001	ribosome	1
1464.999001	rnapol-1	10
1464.999001	rnapol-3.5	425
1469.999001	E. coli B promoter	1
1469.999001	E. coli C promoter	1
1469.999001	E. coli promoter A1	1
1469.999001	E. coli promoter A2	1
1469.999001	E. coli promoter A3	1
1469.999001	T7 promoter phi1.1A	1
1469.999001	T7 promoter phi1.1B	1
1469.999001	T7 promoter phi1.3	1
1469.999001	T7 promoter phi1.5	1
1469.999001	T7 promoter phi1.6	1
1469.999001	T7 promoter phi10	0
1469.999001	T7 promoter phi13	1
1469.999001	T7 promoter phi17	1
1469.999001	T7 promoter phi2.5	1
1469.999001	T7 promoter phi3.8	1
1469.999001	T7 promoter phi4.3	1
1469.999001	T7 promoter phi4.7	1
1469.999001	T7 promoter phi4c	0
1469.999001	T7 promoter phi6.5	1
1469.999001	T7 promoter phi9	1
1469.999001	bound_ecolipol	0
1469.999001	bound_ecolipol_p	835
1469.999001	bound_ribosome	645
1469.999001	degraded_transcript	64478
1469.999001	ecoli_genome	965
1469.999001	ecoli_transcript	24024
1469.999001	ecolipol	0
1469.999001	ecolipol-2	0
1469.999001	ecolipol-2-p	958
1469.999001	ecolipol-p	7
1469.999001	gene 0.3	708
1469.999001	gene 1.1	2218
1469.999001	gene 1.2	1601
1469.999001	gene 1.3	2800
1469.999001	gene 1.4	2404
1469.999001	gene 1.5	2350
1469.999001	gene 1.6	2977
1469.999001	gene 1.7	3391
1469.999001	gene 1.8	3332
1469.999001	gene 10A	23075
1469.999001	gene 11	3454
1469.999001	gene 12	3012
1469.999001	gene 13	4936
1469.999001	gene 14	4819
1469.999001	gene 15	4123
1469.999001	gene 16	3917
1469.999001	gene 17	5174
1469.999001	gene 17.5	5445
1469.999001	gene 18	5276
1469.999001	gene 18.5	5314
1469.999001	gene 18.7	5061
1469.999001	gene 19	4954
1469.999001	gene 19.2	4983
1469.999001	gene 19.3	5119
1469.999001	gene 19.5	5266
1469.999001	gene 2.5	4222
1469.999001	gene 2.8	3906
1469.999001	gene 3	3690
1469.999001	gene 3.8	4676
1469.999001	gene 4.2	4615
1469.999001	gene 4.3	5094
1469.999001	gene 4.5	5669
1469.999001	gene 4.7	5665
1469.999001	gene 4A	3608
1469.999001	gene 5	5528
1469.999001	gene 5.3	5744
1469.999001	gene 5.5	5682
1469.999001	gene 5.7	5567
1469.999001	gene 5.9	5420
1469.999001	gene 6	5094
1469.999001	gene 6.3	5423
1469.999001	gene 6.5	7272
1469.999001	gene 6.7	6911
1469.999001	gene 7	7212
1469.999001	gene 7.3	7038
1469.999001	gene 7.7	7276
1469.999001	gene 8	6174
1469.999001	gene 9	11114
1469.999001	gp-2	2466
1469.999001	lysozyme-3.5	3304
1469.999001	protein_kinase-0.7	546
1469.999001	rbs	27920
1469.999001	ribosome	1
1469.999001	rnapol-1	10
1469.999001	rnapol-3.5	416
1474.999002	E. coli B promoter	1
1474.999002	E. coli C promoter	1
1474.999002	E. coli promoter A1	1
1474.999002	E. coli promoter A2	1
1474.999002	E. coli promoter A3	1
1474.999002	T7 promoter phi1.1A	1
1474.999002	T7 promoter phi1.1B	1
1474.999002	T7 promoter phi1.3	1
1474.999002	T7 promoter phi1.5	0
1474.999002	T7 promoter phi1.6	1
1474.999002	T7 promoter phi10	0
1474.999002	T7 promoter phi13	1
1474.999002	T7 promoter phi17	1
1474.999002	T7 promoter phi2.5	1
1474.999002	T7 promoter phi3.8	1
1474.999002	T7 promoter phi4.3	1
1474.999002	T7 promoter phi4.7	1
1474.999002	T7 promoter phi4c	1
1474.999002	T7 promoter phi6.5	0
1474.999002	T7 promoter phi9	1
1474.999002	bound_ecolipol	0
1474.999002	bound_ecolipol_p	854
1474.999002	bound_ribosome	656
1474.999002	degraded_transcript	64703
1474.999002	ecoli_genome	946
1474.999002	ecoli_transcript	23944
1474.999002	ecolipol	0
1474.999002	ecolipol-2	0
1474.999002	ecolipol-2-p	932
1474.999002	ecolipol-p	14
1474.999002	gene 0.3	708
1474.999002	gene 1.1	2224
1474.999002	gene 1.2	1604
1474.999002	gene 1.3	2816
1474.999002	gene 1.4	2422
1474.999002	gene 1.5	2361
1474.999002	gene 1.6	2996
1474.999002	gene 1.7	3409
1474.999002	gene 1.8	3347
1474.999002	gene 10A	23210
1474.999002	gene 11	3470
1474.999002	gene 12	3027
1474.999002	gene 13	4970
1474.999002	gene 14	4844
1474.999002	gene 15	4152
1474.999002	gene 16	3950
1474.999002	gene 17	5211
1474.999002	gene 17.5	5479
1474.999002	gene 18	5312
1474.999002	gene 18.5	5353
1474.999002	gene 18.7	5098
1474.999002	gene 19	4989
1474.999002	gene 19.2	5024
1474.999002	gene 19.3	5154
1474.999002	gene 19.5	5310
1474.999002	gene 2.5	4241
1474.999002	gene 2.8	3925
1474.999002	gene 3	3716
1474.999002	gene 3.8	4696
1474.999002	gene 4.2	4636
1474.999002	gene 4.3	5121
1474.999002	gene 4.5	5703
1474.999002	gene 4.7	5707
1474.999002	gene 4A	3634
1474.999002	gene 5	5562
1474.999002	gene 5.3	5778
1474.999002	gene 5.5	5713
1474.999002	gene 5.7	5602
1474.999002	gene 5.9	5457
1474.999002	gene 6	5130
1474.999002	gene 6.3	5451
1474.999002	gene 6.5	7307
1474.999002	gene 6.7	6949
1474.999002	gene 7	7260
1474.999002	gene 7.3	7077
1474.999002	gene 7.7	7326
1474.999002	gene 8	6214
1474.999002	gene 9	11165
1474.999002	gp-2	2508
1474.999002	lysozyme-3.5	3318
1474.999002	protein_kinase-0.7	547
1474.999002	rbs	28042
1474.999002	ribosome	0
1474.999002	rnapol-1	6
1474.999002	rnapol-3.5	422
1479.999005	E. coli B promoter	1
1479.999005	E. coli C promoter	1
1479.999005	E. coli promoter A1	1
1479.999005	E. coli promoter A2	1
1479.999005	E. coli promoter A3	1
1479.999005	T7 promoter phi1.1A	1
1479.999005	T7 promoter phi1.1B	1
1479.999005	T7 promoter phi1.3	1
1479.999005	T7 promoter phi1.5	1
1479.999005	T7 promoter phi1.6	1
1479.999005	T7 promoter phi10	0
1479.999005	T7 promoter phi13	1
1479.999005	T7 promoter phi17	1
1479.999005	T7 promoter phi2.5	1
1479.999005	T7 promoter phi3.8	0
1479.999005	T7 promoter phi4.3	1
1479.999005	T7 promoter phi4.7	1
1479.999005	T7 promoter phi4c	1
1479.999005	T7 promoter phi6.5	1
1479.999005	T7 promoter phi9	0
1479.999005	bound_ecolipol	0
1479.999005	bound_ecolipol_p	831
1479.999005	bound_ribosome	673
1479.999005	degraded_transcript	64952
1479.999005	ecoli_genome	969
1479.999005	ecoli_transcript	23849
1479.999005	ecolipol	0
1479.999005	ecolipol-2	0
1479.999005	ecolipol-2-p	963
1479.999005	ecolipol-p	6
1479.999005	gene 0.3	708
1479.999005	gene 1.1	2233
1479.999005	gene 1.2	1611
1479.999005	gene 1.3	2828
1479.999005	gene 1.4	2436
1479.999005	gene 1.5	2382
1479.999005	gene 1.6	3009
1479.999005	gene 1.7	3429
1479.999005	gene 1.8	3365
1479.999005	gene 10A	23345
1479.999005	gene 11	3487
1479.999005	gene 12	3047
1479.999005	gene 13	5000
1479.999005	gene 14	4883
1479.999005	gene 15	4185
1479.999005	gene 16	3981
1479.999005	gene 17	5249
1479.999005	gene 17.5	5514
1479.999005	gene 18	5360
1479.999005	gene 18.5	5390
1479.999005	gene 18.7	5148
1479.999005	gene 19	5023
1479.999005	gene 19.2	5066
1479.999005	gene 19.3	5191
1479.999005	gene 19.5	5347
1479.999005	gene 2.5	4272
1479.999005	gene 2.8	3944
1479.999005	gene 3	3739
1479.999005	gene 3.8	4722
1479.999005	gene 4.2	4661
1479.999005	gene 4.3	5142
1479.999005	gene 4.5	5734
1479.999005	gene 4.7	5733
1479.999005	gene 4A	3668
1479.999005	gene 5	5600
1479.999005	gene 5.3	5814
1479.999005	gene 5.5	5742
1479.999005	gene 5.7	5632
1479.999005	gene 5.9	5490
1479.999005	gene 6	5164
1479.999005	gene 6.3	5480
1479.999005	gene 6.5	7363
1479.999005	gene 6.7	6984
1479.999005	gene 7	7320
1479.999005	gene 7.3	7112
1479.999005	gene 7.7	7379
1479.999005	gene 8	6253
1479.999005	gene 9	11236
1479.999005	gp-2	2496
1479.999005	lysozyme-3.5	3340
1479.999005	protein_kinase-0.7	549
1479.999005	rbs	28233
1479.999005	ribosome	1
1479.999005	rnapol-1	8
1479.999005	rnapol-3.5	423
1484.999000	E. coli B promoter	1
1484.999000	E. coli C promoter	1
1484.999000	E. coli promoter A1	1
1484.999000	E. coli promoter A2	1
1484.999000	E. coli promoter A3	1
1484.999000	T7 promoter phi1.1A	1
1484.999000	T7 promoter phi1.1B	0
1484.999000	T7 promoter phi1.3	1
1484.999000	T7 promoter phi1.5	1
1484.999000	T7 promoter phi1.6	1
1484.999000	T7 promoter phi10	0
1484.999000	T7 promoter phi13	1
1484.999000	T7 promoter phi17	1
1484.999000	T7 promoter phi2.5	1
1484.999000	T7 promoter phi3.8	1
1484.999000	T7 promoter phi4.3	1
1484.999000	T7 promoter phi4.7	1
1484.999000	T7 promoter phi4c	1
1484.999000	T7 promoter phi6.5	1
1484.999000	T7 promoter phi9	0
1484.999000	bound_ecolipol	0
1484.999000	bound_ecolipol_p	833
1484.999000	bound_ribosome	664
1484.999000	degraded_transcript	65178
1484.999000	ecoli_genome	967
1484.999000	ecoli_transcript	23801
1484.999000	ecolipol	0
1484.999000	ecolipol-2	0
1484.999000	ecolipol-2-p	960
1484.999000	ecolipol-p	7
1484.999000	gene 0.3	710
1484.999000	gene 1.1	2241
1484.999000	gene 1.2	1615
1484.999000	gene 1.3	2841
1484.999000	gene 1.4	2449
1484.999000	gene 1.5	2397
1484.999000	gene 1.6	3029
1484.999000	gene 1.7	3443
1484.999000	gene 1.8	3384
1484.999000	gene 10A	23468
1484.999000	gene 11	3503
1484.999000	gene 12	3073
1484.999000	gene 13	5025
1484.999000	gene 14	4919
1484.999000	gene 15	4223
1484.999000	gene 16	4009
1484.999000	gene 17	5283
1484.999000	gene 17.5	5541
1484.999000	gene 18	5390
1484.999000	gene 18.5	5425
1484.999000	gene 18.7	5193
1484.999000	gene 19	5058
1484.999000	gene 19.2	5097
1484.999000	gene 19.3	5218
1484.999000	gene 19.5	5377
1484.999000	gene 2.5	4294
1484.999000	gene 2.8	3970
1484.999000	gene 3	3766
1484.999000	gene 3.8	4752
1484.999000	gene 4.2	4687
1484.999000	gene 4.3	5163
1484.999000	gene 4.5	5767
1484.999000	gene 4.7	5767
1484.999000	gene 4A	3693
1484.999000	gene 5	5634
1484.999000	gene 5.3	5859
1484.999000	gene 5.5	5767
1484.999000	gene 5.7	5659
1484.999000	gene 5.9	5522
1484.999000	gene 6	5192
1484.999000	gene 6.3	5514
1484.999000	gene 6.5	7412
1484.999000	gene 6.7	7023
1484.999000	gene 7	7366
1484.999000	gene 7.3	7156
1484.999000	gene 7.7	7425
1484.999000	gene 8	6295
1484.999000	gene 9	11306
1484.999000	gp-2	2517
1484.999000	lysozyme-3.5	3355
1484.999000	protein_kinase-0.7	549
1484.999000	rbs	28451
1484.999000	ribosome	0
1484.999000	rnapol-1	2
1484.999000	rnapol-3.5	423
1489.999001	E. coli B promoter	1
1489.999001	E. coli C promoter	1
1489.999001	E. coli promoter A1	1
1489.999001	E. coli promoter A2	1
1489.999001	E. coli promoter A3	1
1489.999001	T7 promoter phi1.1A	1
1489.999001	T7 promoter phi1.1B	1
1489.999001	T7 promoter phi1.3	1
1489.999001	T7 promoter phi1.5	1
1489.999001	T7 promoter phi1.6	1
1489.999001	T7 promoter phi10	0
1489.999001	T7 promoter phi13	1
1489.999001	T7 promoter phi17	1
1489.999001	T7 promoter phi2.5	1
1489.999001	T7 promoter phi3.8	1
1489.999001	T7 promoter phi4.3	1
1489.999001	T7 promoter phi4.7	0
1489.999001	T7 promoter phi4c	1
1489.999001	T7 promoter phi6.5	1
1489.999001	T7 promoter phi9	1
1489.999001	bound_ecolipol	0
1489.999001	bound_ecolipol_p	841
1489.999001	bound_ribosome	659
1489.999001	degraded_transcript	65384
1489.999001	ecoli_genome	959
1489.999001	ecoli_transcript	23769
1489.999001	ecolipol	0
1489.999001	ecolipol-2	0
1489.999001	ecolipol-2-p	950
1489.999001	ecolipol-p	9
1489.999001	gene 0.3	711
1489.999001	gene 1.1	2253
1489.999001	gene 1.2	1621
1489.999001	gene 1.3	2854
1489.999001	gene 1.4	2462
1489.999001	gene 1.5	2413
1489.999001	gene 1.6	3043
1489.999001	gene 1.7	3462
1489.999001	gene 1.8	3406
1489.999001	gene 10A	23593
1489.999001	gene 11	3517
1489.999001	gene 12	3094
1489.999001	gene 13	5059
1489.999001	gene 14	4940
1489.999001	gene 15	4245
1489.999001	gene 16	4041
1489.999001	gene 17	5317
1489.999001	gene 17.5	5573
1489.999001	gene 18	5426
1489.999001	gene 18.5	5460
1489.999001	gene 18.7	5235
1489.999001	gene 19	5088
1489.999001	gene 19.2	5135
1489.999001	gene 19.3	5250
1489.999001	gene 19.5	5413
1489.999001	gene 2.5	4315
1489.999001	gene 2.8	3997
1489.999001	gene 3	3786
1489.999001	gene 3.8	4774
1489.999001	gene 4.2	4714
1489.999001	gene 4.3	5201
1489.999001	gene 4.5	5807
1489.999001	gene 4.7	5800
1489.999001	gene 4A	3714
1489.999001	gene 5	5659
1489.999001	gene 5.3	5892
1489.999001	gene 5.5	5801
1489.999001	gene 5.7	5696
1489.999001	gene 5.9	5547
1489.999001	gene 6	5223
1489.999001	gene 6.3	5548
1489.999001	gene 6.5	7452
1489.999001	gene 6.7	7065
1489.999001	gene 7	7413
1489.999001	gene 7.3	7201
1489.999001	gene 7.7	7476
1489.999001	gene 8	6331
1489.999001	gene 9	11364
1489.999001	gp-2	2552
1489.999001	lysozyme-3.5	3377
1489.999001	protein_kinase-0.7	550
1489.999001	rbs	28663
1489.999001	ribosome	0
1489.999001	rnapol-1	6
1489.999001	rnapol-3.5	419
1494.999002	E. coli B promoter	1
1494.999002	E. coli C promoter	1
1494.999002	E. coli promoter A1	1
1494.999002	E. coli promoter A2	1
1494.999002	E. coli promoter A3	1
1494.999002	T7 promoter phi1.1A	1
1494.999002	T7 promoter phi1.1B	1
1494.999002	T7 promoter phi1.3	1
1494.999002	T7 promoter phi1.5	1
1494.999002	T7 promoter phi1.6	1
1494.999002	T7 promoter phi10	0
1494.999002	T7 promoter phi13	1
1494.999002	T7 promoter phi17	1
1494.999002	T7 promoter phi2.5	1
1494.999002	T7 promoter phi3.8	1
1494.999002	T7 promoter phi4.3	1
1494.999002	T7 promoter phi4.7	1
1494.999002	T7 promoter phi4c	1
1494.999002	T7 promoter phi6.5	1
1494.999002	T7 promoter phi9	1
1494.999002	bound_ecolipol	0
1494.999002	bound_ecolipol_p	829
1494.999002	bound_ribosome	666
1494.999002	degraded_transcript	65612
1494.999002	ecoli_genome	971
1494.999002	ecoli_transcript	23704
1494.999002	ecolipol	0
1494.999002	ecolipol-2	0
1494.999002	ecolipol-2-p	965
1494.999002	ecolipol-p	6
1494.999002	gene 0.3	712
1494.999002	gene 1.1	2256
1494.999002	gene 1.2	1631
1494.999002	gene 1.3	2866
1494.999002	gene 1.4	2479
1494.999002	gene 1.5	2430
1494.999002	gene 1.6	3061
1494.999002	gene 1.7	3483
1494.999002	gene 1.8	3427
1494.999002	gene 10A	23718
1494.999002	gene 11	3538
1494.999002	gene 12	3113
1494.999002	gene 13	5097
1494.999002	gene 14	4985
1494.999002	gene 15	4279
1494.999002	gene 16	4070
1494.999002	gene 17	5354
1494.999002	gene 17.5	5606
1494.999002	gene 18	5459
1494.999002	gene 18.5	5510
1494.999002	gene 18.7	5270
1494.999002	gene 19	5124
1494.999002	gene 19.2	5157
1494.999002	gene 19.3	5285
1494.999002	gene 19.5	5451
1494.999002	gene 2.5	4338
1494.999002	gene 2.8	4023
1494.999002	gene 3	3807
1494.999002	gene 3.8	4803
1494.999002	gene 4.2	4740
1494.999002	gene 4.3	5232
1494.999002	gene 4.5	5838
1494.999002	gene 4.7	5829
1494.999002	gene 4A	3747
1494.999002	gene 5	5694
1494.999002	gene 5.3	5922
1494.999002	gene 5.5	5828
1494.999002	gene 5.7	5726
1494.999002	gene 5.9	5572
1494.999002	gene 6	5256
1494.999002	gene 6.3	5589
1494.999002	gene 6.5	7505
1494.999002	gene 6.7	7101
1494.999002	gene 7	7461
1494.999002	gene 7.3	7240
1494.999002	gene 7.7	7525
1494.999002	gene 8	6370
1494.999002	gene 9	11411
1494.999002	gp-2	2561
1494.999002	lysozyme-3.5	3399
1494.999002	protein_kinase-0.7	551
1494.999002	rbs	28948
1494.999002	ribosome	0
1494.999002	rnapol-1	6
1494.999002	rnapol-3.5	424
1499.999000	E. coli B promoter	1
1499.999000	E. coli C promoter	1
1499.999000	E. coli promoter A1	1
1499.999000	E. coli promoter A2	1
1499.999000	E. coli promoter A3	1
1499.999000	T7 promoter phi1.1A	1
1499.999000	T7 promoter phi1.1B	1
1499.999000	T7 promoter phi1.3	1
1499.999000	T7 promoter phi1.5	1
1499.999000	T7 promoter phi1.6	1
1499.999000	T7 promoter phi10	0
1499.999000	T7 promoter phi13	1
1499.999000	T7 promoter phi17	0
1499.999000	T7 promoter phi2.5	1
1499.999000	T7 promoter phi3.8	1
1499.999000	T7 promoter phi4.3	1
1499.999000	T7 promoter phi4.7	0
1499.999000	T7 promoter phi4c	1
1499.999000	T7 promoter phi6.5	1
1499.999000	T7 promoter phi9	0
1499.999000	bound_ecolipol	0
1499.999000	bound_ecolipol_p	822
1499.999000	bound_ribosome	666
1499.999000	degraded_transcript	65833
1499.999000	ecoli_genome	978
1499.999000	ecoli_transcript	23649
1499.999000	ecolipol	0
1499.999000	ecolipol-2	0
1499.999000	ecolipol-2-p	973
1499.999000	ecolipol-p	5
1499.999000	gene 0.3	713
1499.999000	gene 1.1	2265
1499.999000	gene 1.2	1637
1499.999000	gene 1.3	2889
1499.999000	gene 1.4	2491
1499.999000	gene 1.5	2442
1499.999000	gene 1.6	3073
1499.999000	gene 1.7	3501
1499.999000	gene 1.8	3442
1499.999000	gene 10A	23873
1499.999000	gene 11	3563
1499.999000	gene 12	3136
1499.999000	gene 13	5137
1499.999000	gene 14	5010
1499.999000	gene 15	4311
1499.999000	gene 16	4099
1499.999000	gene 17	5394
1499.999000	gene 17.5	5646
1499.999000	gene 18	5493
1499.999000	gene 18.5	5548
1499.999000	gene 18.7	5301
1499.999000	gene 19	5165
1499.999000	gene 19.2	5191
1499.999000	gene 19.3	5320
1499.999000	gene 19.5	5493
1499.999000	gene 2.5	4360
1499.999000	gene 2.8	4045
1499.999000	gene 3	3830
1499.999000	gene 3.8	4832
1499.999000	gene 4.2	4773
1499.999000	gene 4.3	5257
1499.999000	gene 4.5	5874
1499.999000	gene 4.7	5856
1499.999000	gene 4A	3768
1499.999000	gene 5	5738
1499.999000	gene 5.3	5955
1499.999000	gene 5.5	5868
1499.999000	gene 5.7	5767
1499.999000	gene 5.9	5601
1499.999000	gene 6	5290
1499.999000	gene 6.3	5629
1499.999000	gene 6.5	7549
1499.999000	gene 6.7	7136
1499.999000	gene 7	7506
1499.999000	gene 7.3	7283
1499.999000	gene 7.7	7567
1499.999000	gene 8	6430
1499.999000	gene 9	11486
1499.999000	gp-2	2578
1499.999000	lysozyme-3.5	3418
1499.999000	protein_kinase-0.7	553
1499.999000	rbs	29109
1499.999000	ribosome	0
1499.999000	rnapol-1	7
1499.999000	rnapol-3.5	422
1504.999004	E. coli B promoter	1
1504.999004	E. coli C promoter	1
1504.999004	E. coli promoter A1	1
1504.999004	E. coli promoter A2	1
1504.999004	E. coli promoter A3	1
1504.999004	T7 promoter phi1.1A	1
1504.999004	T7 promoter phi1.1B	1
1504.999004	T7 promoter phi1.3	1
1504.999004	T7 promoter phi1.5	1
1504.999004	T7 promoter phi1.6	1
1504.999004	T7 promoter phi10	0
1504.999004	T7 promoter phi13	0
1504.999004	T7 promoter phi17	1
1504.999004	T7 promoter phi2.5	1
1504.999004	T7 promoter phi3.8	1
1504.999004	T7 promoter phi4.3	1
1504.999004	T7 promoter phi4.7	1
1504.999004	T7 promoter phi4c	1
1504.999004	T7 promoter phi6.5	0
1504.999004	T7 promoter phi9	1
1504.999004	bound_ecolipol	0
1504.999004	bound_ecolipol_p	833
1504.999004	bound_ribosome	661
1504.999004	degraded_transcript	66052
1504.999004	ecoli_genome	967
1504.999004	ecoli_transcript	23581
1504.999004	ecolipol	0
1504.999004	ecolipol-2	0
1504.999004	ecolipol-2-p	961
1504.999004	ecolipol-p	6
1504.999004	gene 0.3	713
1504.999004	gene 1.1	2282
1504.999004	gene 1.2	1644
1504.999004	gene 1.3	2902
1504.999004	gene 1.4	2502
1504.999004	gene 1.5	2455
1504.999004	gene 1.6	3088
1504.999004	gene 1.7	3527
1504.999004	gene 1.8	3462
1504.999004	gene 10A	24001
1504.999004	gene 11	3580
1504.999004	gene 12	3150
1504.999004	gene 13	5166
1504.999004	gene 14	5040
1504.999004	gene 15	4340
1504.999004	gene 16	4126
1504.999004	gene 17	5433
1504.999004	gene 17.5	5687
1504.999004	gene 18	5535
1504.999004	gene 18.5	5586
1504.999004	gene 18.7	5334
1504.999004	gene 19	5201
1504.999004	gene 19.2	5222
1504.999004	gene 19.3	5355
1504.999004	gene 19.5	5542
1504.999004	gene 2.5	4392
1504.999004	gene 2.8	4067
1504.999004	gene 3	3858
1504.999004	gene 3.8	4857
1504.999004	gene 4.2	4798
1504.999004	gene 4.3	5291
1504.999004	gene 4.5	5909
1504.999004	gene 4.7	5888
1504.999004	gene 4A	3789
1504.999004	gene 5	5769
1504.999004	gene 5.3	5985
1504.999004	gene 5.5	5898
1504.999004	gene 5.7	5793
1504.999004	gene 5.9	5634
1504.999004	gene 6	5316
1504.999004	gene 6.3	5670
1504.999004	gene 6.5	7587
1504.999004	gene 6.7	7186
1504.999004	gene 7	7548
1504.999004	gene 7.3	7317
1504.999004	gene 7.7	7613
1504.999004	gene 8	6475
1504.999004	gene 9	11546
1504.999004	gp-2	2604
1504.999004	lysozyme-3.5	3439
1504.999004	protein_kinase-0.7	553
1504.999004	rbs	29284
1504.999004	ribosome	0
1504.999004	rnapol-1	9
1504.999004	rnapol-3.5	424
1509.999006	E. coli B promoter	1
1509.999006	E. coli C promoter	1
1509.999006	E. coli promoter A1	1
1509.999006	E. coli promoter A2	1
1509.999006	E. coli promoter A3	1
1509.999006	T7 promoter phi1.1A	1
1509.999006	T7 promoter phi1.1B	0
1509.999006	T7 promoter phi1.3	0
1509.999006	T7 promoter phi1.5	1
1509.999006	T7 promoter phi1.6	1
1509.999006	T7 promoter phi10	0
1509.999006	T7 promoter phi13	0
1509.999006	T7 promoter phi17	1
1509.999006	T7 promoter phi2.5	1
1509.999006	T7 promoter phi3.8	1
1509.999006	T7 promoter phi4.3	1
1509.999006	T7 promoter phi4.7	1
1509.999006	T7 promoter phi4c	1
1509.999006	T7 promoter phi6.5	0
1509.999006	T7 promoter phi9	1
1509.999006	bound_ecolipol	0
1509.999006	bound_ecolipol_p	829
1509.999006	bound_ribosome	672
1509.999006	degraded_transcript	66265
1509.999006	ecoli_genome	971
1509.999006	ecoli_transcript	23538
1509.999006	ecolipol	0
1509.999006	ecolipol-2	0
1509.999006	ecolipol-2-p	965
1509.999006	ecolipol-p	6
1509.999006	gene 0.3	713
1509.999006	gene 1.1	2289
1509.999006	gene 1.2	1653
1509.999006	gene 1.3	2921
1509.999006	gene 1.4	2515
1509.999006	gene 1.5	2473
1509.999006	gene 1.6	3106
1509.999006	gene 1.7	3542
1509.999006	gene 1.8	3486
1509.999006	gene 10A	24113
1509.999006	gene 11	3593
1509.999006	gene 12	3175
1509.999006	gene 13	5204
1509.999006	gene 14	5065
1509.999006	gene 15	4370
1509.999006	gene 16	4145
1509.999006	gene 17	5466
1509.999006	gene 17.5	5724
1509.999006	gene 18	5573
1509.999006	gene 18.5	5622
1509.999006	gene 18.7	5363
1509.999006	gene 19	5235
1509.999006	gene 19.2	5260
1509.999006	gene 19.3	5387
1509.999006	gene 19.5	5572
1509.999006	gene 2.5	4412
1509.999006	gene 2.8	4090
1509.999006	gene 3	3882
1509.999006	gene 3.8	4885
1509.999006	gene 4.2	4823
1509.999006	gene 4.3	5321
1509.999006	gene 4.5	5945
1509.999006	gene 4.7	5914
1509.999006	gene 4A	3811
1509.999006	gene 5	5805
1509.999006	gene 5.3	6013
1509.999006	gene 5.5	5934
1509.999006	gene 5.7	5831
1509.999006	gene 5.9	5675
1509.999006	gene 6	5341
1509.999006	gene 6.3	5715
1509.999006	gene 6.5	7620
1509.999006	gene 6.7	7227
1509.999006	gene 7	7590
1509.999006	gene 7.3	7357
1509.999006	gene 7.7	7657
1509.999006	gene 8	6517
1509.999006	gene 9	11591
1509.999006	gp-2	2619
1509.999006	lysozyme-3.5	3462
1509.999006	protein_kinase-0.7	554
1509.999006	rbs	29506
1509.999006	ribosome	2
1509.999006	rnapol-1	5
1509.999006	rnapol-3.5	429
1514.999002	E. coli B promoter	1
1514.999002	E. coli C promoter	1
1514.999002	E. coli promoter A1	1
1514.999002	E. coli promoter A2	1
1514.999002	E. coli promoter A3	1
1514.999002	T7 promoter phi1.1A	1
1514.999002	T7 promoter phi1.1B	1
1514.999002	T7 promoter phi1.3	1
1514.999002	T7 promoter phi1.5	1
1514.999002	T7 promoter phi1.6	1
1514.999002	T7 promoter phi10	0
1514.999002	T7 promoter phi13	1
1514.999002	T7 promoter phi17	1
1514.999002	T7 promoter phi2.5	1
1514.999002	T7 promoter phi3.8	1
1514.999002	T7 promoter phi4.3	1
1514.999002	T7 promoter phi4.7	1
1514.999002	T7 promoter phi4c	1
1514.999002	T7 promoter phi6.5	1
1514.999002	T7 promoter phi9	1
1514.999002	bound_ecolipol	0
1514.999002	bound_ecolipol_p	823
1514.999002	bound_ribosome	704
1514.999002	degraded_transcript	66497
1514.999002	ecoli_genome	977
1514.999002	ecoli_transcript	23445
1514.999002	ecolipol	0
1514.999002	ecolipol-2	0
1514.999002	ecolipol-2-p	968
1514.999002	ecolipol-p	9
1514.999002	gene 0.3	714
1514.999002	gene 1.1	2296
1514.999002	gene 1.2	1658
1514.999002	gene 1.3	2936
1514.999002	gene 1.4	2528
1514.999002	gene 1.5	2485
1514.999002	gene 1.6	3122
1514.999002	gene 1.7	3573
1514.999002	gene 1.8	3498
1514.999002	gene 10A	24234
1514.999002	gene 11	3617
1514.999002	gene 12	3204
1514.999002	gene 13	5238
1514.999002	gene 14	5092
1514.999002	gene 15	4408
1514.999002	gene 16	4172
1514.999002	gene 17	5500
1514.999002	gene 17.5	5760
1514.999002	gene 18	5602
1514.999002	gene 18.5	5661
1514.999002	gene 18.7	5399
1514.999002	gene 19	5274
1514.999002	gene 19.2	5291
1514.999002	gene 19.3	5420
1514.999002	gene 19.5	5618
1514.999002	gene 2.5	4440
1514.999002	gene 2.8	4118
1514.999002	gene 3	3903
1514.999002	gene 3.8	4911
1514.999002	gene 4.2	4851
1514.999002	gene 4.3	5348
1514.999002	gene 4.5	5974
1514.999002	gene 4.7	5955
1514.999002	gene 4A	3829
1514.999002	gene 5	5839
1514.999002	gene 5.3	6041
1514.999002	gene 5.5	5964
1514.999002	gene 5.7	5872
1514.999002	gene 5.9	5708
1514.999002	gene 6	5366
1514.999002	gene 6.3	5743
1514.999002	gene 6.5	7679
1514.999002	gene 6.7	7262
1514.999002	gene 7	7631
1514.999002	gene 7.3	7406
1514.999002	gene 7.7	7691
1514.999002	gene 8	6559
1514.999002	gene 9	11673
1514.999002	gp-2	2634
1514.999002	lysozyme-3.5	3475
1514.999002	protein_kinase-0.7	555
1514.999002	rbs	29667
1514.999002	ribosome	2
1514.999002	rnapol-1	1
1514.999002	rnapol-3.5	434
1519.999001	E. coli B promoter	1
1519.999001	E. coli C promoter	1
1519.999001	E. coli promoter A1	1
1519.999001	E. coli promoter A2	1
1519.999001	E. coli promoter A3	1
1519.999001	T7 promoter phi1.1A	1
1519.999001	T7 promoter phi1.1B	1
1519.999001	T7 promoter phi1.3	1
1519.999001	T7 promoter phi1.5	1
1519.999001	T7 promoter phi1.6	1
1519.999001	T7 promoter phi10	1
1519.999001	T7 promoter phi13	0
1519.999001	T7 promoter phi17	0
1519.999001	T7 promoter phi2.5	1
1519.999001	T7 promoter phi3.8	1
1519.999001	T7 promoter phi4.3	1
1519.999001	T7 promoter phi4.7	0
1519.999001	T7 promoter phi4c	0
1519.999001	T7 promoter phi6.5	1
1519.999001	T7 promoter phi9	0
1519.999001	bound_ecolipol	0
1519.999001	bound_ecolipol_p	803
1519.999001	bound_ribosome	686
1519.999001	degraded_transcript	66736
1519.999001	ecoli_genome	997
1519.999001	ecoli_transcript	23374
1519.999001	ecolipol	0
1519.999001	ecolipol-2	0
1519.999001	ecolipol-2-p	989
1519.999001	ecolipol-p	8
1519.999001	gene 0.3	714
1519.999001	gene 1.1	2304
1519.999001	gene 1.2	1661
1519.999001	gene 1.3	2951
1519.999001	gene 1.4	2541
1519.999001	gene 1.5	2505
1519.999001	gene 1.6	3139
1519.999001	gene 1.7	3601
1519.999001	gene 1.8	3526
1519.999001	gene 10A	24373
1519.999001	gene 11	3637
1519.999001	gene 12	3226
1519.999001	gene 13	5267
1519.999001	gene 14	5119
1519.999001	gene 15	4442
1519.999001	gene 16	4208
1519.999001	gene 17	5537
1519.999001	gene 17.5	5802
1519.999001	gene 18	5639
1519.999001	gene 18.5	5703
1519.999001	gene 18.7	5437
1519.999001	gene 19	5302
1519.999001	gene 19.2	5322
1519.999001	gene 19.3	5453
1519.999001	gene 19.5	5655
1519.999001	gene 2.5	4459
1519.999001	gene 2.8	4140
1519.999001	gene 3	3926
1519.999001	gene 3.8	4934
1519.999001	gene 4.2	4885
1519.999001	gene 4.3	5365
1519.999001	gene 4.5	6004
1519.999001	gene 4.7	5984
1519.999001	gene 4A	3852
1519.999001	gene 5	5866
1519.999001	gene 5.3	6070
1519.999001	gene 5.5	5995
1519.999001	gene 5.7	5904
1519.999001	gene 5.9	5735
1519.999001	gene 6	5389
1519.999001	gene 6.3	5768
1519.999001	gene 6.5	7738
1519.999001	gene 6.7	7306
1519.999001	gene 7	7677
1519.999001	gene 7.3	7446
1519.999001	gene 7.7	7743
1519.999001	gene 8	6593
1519.999001	gene 9	11733
1519.999001	gp-2	2639
1519.999001	lysozyme-3.5	3504
1519.999001	protein_kinase-0.7	556
1519.999001	rbs	29871
1519.999001	ribosome	1
1519.999001	rnapol-1	9
1519.999001	rnapol-3.5	429
1524.999011	E. coli B promoter	1
1524.999011	E. coli C promoter	1
1524.999011	E. coli promoter A1	1
1524.999011	E. coli promoter A2	1
1524.999011	E. coli promoter A3	1
1524.999011	T7 promoter phi1.1A	1
1524.999011	T7 promoter phi1.1B	1
1524.999011	T7 promoter phi1.3	1
1524.999011	T7 promoter phi1.5	0
1524.999011	T7 promoter phi1.6	1
1524.999011	T7 promoter phi10	0
1524.999011	T7 promoter phi13	1
1524.999011	T7 promoter phi17	1
1524.999011	T7 promoter phi2.5	1
1524.999011	T7 promoter phi3.8	1
1524.999011	T7 promoter phi4.3	0
1524.999011	T7 promoter phi4.7	1
1524.999011	T7 promoter phi4c	0
1524.999011	T7 promoter phi6.5	1
1524.999011	T7 promoter phi9	1
1524.999011	bound_ecolipol	0
1524.999011	bound_ecolipol_p	776
1524.999011	bound_ribosome	670
1524.999011	degraded_transcript	66971
1524.999011	ecoli_genome	1024
1524.999011	ecoli_transcript	23318
1524.999011	ecolipol	0
1524.999011	ecolipol-2	0
1524.999011	ecolipol-2-p	1017
1524.999011	ecolipol-p	7
1524.999011	gene 0.3	714
1524.999011	gene 1.1	2311
1524.999011	gene 1.2	1668
1524.999011	gene 1.3	2966
1524.999011	gene 1.4	2552
1524.999011	gene 1.5	2528
1524.999011	gene 1.6	3159
1524.999011	gene 1.7	3624
1524.999011	gene 1.8	3548
1524.999011	gene 10A	24509
1524.999011	gene 11	3658
1524.999011	gene 12	3254
1524.999011	gene 13	5294
1524.999011	gene 14	5151
1524.999011	gene 15	4471
1524.999011	gene 16	4242
1524.999011	gene 17	5577
1524.999011	gene 17.5	5841
1524.999011	gene 18	5667
1524.999011	gene 18.5	5737
1524.999011	gene 18.7	5474
1524.999011	gene 19	5351
1524.999011	gene 19.2	5357
1524.999011	gene 19.3	5486
1524.999011	gene 19.5	5689
1524.999011	gene 2.5	4491
1524.999011	gene 2.8	4168
1524.999011	gene 3	3955
1524.999011	gene 3.8	4952
1524.999011	gene 4.2	4908
1524.999011	gene 4.3	5396
1524.999011	gene 4.5	6031
1524.999011	gene 4.7	6019
1524.999011	gene 4A	3871
1524.999011	gene 5	5899
1524.999011	gene 5.3	6101
1524.999011	gene 5.5	6033
1524.999011	gene 5.7	5941
1524.999011	gene 5.9	5770
1524.999011	gene 6	5423
1524.999011	gene 6.3	5800
1524.999011	gene 6.5	7773
1524.999011	gene 6.7	7349
1524.999011	gene 7	7712
1524.999011	gene 7.3	7491
1524.999011	gene 7.7	7780
1524.999011	gene 8	6637
1524.999011	gene 9	11799
1524.999011	gp-2	2627
1524.999011	lysozyme-3.5	3521
1524.999011	protein_kinase-0.7	558
1524.999011	rbs	30036
1524.999011	ribosome	2
1524.999011	rnapol-1	7
1524.999011	rnapol-3.5	443
1529.999005	E. coli B promoter	1
1529.999005	E. coli C promoter	1
1529.999005	E. coli promoter A1	1
1529.999005	E. coli promoter A2	1
1529.999005	E. coli promoter A3	1
1529.999005	T7 promoter phi1.1A	1
1529.999005	T7 promoter phi1.1B	1
1529.999005	T7 promoter phi1.3	1
1529.999005	T7 promoter phi1.5	1
1529.999005	T7 promoter phi1.6	0
1529.999005	T7 promoter phi10	0
1529.999005	T7 promoter phi13	1
1529.999005	T7 promoter phi17	1
1529.999005	T7 promoter phi2.5	1
1529.999005	T7 promoter phi3.8	0
1529.999005	T7 promoter phi4.3	1
1529.999005	T7 promoter phi4.7	1
1529.999005	T7 promoter phi4c	1
1529.999005	T7 promoter phi6.5	1
1529.999005	T7 promoter phi9	1
1529.999005	bound_ecolipol	0
1529.999005	bound_ecolipol_p	780
1529.999005	bound_ribosome	640
1529.999005	degraded_transcript	67174
1529.999005	ecoli_genome	1020
1529.999005	ecoli_transcript	23300
1529.999005	ecolipol	0
1529.999005	ecolipol-2	0
1529.999005	ecolipol-2-p	1015
1529.999005	ecolipol-p	5
1529.999005	gene 0.3	718
1529.999005	gene 1.1	2321
1529.999005	gene 1.2	1672
1529.999005	gene 1.3	2982
1529.999005	gene 1.4	2566
1529.999005	gene 1.5	2542
1529.999005	gene 1.6	3174
1529.999005	gene 1.7	3651
1529.999005	gene 1.8	3572
1529.999005	gene 10A	24649
1529.999005	gene 11	3675
1529.999005	gene 12	3265
1529.999005	gene 13	5315
1529.999005	gene 14	5179
1529.999005	gene 15	4501
1529.999005	gene 16	4265
1529.999005	gene 17	5615
1529.999005	gene 17.5	5878
1529.999005	gene 18	5701
1529.999005	gene 18.5	5766
1529.999005	gene 18.7	5504
1529.999005	gene 19	5377
1529.999005	gene 19.2	5398
1529.999005	gene 19.3	5524
1529.999005	gene 19.5	5724
1529.999005	gene 2.5	4521
1529.999005	gene 2.8	4183
1529.999005	gene 3	3970
1529.999005	gene 3.8	4973
1529.999005	gene 4.2	4938
1529.999005	gene 4.3	5427
1529.999005	gene 4.5	6064
1529.999005	gene 4.7	6053
1529.999005	gene 4A	3899
1529.999005	gene 5	5942
1529.999005	gene 5.3	6135
1529.999005	gene 5.5	6062
1529.999005	gene 5.7	5968
1529.999005	gene 5.9	5799
1529.999005	gene 6	5455
1529.999005	gene 6.3	5833
1529.999005	gene 6.5	7817
1529.999005	gene 6.7	7391
1529.999005	gene 7	7750
1529.999005	gene 7.3	7532
1529.999005	gene 7.7	7823
1529.999005	gene 8	6671
1529.999005	gene 9	11878
1529.999005	gp-2	2654
1529.999005	lysozyme-3.5	3548
1529.999005	protein_kinase-0.7	560
1529.999005	rbs	30295
1529.999005	ribosome	0
1529.999005	rnapol-1	8
1529.999005	rnapol-3.5	432
1534.999004	E. coli B promoter	1
1534.999004	E. coli C promoter	1
1534.999004	E. coli promoter A1	1
1534.999004	E. coli promoter A2	1
1534.999004	E. coli promoter A3	1
1534.999004	T7 promoter phi1.1A	1
1534.999004	T7 promoter phi1.1B	1
1534.999004	T7 promoter phi1.3	1
1534.999004	T7 promoter phi1.5	1
1534.999004	T7 promoter phi1.6	1
1534.999004	T7 promoter phi10	1
1534.999004	T7 promoter phi13	1
1534.999004	T7 promoter phi17	1
1534.999004	T7 promoter phi2.5	1
1534.999004	T7 promoter phi3.8	1
1534.999004	T7 promoter phi4.3	1
1534.999004	T7 promoter phi4.7	1
1534.999004	T7 promoter phi4c	0
1534.999004	T7 promoter phi6.5	1
1534.999004	T7 promoter phi9	0
1534.999004	bound_ecolipol	0
1534.999004	bound_ecolipol_p	773
1534.999004	bound_ribosome	654
1534.999004	degraded_transcript	67390
1534.999004	ecoli_genome	1027
1534.999004	ecoli_transcript	23240
1534.999004	ecolipol	0
1534.999004	ecolipol-2	0
1534.999004	ecolipol-2-p	1020
1534.999004	ecolipol-p	7
1534.999004	gene 0.3	718
1534.999004	gene 1.1	2335
1534.999004	gene 1.2	1679
1534.999004	gene 1.3	2996
1534.999004	gene 1.4	2578
1534.999004	gene 1.5	2557
1534.999004	gene 1.6	3191
1534.999004	gene 1.7	3667
1534.999004	gene 1.8	3593
1534.999004	gene 10A	24771
1534.999004	gene 11	3692
1534.999004	gene 12	3274
1534.999004	gene 13	5348
1534.999004	gene 14	5203
1534.999004	gene 15	4530
1534.999004	gene 16	4294
1534.999004	gene 17	5650
1534.999004	gene 17.5	5920
1534.999004	gene 18	5744
1534.999004	gene 18.5	5801
1534.999004	gene 18.7	5539
1534.999004	gene 19	5426
1534.999004	gene 19.2	5430
1534.999004	gene 19.3	5550
1534.999004	gene 19.5	5764
1534.999004	gene 2.5	4540
1534.999004	gene 2.8	4203
1534.999004	gene 3	3993
1534.999004	gene 3.8	5004
1534.999004	gene 4.2	4964
1534.999004	gene 4.3	5460
1534.999004	gene 4.5	6096
1534.999004	gene 4.7	6088
1534.999004	gene 4A	3931
1534.999004	gene 5	5968
1534.999004	gene 5.3	6169
1534.999004	gene 5.5	6101
1534.999004	gene 5.7	5996
1534.999004	gene 5.9	5828
1534.999004	gene 6	5476
1534.999004	gene 6.3	5866
1534.999004	gene 6.5	7855
1534.999004	gene 6.7	7436
1534.999004	gene 7	7792
1534.999004	gene 7.3	7579
1534.999004	gene 7.7	7865
1534.999004	gene 8	6719
1534.999004	gene 9	11961
1534.999004	gp-2	2670
1534.999004	lysozyme-3.5	3563
1534.999004	protein_kinase-0.7	561
1534.999004	rbs	30451
1534.999004	ribosome	0
1534.999004	rnapol-1	8
1534.999004	rnapol-3.5	429
1539.999002	E. coli B promoter	1
1539.999002	E. coli C promoter	1
1539.999002	E. coli promoter A1	1
1539.999002	E. coli promoter A2	1
1539.999002	E. coli promoter A3	1
1539.999002	T7 promoter phi1.1A	1
1539.999002	T7 promoter phi1.1B	1
1539.999002	T7 promoter phi1.3	1
1539.999002	T7 promoter phi1.5	1
1539.999002	T7 promoter phi1.6	1
1539.999002	T7 promoter phi10	0
1539.999002	T7 promoter phi13	1
1539.999002	T7 promoter phi17	1
1539.999002	T7 promoter phi2.5	1
1539.999002	T7 promoter phi3.8	1
1539.999002	T7 promoter phi4.3	1
1539.999002	T7 promoter phi4.7	1
1539.999002	T7 promoter phi4c	1
1539.999002	T7 promoter phi6.5	0
1539.999002	T7 promoter phi9	1
1539.999002	bound_ecolipol	0
1539.999002	bound_ecolipol_p	800
1539.999002	bound_ribosome	655
1539.999002	degraded_transcript	67645
1539.999002	ecoli_genome	1000
1539.999002	ecoli_transcript	23125
1539.999002	ecolipol	0
1539.999002	ecolipol-2	0
1539.999002	ecolipol-2-p	989
1539.999002	ecolipol-p	11
1539.999002	gene 0.3	719
1539.999002	gene 1.1	2342
1539.999002	gene 1.2	1690
1539.999002	gene 1.3	3003
1539.999002	gene 1.4	2593
1539.999002	gene 1.5	2567
1539.999002	gene 1.6	3209
1539.999002	gene 1.7	3685
1539.999002	gene 1.8	3615
1539.999002	gene 10A	24894
1539.999002	gene 11	3708
1539.999002	gene 12	3290
1539.999002	gene 13	5382
1539.999002	gene 14	5228
1539.999002	gene 15	4562
1539.999002	gene 16	4329
1539.999002	gene 17	5683
1539.999002	gene 17.5	5962
1539.999002	gene 18	5773
1539.999002	gene 18.5	5832
1539.999002	gene 18.7	5578
1539.999002	gene 19	5452
1539.999002	gene 19.2	5472
1539.999002	gene 19.3	5581
1539.999002	gene 19.5	5798
1539.999002	gene 2.5	4561
1539.999002	gene 2.8	4227
1539.999002	gene 3	4016
1539.999002	gene 3.8	5028
1539.999002	gene 4.2	4992
1539.999002	gene 4.3	5480
1539.999002	gene 4.5	6125
1539.999002	gene 4.7	6121
1539.999002	gene 4A	3955
1539.999002	gene 5	6006
1539.999002	gene 5.3	6196
1539.999002	gene 5.5	6138
1539.999002	gene 5.7	6027
1539.999002	gene 5.9	5861
1539.999002	gene 6	5510
1539.999002	gene 6.3	5899
1539.999002	gene 6.5	7897
1539.999002	gene 6.7	7481
1539.999002	gene 7	7833
1539.999002	gene 7.3	7615
1539.999002	gene 7.7	7912
1539.999002	gene 8	6749
1539.999002	gene 9	12030
1539.999002	gp-2	2726
1539.999002	lysozyme-3.5	3580
1539.999002	protein_kinase-0.7	562
1539.999002	rbs	30681
1539.999002	ribosome	1
1539.999002	rnapol-1	7
1539.999002	rnapol-3.5	436
1544.999011	E. coli B promoter	1
1544.999011	E. coli C promoter	1
1544.999011	E. coli promoter A1	1
1544.999011	E. coli promoter A2	1
1544.999011	E. coli promoter A3	1
1544.999011	T7 promoter phi1.1A	1
1544.999011	T7 promoter phi1.1B	1
1544.999011	T7 promoter phi1.3	1
1544.999011	T7 promoter phi1.5	1
1544.999011	T7 promoter phi1.6	0
1544.999011	T7 promoter phi10	0
1544.999011	T7 promoter phi13	0
1544.999011	T7 promoter phi17	1
1544.999011	T7 promoter phi2.5	1
1544.999011	T7 promoter phi3.8	1
1544.999011	T7 promoter phi4.3	1
1544.999011	T7 promoter phi4.7	1
1544.999011	T7 promoter phi4c	1
1544.999011	T7 promoter phi6.5	1
1544.999011	T7 promoter phi9	0
1544.999011	bound_ecolipol	0
1544.999011	bound_ecolipol_p	798
1544.999011	bound_ribosome	632
1544.999011	degraded_transcript	67894
1544.999011	ecoli_genome	1002
1544.999011	ecoli_transcript	23066
1544.999011	ecolipol	0
1544.999011	ecolipol-2	0
1544.999011	ecolipol-2-p	994
1544.999011	ecolipol-p	8
1544.999011	gene 0.3	720
1544.999011	gene 1.1	2352
1544.999011	gene 1.2	1700
1544.999011	gene 1.3	3015
1544.999011	gene 1.4	2606
1544.999011	gene 1.5	2578
1544.999011	gene 1.6	3225
1544.999011	gene 1.7	3702
1544.999011	gene 1.8	3630
1544.999011	gene 10A	25029
1544.999011	gene 11	3744
1544.999011	gene 12	3315
1544.999011	gene 13	5412
1544.999011	gene 14	5256
1544.999011	gene 15	4596
1544.999011	gene 16	4361
1544.999011	gene 17	5713
1544.999011	gene 17.5	5993
1544.999011	gene 18	5798
1544.999011	gene 18.5	5875
1544.999011	gene 18.7	5606
1544.999011	gene 19	5487
1544.999011	gene 19.2	5500
1544.999011	gene 19.3	5624
1544.999011	gene 19.5	5831
1544.999011	gene 2.5	4582
1544.999011	gene 2.8	4260
1544.999011	gene 3	4035
1544.999011	gene 3.8	5062
1544.999011	gene 4.2	5018
1544.999011	gene 4.3	5515
1544.999011	gene 4.5	6151
1544.999011	gene 4.7	6147
1544.999011	gene 4A	3984
1544.999011	gene 5	6035
1544.999011	gene 5.3	6218
1544.999011	gene 5.5	6175
1544.999011	gene 5.7	6056
1544.999011	gene 5.9	5896
1544.999011	gene 6	5545
1544.999011	gene 6.3	5925
1544.999011	gene 6.5	7933
1544.999011	gene 6.7	7522
1544.999011	gene 7	7864
1544.999011	gene 7.3	7656
1544.999011	gene 7.7	7963
1544.999011	gene 8	6789
1544.999011	gene 9	12103
1544.999011	gp-2	2740
1544.999011	lysozyme-3.5	3598
1544.999011	protein_kinase-0.7	563
1544.999011	rbs	30853
1544.999011	ribosome	0
1544.999011	rnapol-1	8
1544.999011	rnapol-3.5	433
1549.999005	E. coli B promoter	1
1549.999005	E. coli C promoter	1
1549.999005	E. coli promoter A1	1
1549.999005	E. coli promoter A2	1
1549.999005	E. coli promoter A3	1
1549.999005	T7 promoter phi1.1A	1
1549.999005	T7 promoter phi1.1B	1
1549.999005	T7 promoter phi1.3	1
1549.999005	T7 promoter phi1.5	1
1549.999005	T7 promoter phi1.6	1
1549.999005	T7 promoter phi10	0
1549.999005	T7 promoter phi13	1
1549.999005	T7 promoter phi17	1
1549.999005	T7 promoter phi2.5	0
1549.999005	T7 promoter phi3.8	1
1549.999005	T7 promoter phi4.3	1
1549.999005	T7 promoter phi4.7	1
1549.999005	T7 promoter phi4c	1
1549.999005	T7 promoter phi6.5	0
1549.999005	T7 promoter phi9	1
1549.999005	bound_ecolipol	0
1549.999005	bound_ecolipol_p	800
1549.999005	bound_ribosome	635
1549.999005	degraded_transcript	68105
1549.999005	ecoli_genome	1000
1549.999005	ecoli_transcript	23016
1549.999005	ecolipol	0
1549.999005	ecolipol-2	0
1549.999005	ecolipol-2-p	992
1549.999005	ecolipol-p	8
1549.999005	gene 0.3	720
1549.999005	gene 1.1	2363
1549.999005	gene 1.2	1704
1549.999005	gene 1.3	3030
1549.999005	gene 1.4	2621
1549.999005	gene 1.5	2589
1549.999005	gene 1.6	3249
1549.999005	gene 1.7	3726
1549.999005	gene 1.8	3657
1549.999005	gene 10A	25156
1549.999005	gene 11	3765
1549.999005	gene 12	3338
1549.999005	gene 13	5434
1549.999005	gene 14	5293
1549.999005	gene 15	4624
1549.999005	gene 16	4389
1549.999005	gene 17	5745
1549.999005	gene 17.5	6014
1549.999005	gene 18	5825
1549.999005	gene 18.5	5921
1549.999005	gene 18.7	5639
1549.999005	gene 19	5516
1549.999005	gene 19.2	5538
1549.999005	gene 19.3	5658
1549.999005	gene 19.5	5876
1549.999005	gene 2.5	4609
1549.999005	gene 2.8	4284
1549.999005	gene 3	4055
1549.999005	gene 3.8	5094
1549.999005	gene 4.2	5049
1549.999005	gene 4.3	5542
1549.999005	gene 4.5	6180
1549.999005	gene 4.7	6175
1549.999005	gene 4A	4020
1549.999005	gene 5	6060
1549.999005	gene 5.3	6253
1549.999005	gene 5.5	6201
1549.999005	gene 5.7	6092
1549.999005	gene 5.9	5915
1549.999005	gene 6	5570
1549.999005	gene 6.3	5950
1549.999005	gene 6.5	7981
1549.999005	gene 6.7	7554
1549.999005	gene 7	7904
1549.999005	gene 7.3	7697
1549.999005	gene 7.7	8020
1549.999005	gene 8	6831
1549.999005	gene 9	12187
1549.999005	gp-2	2759
1549.999005	lysozyme-3.5	3611
1549.999005	protein_kinase-0.7	564
1549.999005	rbs	31081
1549.999005	ribosome	0
1549.999005	rnapol-1	4
1549.999005	rnapol-3.5	434
1554.999003	E. coli B promoter	1
1554.999003	E. coli C promoter	1
1554.999003	E. coli promoter A1	1
1554.999003	E. coli promoter A2	1
1554.999003	E. coli promoter A3	1
1554.999003	T7 promoter phi1.1A	1
1554.999003	T7 promoter phi1.1B	1
1554.999003	T7 promoter phi1.3	1
1554.999003	T7 promoter phi1.5	1
1554.999003	T7 promoter phi1.6	1
1554.999003	T7 promoter phi10	0
1554.999003	T7 promoter phi13	1
1554.999003	T7 promoter phi17	1
1554.999003	T7 promoter phi2.5	1
1554.999003	T7 promoter phi3.8	1
1554.999003	T7 promoter phi4.3	1
1554.999003	T7 promoter phi4.7	1
1554.999003	T7 promoter phi4c	1
1554.999003	T7 promoter phi6.5	0
1554.999003	T7 promoter phi9	1
1554.999003	bound_ecolipol	0
1554.999003	bound_ecolipol_p	774
1554.999003	bound_ribosome	621
1554.999003	degraded_transcript	68337
1554.999003	ecoli_genome	1026
1554.999003	ecoli_transcript	22974
1554.999003	ecolipol	0
1554.999003	ecolipol-2	0
1554.999003	ecolipol-2-p	1016
1554.999003	ecolipol-p	10
1554.999003	gene 0.3	721
1554.999003	gene 1.1	2370
1554.999003	gene 1.2	1713
1554.999003	gene 1.3	3047
1554.999003	gene 1.4	2633
1554.999003	gene 1.5	2606
1554.999003	gene 1.6	3269
1554.999003	gene 1.7	3742
1554.999003	gene 1.8	3674
1554.999003	gene 10A	25299
1554.999003	gene 11	3782
1554.999003	gene 12	3360
1554.999003	gene 13	5454
1554.999003	gene 14	5328
1554.999003	gene 15	4648
1554.999003	gene 16	4418
1554.999003	gene 17	5778
1554.999003	gene 17.5	6057
1554.999003	gene 18	5855
1554.999003	gene 18.5	5954
1554.999003	gene 18.7	5675
1554.999003	gene 19	5546
1554.999003	gene 19.2	5574
1554.999003	gene 19.3	5690
1554.999003	gene 19.5	5910
1554.999003	gene 2.5	4634
1554.999003	gene 2.8	4309
1554.999003	gene 3	4082
1554.999003	gene 3.8	5114
1554.999003	gene 4.2	5083
1554.999003	gene 4.3	5564
1554.999003	gene 4.5	6215
1554.999003	gene 4.7	6193
1554.999003	gene 4A	4050
1554.999003	gene 5	6102
1554.999003	gene 5.3	6290
1554.999003	gene 5.5	6235
1554.999003	gene 5.7	6132
1554.999003	gene 5.9	5956
1554.999003	gene 6	5602
1554.999003	gene 6.3	6002
1554.999003	gene 6.5	8024
1554.999003	gene 6.7	7591
1554.999003	gene 7	7958
1554.999003	gene 7.3	7732
1554.999003	gene 7.7	8064
1554.999003	gene 8	6866
1554.999003	gene 9	12265
1554.999003	gp-2	2751
1554.999003	lysozyme-3.5	3640
1554.999003	protein_kinase-0.7	565
1554.999003	rbs	31244
1554.999003	ribosome	2
1554.999003	rnapol-1	10
1554.999003	rnapol-3.5	427
1559.999001	E. coli B promoter	1
1559.999001	E. coli C promoter	1
1559.999001	E. coli promoter A1	1
1559.999001	E. coli promoter A2	1
1559.999001	E. coli promoter A3	1
1559.999001	T7 promoter phi1.1A	1
1559.999001	T7 promoter phi1.1B	1
1559.999001	T7 promoter phi1.3	1
1559.999001	T7 promoter phi1.5	1
1559.999001	T7 promoter phi1.6	1
1559.999001	T7 promoter phi10	1
1559.999001	T7 promoter phi13	0
1559.999001	T7 promoter phi17	0
1559.999001	T7 promoter phi2.5	1
1559.999001	T7 promoter phi3.8	1
1559.999001	T7 promoter phi4.3	1
1559.999001	T7 promoter phi4.7	1
1559.999001	T7 promoter phi4c	1
1559.999001	T7 promoter phi6.5	1
1559.999001	T7 promoter phi9	0
1559.999001	bound_ecolipol	0
1559.999001	bound_ecolipol_p	799
1559.999001	bound_ribosome	622
1559.999001	degraded_transcript	68570
1559.999001	ecoli_genome	1001
1559.999001	ecoli_transcript	22898
1559.999001	ecolipol	0
1559.999001	ecolipol-2	0
1559.999001	ecolipol-2-p	992
1559.999001	ecolipol-p	9
1559.999001	gene 0.3	722
1559.999001	gene 1.1	2383
1559.999001	gene 1.2	1722
1559.999001	gene 1.3	3057
1559.999001	gene 1.4	2648
1559.999001	gene 1.5	2616
1559.999001	gene 1.6	3289
1559.999001	gene 1.7	3760
1559.999001	gene 1.8	3693
1559.999001	gene 10A	25423
1559.999001	gene 11	3803
1559.999001	gene 12	3385
1559.999001	gene 13	5480
1559.999001	gene 14	5350
1559.999001	gene 15	4678
1559.999001	gene 16	4447
1559.999001	gene 17	5812
1559.999001	gene 17.5	6085
1559.999001	gene 18	5886
1559.999001	gene 18.5	5993
1559.999001	gene 18.7	5713
1559.999001	gene 19	5583
1559.999001	gene 19.2	5601
1559.999001	gene 19.3	5718
1559.999001	gene 19.5	5940
1559.999001	gene 2.5	4654
1559.999001	gene 2.8	4337
1559.999001	gene 3	4101
1559.999001	gene 3.8	5139
1559.999001	gene 4.2	5106
1559.999001	gene 4.3	5596
1559.999001	gene 4.5	6249
1559.999001	gene 4.7	6224
1559.999001	gene 4A	4082
1559.999001	gene 5	6134
1559.999001	gene 5.3	6328
1559.999001	gene 5.5	6263
1559.999001	gene 5.7	6168
1559.999001	gene 5.9	5978
1559.999001	gene 6	5636
1559.999001	gene 6.3	6041
1559.999001	gene 6.5	8062
1559.999001	gene 6.7	7636
1559.999001	gene 7	7997
1559.999001	gene 7.3	7786
1559.999001	gene 7.7	8111
1559.999001	gene 8	6921
1559.999001	gene 9	12335
1559.999001	gp-2	2788
1559.999001	lysozyme-3.5	3667
1559.999001	protein_kinase-0.7	565
1559.999001	rbs	31421
1559.999001	ribosome	0
1559.999001	rnapol-1	7
1559.999001	rnapol-3.5	433
1564.999000	E. coli B promoter	1
1564.999000	E. coli C promoter	1
1564.999000	E. coli promoter A1	1
1564.999000	E. coli promoter A2	1
1564.999000	E. coli promoter A3	1
1564.999000	T7 promoter phi1.1A	1
1564.999000	T7 promoter phi1.1B	1
1564.999000	T7 promoter phi1.3	1
1564.999000	T7 promoter phi1.5	1
1564.999000	T7 promoter phi1.6	1
1564.999000	T7 promoter phi10	0
1564.999000	T7 promoter phi13	1
1564.999000	T7 promoter phi17	1
1564.999000	T7 promoter phi2.5	1
1564.999000	T7 promoter phi3.8	1
1564.999000	T7 promoter phi4.3	1
1564.999000	T7 promoter phi4.7	1
1564.999000	T7 promoter phi4c	1
1564.999000	T7 promoter phi6.5	1
1564.999000	T7 promoter phi9	1
1564.999000	bound_ecolipol	0
1564.999000	bound_ecolipol_p	776
1564.999000	bound_ribosome	603
1564.999000	degraded_transcript	68797
1564.999000	ecoli_genome	1024
1564.999000	ecoli_transcript	22872
1564.999000	ecolipol	0
1564.999000	ecolipol-2	0
1564.999000	ecolipol-2-p	1021
1564.999000	ecolipol-p	3
1564.999000	gene 0.3	722
1564.999000	gene 1.1	2389
1564.999000	gene 1.2	1726
1564.999000	gene 1.3	3068
1564.999000	gene 1.4	2660
1564.999000	gene 1.5	2624
1564.999000	gene 1.6	3308
1564.999000	gene 1.7	3778
1564.999000	gene 1.8	3708
1564.999000	gene 10A	25572
1564.999000	gene 11	3826
1564.999000	gene 12	3403
1564.999000	gene 13	5506
1564.999000	gene 14	5377
1564.999000	gene 15	4704
1564.999000	gene 16	4482
1564.999000	gene 17	5860
1564.999000	gene 17.5	6116
1564.999000	gene 18	5921
1564.999000	gene 18.5	6022
1564.999000	gene 18.7	5742
1564.999000	gene 19	5619
1564.999000	gene 19.2	5642
1564.999000	gene 19.3	5748
1564.999000	gene 19.5	5977
1564.999000	gene 2.5	4679
1564.999000	gene 2.8	4361
1564.999000	gene 3	4121
1564.999000	gene 3.8	5167
1564.999000	gene 4.2	5136
1564.999000	gene 4.3	5623
1564.999000	gene 4.5	6294
1564.999000	gene 4.7	6260
1564.999000	gene 4A	4107
1564.999000	gene 5	6169
1564.999000	gene 5.3	6362
1564.999000	gene 5.5	6294
1564.999000	gene 5.7	6202
1564.999000	gene 5.9	6008
1564.999000	gene 6	5673
1564.999000	gene 6.3	6077
1564.999000	gene 6.5	8111
1564.999000	gene 6.7	7672
1564.999000	gene 7	8041
1564.999000	gene 7.3	7835
1564.999000	gene 7.7	8153
1564.999000	gene 8	6962
1564.999000	gene 9	12401
1564.999000	gp-2	2786
1564.999000	lysozyme-3.5	3701
1564.999000	protein_kinase-0.7	567
1564.999000	rbs	31654
1564.999000	ribosome	1
1564.999000	rnapol-1	13
1564.999000	rnapol-3.5	422
1569.999002	E. coli B promoter	1
1569.999002	E. coli C promoter	1
1569.999002	E. coli promoter A1	1
1569.999002	E. coli promoter A2	1
1569.999002	E. coli promoter A3	1
1569.999002	T7 promoter phi1.1A	1
1569.999002	T7 promoter phi1.1B	1
1569.999002	T7 promoter phi1.3	1
1569.999002	T7 promoter phi1.5	1
1569.999002	T7 promoter phi1.6	1
1569.999002	T7 promoter phi10	0
1569.999002	T7 promoter phi13	1
1569.999002	T7 promoter phi17	0
1569.999002	T7 promoter phi2.5	1
1569.999002	T7 promoter phi3.8	1
1569.999002	T7 promoter phi4.3	1
1569.999002	T7 promoter phi4.7	0
1569.999002	T7 promoter phi4c	0
1569.999002	T7 promoter phi6.5	1
1569.999002	T7 promoter phi9	1
1569.999002	bound_ecolipol	0
1569.999002	bound_ecolipol_p	805
1569.999002	bound_ribosome	595
1569.999002	degraded_transcript	68999
1569.999002	ecoli_genome	995
1569.999002	ecoli_transcript	22815
1569.999002	ecolipol	0
1569.999002	ecolipol-2	0
1569.999002	ecolipol-2-p	985
1569.999002	ecolipol-p	10
1569.999002	gene 0.3	722
1569.999002	gene 1.1	2401
1569.999002	gene 1.2	1732
1569.999002	gene 1.3	3088
1569.999002	gene 1.4	2678
1569.999002	gene 1.5	2645
1569.999002	gene 1.6	3331
1569.999002	gene 1.7	3805
1569.999002	gene 1.8	3745
1569.999002	gene 10A	25688
1569.999002	gene 11	3846
1569.999002	gene 12	3426
1569.999002	gene 13	5534
1569.999002	gene 14	5397
1569.999002	gene 15	4730
1569.999002	gene 16	4518
1569.999002	gene 17	5899
1569.999002	gene 17.5	6152
1569.999002	gene 18	5961
1569.999002	gene 18.5	6052
1569.999002	gene 18.7	5776
1569.999002	gene 19	5649
1569.999002	gene 19.2	5675
1569.999002	gene 19.3	5786
1569.999002	gene 19.5	6017
1569.999002	gene 2.5	4704
1569.999002	gene 2.8	4390
1569.999002	gene 3	4151
1569.999002	gene 3.8	5189
1569.999002	gene 4.2	5174
1569.999002	gene 4.3	5658
1569.999002	gene 4.5	6323
1569.999002	gene 4.7	6291
1569.999002	gene 4A	4126
1569.999002	gene 5	6198
1569.999002	gene 5.3	6389
1569.999002	gene 5.5	6328
1569.999002	gene 5.7	6243
1569.999002	gene 5.9	6039
1569.999002	gene 6	5698
1569.999002	gene 6.3	6108
1569.999002	gene 6.5	8159
1569.999002	gene 6.7	7705
1569.999002	gene 7	8078
1569.999002	gene 7.3	7877
1569.999002	gene 7.7	8203
1569.999002	gene 8	7001
1569.999002	gene 9	12469
1569.999002	gp-2	2841
1569.999002	lysozyme-3.5	3720
1569.999002	protein_kinase-0.7	567
1569.999002	rbs	31829
1569.999002	ribosome	0
1569.999002	rnapol-1	9
1569.999002	rnapol-3.5	429
1574.999025	E. coli B promoter	1
1574.999025	E. coli C promoter	1
1574.999025	E. coli promoter A1	1
1574.999025	E. coli promoter A2	1
1574.999025	E. coli promoter A3	1
1574.999025	T7 promoter phi1.1A	1
1574.999025	T7 promoter phi1.1B	1
1574.999025	T7 promoter phi1.3	1
1574.999025	T7 promoter phi1.5	1
1574.999025	T7 promoter phi1.6	1
1574.999025	T7 promoter phi10	0
1574.999025	T7 promoter phi13	0
1574.999025	T7 promoter phi17	1
1574.999025	T7 promoter phi2.5	1
1574.999025	T7 promoter phi3.8	1
1574.999025	T7 promoter phi4.3	1
1574.999025	T7 promoter phi4.7	1
1574.999025	T7 promoter phi4c	1
1574.999025	T7 promoter phi6.5	1
1574.999025	T7 promoter phi9	0
1574.999025	bound_ecolipol	0
1574.999025	bound_ecolipol_p	798
1574.999025	bound_ribosome	589
1574.999025	degraded_transcript	69240
1574.999025	ecoli_genome	1002
1574.999025	ecoli_transcript	22726
1574.999025	ecolipol	0
1574.999025	ecolipol-2	0
1574.999025	ecolipol-2-p	997
1574.999025	ecolipol-p	5
1574.999025	gene 0.3	722
1574.999025	gene 1.1	2410
1574.999025	gene 1.2	1738
1574.999025	gene 1.3	3108
1574.999025	gene 1.4	2697
1574.999025	gene 1.5	2658
1574.999025	gene 1.6	3342
1574.999025	gene 1.7	3826
1574.999025	gene 1.8	3767
1574.999025	gene 10A	25819
1574.999025	gene 11	3864
1574.999025	gene 12	3444
1574.999025	gene 13	5566
1574.999025	gene 14	5429
1574.999025	gene 15	4764
1574.999025	gene 16	4550
1574.999025	gene 17	5929
1574.999025	gene 17.5	6192
1574.999025	gene 18	6007
1574.999025	gene 18.5	6086
1574.999025	gene 18.7	5805
1574.999025	gene 19	5681
1574.999025	gene 19.2	5711
1574.999025	gene 19.3	5813
1574.999025	gene 19.5	6048
1574.999025	gene 2.5	4732
1574.999025	gene 2.8	4416
1574.999025	gene 3	4180
1574.999025	gene 3.8	5216
1574.999025	gene 4.2	5200
1574.999025	gene 4.3	5689
1574.999025	gene 4.5	6357
1574.999025	gene 4.7	6314
1574.999025	gene 4A	4151
1574.999025	gene 5	6226
1574.999025	gene 5.3	6425
1574.999025	gene 5.5	6355
1574.999025	gene 5.7	6281
1574.999025	gene 5.9	6067
1574.999025	gene 6	5726
1574.999025	gene 6.3	6137
1574.999025	gene 6.5	8206
1574.999025	gene 6.7	7747
1574.999025	gene 7	8118
1574.999025	gene 7.3	7914
1574.999025	gene 7.7	8242
1574.999025	gene 8	7043
1574.999025	gene 9	12525
1574.999025	gp-2	2858
1574.999025	lysozyme-3.5	3735
1574.999025	protein_kinase-0.7	567
1574.999025	rbs	32052
1574.999025	ribosome	0
1574.999025	rnapol-1	4
1574.999025	rnapol-3.5	434
1579.999007	E. coli B promoter	1
1579.999007	E. coli C promoter	1
1579.999007	E. coli promoter A1	1
1579.999007	E. coli promoter A2	1
1579.999007	E. coli promoter A3	1
1579.999007	T7 promoter phi1.1A	1
1579.999007	T7 promoter phi1.1B	1
1579.999007	T7 promoter phi1.3	0
1579.999007	T7 promoter phi1.5	1
1579.999007	T7 promoter phi1.6	1
1579.999007	T7 promoter phi10	0
1579.999007	T7 promoter phi13	1
1579.999007	T7 promoter phi17	0
1579.999007	T7 promoter phi2.5	1
1579.999007	T7 promoter phi3.8	1
1579.999007	T7 promoter phi4.3	1
1579.999007	T7 promoter phi4.7	1
1579.999007	T7 promoter phi4c	1
1579.999007	T7 promoter phi6.5	1
1579.999007	T7 promoter phi9	1
1579.999007	bound_ecolipol	0
1579.999007	bound_ecolipol_p	777
1579.999007	bound_ribosome	613
1579.999007	degraded_transcript	69480
1579.999007	ecoli_genome	1023
1579.999007	ecoli_transcript	22629
1579.999007	ecolipol	0
1579.999007	ecolipol-2	0
1579.999007	ecolipol-2-p	1014
1579.999007	ecolipol-p	9
1579.999007	gene 0.3	722
1579.999007	gene 1.1	2423
1579.999007	gene 1.2	1742
1579.999007	gene 1.3	3126
1579.999007	gene 1.4	2709
1579.999007	gene 1.5	2678
1579.999007	gene 1.6	3366
1579.999007	gene 1.7	3851
1579.999007	gene 1.8	3797
1579.999007	gene 10A	25953
1579.999007	gene 11	3881
1579.999007	gene 12	3473
1579.999007	gene 13	5587
1579.999007	gene 14	5467
1579.999007	gene 15	4794
1579.999007	gene 16	4580
1579.999007	gene 17	5972
1579.999007	gene 17.5	6229
1579.999007	gene 18	6040
1579.999007	gene 18.5	6110
1579.999007	gene 18.7	5843
1579.999007	gene 19	5710
1579.999007	gene 19.2	5741
1579.999007	gene 19.3	5839
1579.999007	gene 19.5	6088
1579.999007	gene 2.5	4743
1579.999007	gene 2.8	4444
1579.999007	gene 3	4207
1579.999007	gene 3.8	5253
1579.999007	gene 4.2	5226
1579.999007	gene 4.3	5720
1579.999007	gene 4.5	6389
1579.999007	gene 4.7	6343
1579.999007	gene 4A	4175
1579.999007	gene 5	6253
1579.999007	gene 5.3	6457
1579.999007	gene 5.5	6393
1579.999007	gene 5.7	6308
1579.999007	gene 5.9	6111
1579.999007	gene 6	5763
1579.999007	gene 6.3	6170
1579.999007	gene 6.5	8253
1579.999007	gene 6.7	7799
1579.999007	gene 7	8155
1579.999007	gene 7.3	7947
1579.999007	gene 7.7	8294
1579.999007	gene 8	7076
1579.999007	gene 9	12591
1579.999007	gp-2	2862
1579.999007	lysozyme-3.5	3763
1579.999007	protein_kinase-0.7	567
1579.999007	rbs	32291
1579.999007	ribosome	4
1579.999007	rnapol-1	2
1579.999007	rnapol-3.5	435
1584.999001	E. coli B promoter	1
1584.999001	E. coli C promoter	1
1584.999001	E. coli promoter A1	1
1584.999001	E. coli promoter A2	1
1584.999001	E. coli promoter A3	1
1584.999001	T7 promoter phi1.1A	1
1584.999001	T7 promoter phi1.1B	1
1584.999001	T7 promoter phi1.3	1
1584.999001	T7 promoter phi1.5	1
1584.999001	T7 promoter phi1.6	1
1584.999001	T7 promoter phi10	1
1584.999001	T7 promoter phi13	0
1584.999001	T7 promoter phi17	1
1584.999001	T7 promoter phi2.5	1
1584.999001	T7 promoter phi3.8	1
1584.999001	T7 promoter phi4.3	1
1584.999001	T7 promoter phi4.7	1
1584.999001	T7 promoter phi4c	1
1584.999001	T7 promoter phi6.5	1
1584.999001	T7 promoter phi9	1
1584.999001	bound_ecolipol	0
1584.999001	bound_ecolipol_p	775
1584.999001	bound_ribosome	625
1584.999001	degraded_transcript	69679
1584.999001	ecoli_genome	1025
1584.999001	ecoli_transcript	22589
1584.999001	ecolipol	0
1584.999001	ecolipol-2	0
1584.999001	ecolipol-2-p	1019
1584.999001	ecolipol-p	6
1584.999001	gene 0.3	725
1584.999001	gene 1.1	2439
1584.999001	gene 1.2	1748
1584.999001	gene 1.3	3136
1584.999001	gene 1.4	2719
1584.999001	gene 1.5	2690
1584.999001	gene 1.6	3390
1584.999001	gene 1.7	3874
1584.999001	gene 1.8	3825
1584.999001	gene 10A	26065
1584.999001	gene 11	3900
1584.999001	gene 12	3501
1584.999001	gene 13	5622
1584.999001	gene 14	5500
1584.999001	gene 15	4817
1584.999001	gene 16	4618
1584.999001	gene 17	6006
1584.999001	gene 17.5	6263
1584.999001	gene 18	6080
1584.999001	gene 18.5	6148
1584.999001	gene 18.7	5876
1584.999001	gene 19	5753
1584.999001	gene 19.2	5782
1584.999001	gene 19.3	5864
1584.999001	gene 19.5	6124
1584.999001	gene 2.5	4766
1584.999001	gene 2.8	4467
1584.999001	gene 3	4232
1584.999001	gene 3.8	5281
1584.999001	gene 4.2	5246
1584.999001	gene 4.3	5762
1584.999001	gene 4.5	6421
1584.999001	gene 4.7	6377
1584.999001	gene 4A	4197
1584.999001	gene 5	6292
1584.999001	gene 5.3	6495
1584.999001	gene 5.5	6421
1584.999001	gene 5.7	6346
1584.999001	gene 5.9	6138
1584.999001	gene 6	5795
1584.999001	gene 6.3	6207
1584.999001	gene 6.5	8296
1584.999001	gene 6.7	7836
1584.999001	gene 7	8190
1584.999001	gene 7.3	7988
1584.999001	gene 7.7	8341
1584.999001	gene 8	7136
1584.999001	gene 9	12656
1584.999001	gp-2	2882
1584.999001	lysozyme-3.5	3789
1584.999001	protein_kinase-0.7	567
1584.999001	rbs	32492
1584.999001	ribosome	0
1584.999001	rnapol-1	4
1584.999001	rnapol-3.5	436
1589.999004	E. coli B promoter	1
1589.999004	E. coli C promoter	1
1589.999004	E. coli promoter A1	1
1589.999004	E. coli promoter A2	1
1589.999004	E. coli promoter A3	1
1589.999004	T7 promoter phi1.1A	1
1589.999004	T7 promoter phi1.1B	1
1589.999004	T7 promoter phi1.3	1
1589.999004	T7 promoter phi1.5	1
1589.999004	T7 promoter phi1.6	1
1589.999004	T7 promoter phi10	0
1589.999004	T7 promoter phi13	1
1589.999004	T7 promoter phi17	0
1589.999004	T7 promoter phi2.5	1
1589.999004	T7 promoter phi3.8	1
1589.999004	T7 promoter phi4.3	1
1589.999004	T7 promoter phi4.7	0
1589.999004	T7 promoter phi4c	1
1589.999004	T7 promoter phi6.5	1
1589.999004	T7 promoter phi9	1
1589.999004	bound_ecolipol	0
1589.999004	bound_ecolipol_p	774
1589.999004	bound_ribosome	598
1589.999004	degraded_transcript	69876
1589.999004	ecoli_genome	1026
1589.999004	ecoli_transcript	22573
1589.999004	ecolipol	0
1589.999004	ecolipol-2	0
1589.999004	ecolipol-2-p	1014
1589.999004	ecolipol-p	12
1589.999004	gene 0.3	725
1589.999004	gene 1.1	2448
1589.999004	gene 1.2	1750
1589.999004	gene 1.3	3147
1589.999004	gene 1.4	2735
1589.999004	gene 1.5	2704
1589.999004	gene 1.6	3405
1589.999004	gene 1.7	3888
1589.999004	gene 1.8	3846
1589.999004	gene 10A	26203
1589.999004	gene 11	3920
1589.999004	gene 12	3520
1589.999004	gene 13	5653
1589.999004	gene 14	5527
1589.999004	gene 15	4847
1589.999004	gene 16	4638
1589.999004	gene 17	6042
1589.999004	gene 17.5	6293
1589.999004	gene 18	6116
1589.999004	gene 18.5	6187
1589.999004	gene 18.7	5892
1589.999004	gene 19	5789
1589.999004	gene 19.2	5816
1589.999004	gene 19.3	5896
1589.999004	gene 19.5	6161
1589.999004	gene 2.5	4798
1589.999004	gene 2.8	4492
1589.999004	gene 3	4256
1589.999004	gene 3.8	5309
1589.999004	gene 4.2	5274
1589.999004	gene 4.3	5791
1589.999004	gene 4.5	6453
1589.999004	gene 4.7	6408
1589.999004	gene 4A	4219
1589.999004	gene 5	6321
1589.999004	gene 5.3	6530
1589.999004	gene 5.5	6453
1589.999004	gene 5.7	6375
1589.999004	gene 5.9	6169
1589.999004	gene 6	5826
1589.999004	gene 6.3	6246
1589.999004	gene 6.5	8338
1589.999004	gene 6.7	7883
1589.999004	gene 7	8230
1589.999004	gene 7.3	8029
1589.999004	gene 7.7	8385
1589.999004	gene 8	7182
1589.999004	gene 9	12719
1589.999004	gp-2	2916
1589.999004	lysozyme-3.5	3821
1589.999004	protein_kinase-0.7	568
1589.999004	rbs	32643
1589.999004	ribosome	0
1589.999004	rnapol-1	10
1589.999004	rnapol-3.5	430
1594.999000	E. coli B promoter	1
1594.999000	E. coli C promoter	1
1594.999000	E. coli promoter A1	1
1594.999000	E. coli promoter A2	1
1594.999000	E. coli promoter A3	1
1594.999000	T7 promoter phi1.1A	1
1594.999000	T7 promoter phi1.1B	1
1594.999000	T7 promoter phi1.3	1
1594.999000	T7 promoter phi1.5	1
1594.999000	T7 promoter phi1.6	1
1594.999000	T7 promoter phi10	0
1594.999000	T7 promoter phi13	0
1594.999000	T7 promoter phi17	0
1594.999000	T7 promoter phi2.5	1
1594.999000	T7 promoter phi3.8	1
1594.999000	T7 promoter phi4.3	1
1594.999000	T7 promoter phi4.7	1
1594.999000	T7 promoter phi4c	1
1594.999000	T7 promoter phi6.5	1
1594.999000	T7 promoter phi9	1
1594.999000	bound_ecolipol	0
1594.999000	bound_ecolipol_p	780
1594.999000	bound_ribosome	574
1594.999000	degraded_transcript	70094
1594.999000	ecoli_genome	1020
1594.999000	ecoli_transcript	22533
1594.999000	ecolipol	0
1594.999000	ecolipol-2	0
1594.999000	ecolipol-2-p	1014
1594.999000	ecolipol-p	6
1594.999000	gene 0.3	728
1594.999000	gene 1.1	2454
1594.999000	gene 1.2	1758
1594.999000	gene 1.3	3163
1594.999000	gene 1.4	2750
1594.999000	gene 1.5	2718
1594.999000	gene 1.6	3421
1594.999000	gene 1.7	3907
1594.999000	gene 1.8	3863
1594.999000	gene 10A	26332
1594.999000	gene 11	3943
1594.999000	gene 12	3540
1594.999000	gene 13	5674
1594.999000	gene 14	5558
1594.999000	gene 15	4882
1594.999000	gene 16	4678
1594.999000	gene 17	6073
1594.999000	gene 17.5	6334
1594.999000	gene 18	6157
1594.999000	gene 18.5	6216
1594.999000	gene 18.7	5924
1594.999000	gene 19	5821
1594.999000	gene 19.2	5850
1594.999000	gene 19.3	5921
1594.999000	gene 19.5	6184
1594.999000	gene 2.5	4818
1594.999000	gene 2.8	4512
1594.999000	gene 3	4277
1594.999000	gene 3.8	5343
1594.999000	gene 4.2	5291
1594.999000	gene 4.3	5822
1594.999000	gene 4.5	6481
1594.999000	gene 4.7	6437
1594.999000	gene 4A	4234
1594.999000	gene 5	6354
1594.999000	gene 5.3	6571
1594.999000	gene 5.5	6490
1594.999000	gene 5.7	6403
1594.999000	gene 5.9	6220
1594.999000	gene 6	5860
1594.999000	gene 6.3	6276
1594.999000	gene 6.5	8377
1594.999000	gene 6.7	7943
1594.999000	gene 7	8267
1594.999000	gene 7.3	8074
1594.999000	gene 7.7	8441
1594.999000	gene 8	7225
1594.999000	gene 9	12794
1594.999000	gp-2	2936
1594.999000	lysozyme-3.5	3836
1594.999000	protein_kinase-0.7	569
1594.999000	rbs	32823
1594.999000	ribosome	1
1594.999000	rnapol-1	10
1594.999000	rnapol-3.5	435
1599.999008	E. coli B promoter	1
1599.999008	E. coli C promoter	1
1599.999008	E. coli promoter A1	1
1599.999008	E. coli promoter A2	1
1599.999008	E. coli promoter A3	1
1599.999008	T7 promoter phi1.1A	1
1599.999008	T7 promoter phi1.1B	1
1599.999008	T7 promoter phi1.3	0
1599.999008	T7 promoter phi1.5	1
1599.999008	T7 promoter phi1.6	1
1599.999008	T7 promoter phi10	1
1599.999008	T7 promoter phi13	1
1599.999008	T7 promoter phi17	0
1599.999008	T7 promoter phi2.5	1
1599.999008	T7 promoter phi3.8	0
1599.999008	T7 promoter phi4.3	1
1599.999008	T7 promoter phi4.7	1
1599.999008	T7 promoter phi4c	1
1599.999008	T7 promoter phi6.5	1
1599.999008	T7 promoter phi9	1
1599.999008	bound_ecolipol	0
1599.999008	bound_ecolipol_p	764
1599.999008	bound_ribosome	571
1599.999008	degraded_transcript	70318
1599.999008	ecoli_genome	1036
1599.999008	ecoli_transcript	22477
1599.999008	ecolipol	0
1599.999008	ecolipol-2	0
1599.999008	ecolipol-2-p	1031
1599.999008	ecolipol-p	5
1599.999008	gene 0.3	729
1599.999008	gene 1.1	2463
1599.999008	gene 1.2	1767
1599.999008	gene 1.3	3186
1599.999008	gene 1.4	2767
1599.999008	gene 1.5	2737
1599.999008	gene 1.6	3440
1599.999008	gene 1.7	3921
1599.999008	gene 1.8	3887
1599.999008	gene 10A	26467
1599.999008	gene 11	3973
1599.999008	gene 12	3567
1599.999008	gene 13	5702
1599.999008	gene 14	5586
1599.999008	gene 15	4914
1599.999008	gene 16	4711
1599.999008	gene 17	6121
1599.999008	gene 17.5	6371
1599.999008	gene 18	6189
1599.999008	gene 18.5	6243
1599.999008	gene 18.7	5963
1599.999008	gene 19	5860
1599.999008	gene 19.2	5880
1599.999008	gene 19.3	5958
1599.999008	gene 19.5	6216
1599.999008	gene 2.5	4843
1599.999008	gene 2.8	4531
1599.999008	gene 3	4303
1599.999008	gene 3.8	5374
1599.999008	gene 4.2	5318
1599.999008	gene 4.3	5851
1599.999008	gene 4.5	6513
1599.999008	gene 4.7	6473
1599.999008	gene 4A	4262
1599.999008	gene 5	6388
1599.999008	gene 5.3	6607
1599.999008	gene 5.5	6538
1599.999008	gene 5.7	6436
1599.999008	gene 5.9	6259
1599.999008	gene 6	5892
1599.999008	gene 6.3	6311
1599.999008	gene 6.5	8417
1599.999008	gene 6.7	7977
1599.999008	gene 7	8318
1599.999008	gene 7.3	8120
1599.999008	gene 7.7	8488
1599.999008	gene 8	7271
1599.999008	gene 9	12850
1599.999008	gp-2	2940
1599.999008	lysozyme-3.5	3853
1599.999008	protein_kinase-0.7	569
1599.999008	rbs	33022
1599.999008	ribosome	0
1599.999008	rnapol-1	6
1599.999008	rnapol-3.5	440
1604.999007	E. coli B promoter	1
1604.999007	E. coli C promoter	1
1604.999007	E. coli promoter A1	1
1604.999007	E. coli promoter A2	1
1604.999007	E. coli promoter A3	1
1604.999007	T7 promoter phi1.1A	1
1604.999007	T7 promoter phi1.1B	1
1604.999007	T7 promoter phi1.3	1
1604.999007	T7 promoter phi1.5	1
1604.999007	T7 promoter phi1.6	1
1604.999007	T7 promoter phi10	0
1604.999007	T7 promoter phi13	1
1604.999007	T7 promoter phi17	1
1604.999007	T7 promoter phi2.5	1
1604.999007	T7 promoter phi3.8	1
1604.999007	T7 promoter phi4.3	1
1604.999007	T7 promoter phi4.7	0
1604.999007	T7 promoter phi4c	1
1604.999007	T7 promoter phi6.5	0
1604.999007	T7 promoter phi9	0
1604.999007	bound_ecolipol	0
1604.999007	bound_ecolipol_p	780
1604.999007	bound_ribosome	579
1604.999007	degraded_transcript	70552
1604.999007	ecoli_genome	1020
1604.999007	ecoli_transcript	22371
1604.999007	ecolipol	0
1604.999007	ecolipol-2	0
1604.999007	ecolipol-2-p	1014
1604.999007	ecolipol-p	6
1604.999007	gene 0.3	730
1604.999007	gene 1.1	2475
1604.999007	gene 1.2	1774
1604.999007	gene 1.3	3202
1604.999007	gene 1.4	2780
1604.999007	gene 1.5	2764
1604.999007	gene 1.6	3458
1604.999007	gene 1.7	3943
1604.999007	gene 1.8	3914
1604.999007	gene 10A	26612
1604.999007	gene 11	3999
1604.999007	gene 12	3588
1604.999007	gene 13	5733
1604.999007	gene 14	5610
1604.999007	gene 15	4962
1604.999007	gene 16	4736
1604.999007	gene 17	6151
1604.999007	gene 17.5	6405
1604.999007	gene 18	6234
1604.999007	gene 18.5	6282
1604.999007	gene 18.7	6008
1604.999007	gene 19	5899
1604.999007	gene 19.2	5916
1604.999007	gene 19.3	5989
1604.999007	gene 19.5	6254
1604.999007	gene 2.5	4865
1604.999007	gene 2.8	4552
1604.999007	gene 3	4330
1604.999007	gene 3.8	5404
1604.999007	gene 4.2	5351
1604.999007	gene 4.3	5880
1604.999007	gene 4.5	6551
1604.999007	gene 4.7	6502
1604.999007	gene 4A	4288
1604.999007	gene 5	6423
1604.999007	gene 5.3	6640
1604.999007	gene 5.5	6571
1604.999007	gene 5.7	6470
1604.999007	gene 5.9	6297
1604.999007	gene 6	5924
1604.999007	gene 6.3	6340
1604.999007	gene 6.5	8468
1604.999007	gene 6.7	8013
1604.999007	gene 7	8350
1604.999007	gene 7.3	8167
1604.999007	gene 7.7	8532
1604.999007	gene 8	7315
1604.999007	gene 9	12915
1604.999007	gp-2	2979
1604.999007	lysozyme-3.5	3873
1604.999007	protein_kinase-0.7	570
1604.999007	rbs	33208
1604.999007	ribosome	1
1604.999007	rnapol-1	8
1604.999007	rnapol-3.5	439
1609.999001	E. coli B promoter	1
1609.999001	E. coli C promoter	1
1609.999001	E. coli promoter A1	1
1609.999001	E. coli promoter A2	1
1609.999001	E. coli promoter A3	1
1609.999001	T7 promoter phi1.1A	1
1609.999001	T7 promoter phi1.1B	1
1609.999001	T7 promoter phi1.3	1
1609.999001	T7 promoter phi1.5	1
1609.999001	T7 promoter phi1.6	1
1609.999001	T7 promoter phi10	0
1609.999001	T7 promoter phi13	1
1609.999001	T7 promoter phi17	1
1609.999001	T7 promoter phi2.5	0
1609.999001	T7 promoter phi3.8	1
1609.999001	T7 promoter phi4.3	1
1609.999001	T7 promoter phi4.7	1
1609.999001	T7 promoter phi4c	1
1609.999001	T7 promoter phi6.5	1
1609.999001	T7 promoter phi9	1
1609.999001	bound_ecolipol	0
1609.999001	bound_ecolipol_p	761
1609.999001	bound_ribosome	553
1609.999001	degraded_transcript	70759
1609.999001	ecoli_genome	1039
1609.999001	ecoli_transcript	22353
1609.999001	ecolipol	0
1609.999001	ecolipol-2	0
1609.999001	ecolipol-2-p	1033
1609.999001	ecolipol-p	6
1609.999001	gene 0.3	732
1609.999001	gene 1.1	2483
1609.999001	gene 1.2	1778
1609.999001	gene 1.3	3219
1609.999001	gene 1.4	2794
1609.999001	gene 1.5	2778
1609.999001	gene 1.6	3483
1609.999001	gene 1.7	3969
1609.999001	gene 1.8	3940
1609.999001	gene 10A	26754
1609.999001	gene 11	4022
1609.999001	gene 12	3609
1609.999001	gene 13	5766
1609.999001	gene 14	5635
1609.999001	gene 15	4994
1609.999001	gene 16	4766
1609.999001	gene 17	6189
1609.999001	gene 17.5	6444
1609.999001	gene 18	6271
1609.999001	gene 18.5	6326
1609.999001	gene 18.7	6038
1609.999001	gene 19	5937
1609.999001	gene 19.2	5954
1609.999001	gene 19.3	6026
1609.999001	gene 19.5	6291
1609.999001	gene 2.5	4885
1609.999001	gene 2.8	4568
1609.999001	gene 3	4353
1609.999001	gene 3.8	5430
1609.999001	gene 4.2	5391
1609.999001	gene 4.3	5917
1609.999001	gene 4.5	6576
1609.999001	gene 4.7	6535
1609.999001	gene 4A	4319
1609.999001	gene 5	6456
1609.999001	gene 5.3	6668
1609.999001	gene 5.5	6603
1609.999001	gene 5.7	6508
1609.999001	gene 5.9	6339
1609.999001	gene 6	5952
1609.999001	gene 6.3	6379
1609.999001	gene 6.5	8509
1609.999001	gene 6.7	8053
1609.999001	gene 7	8392
1609.999001	gene 7.3	8209
1609.999001	gene 7.7	8577
1609.999001	gene 8	7363
1609.999001	gene 9	12991
1609.999001	gp-2	2979
1609.999001	lysozyme-3.5	3886
1609.999001	protein_kinase-0.7	571
1609.999001	rbs	33415
1609.999001	ribosome	0
1609.999001	rnapol-1	5
1609.999001	rnapol-3.5	444
1614.999001	E. coli B promoter	1
1614.999001	E. coli C promoter	1
1614.999001	E. coli promoter A1	1
1614.999001	E. coli promoter A2	1
1614.999001	E. coli promoter A3	1
1614.999001	T7 promoter phi1.1A	1
1614.999001	T7 promoter phi1.1B	1
1614.999001	T7 promoter phi1.3	1
1614.999001	T7 promoter phi1.5	1
1614.999001	T7 promoter phi1.6	1
1614.999001	T7 promoter phi10	0
1614.999001	T7 promoter phi13	1
1614.999001	T7 promoter phi17	1
1614.999001	T7 promoter phi2.5	1
1614.999001	T7 promoter phi3.8	1
1614.999001	T7 promoter phi4.3	1
1614.999001	T7 promoter phi4.7	1
1614.999001	T7 promoter phi4c	0
1614.999001	T7 promoter phi6.5	1
1614.999001	T7 promoter phi9	1
1614.999001	bound_ecolipol	0
1614.999001	bound_ecolipol_p	771
1614.999001	bound_ribosome	543
1614.999001	degraded_transcript	70982
1614.999001	ecoli_genome	1029
1614.999001	ecoli_transcript	22288
1614.999001	ecolipol	0
1614.999001	ecolipol-2	0
1614.999001	ecolipol-2-p	1023
1614.999001	ecolipol-p	6
1614.999001	gene 0.3	733
1614.999001	gene 1.1	2499
1614.999001	gene 1.2	1783
1614.999001	gene 1.3	3233
1614.999001	gene 1.4	2811
1614.999001	gene 1.5	2799
1614.999001	gene 1.6	3510
1614.999001	gene 1.7	3983
1614.999001	gene 1.8	3967
1614.999001	gene 10A	26877
1614.999001	gene 11	4039
1614.999001	gene 12	3628
1614.999001	gene 13	5803
1614.999001	gene 14	5659
1614.999001	gene 15	5020
1614.999001	gene 16	4796
1614.999001	gene 17	6231
1614.999001	gene 17.5	6480
1614.999001	gene 18	6314
1614.999001	gene 18.5	6356
1614.999001	gene 18.7	6069
1614.999001	gene 19	5978
1614.999001	gene 19.2	5995
1614.999001	gene 19.3	6058
1614.999001	gene 19.5	6332
1614.999001	gene 2.5	4917
1614.999001	gene 2.8	4581
1614.999001	gene 3	4370
1614.999001	gene 3.8	5455
1614.999001	gene 4.2	5416
1614.999001	gene 4.3	5950
1614.999001	gene 4.5	6604
1614.999001	gene 4.7	6569
1614.999001	gene 4A	4339
1614.999001	gene 5	6488
1614.999001	gene 5.3	6700
1614.999001	gene 5.5	6642
1614.999001	gene 5.7	6545
1614.999001	gene 5.9	6368
1614.999001	gene 6	5988
1614.999001	gene 6.3	6406
1614.999001	gene 6.5	8551
1614.999001	gene 6.7	8079
1614.999001	gene 7	8426
1614.999001	gene 7.3	8253
1614.999001	gene 7.7	8615
1614.999001	gene 8	7403
1614.999001	gene 9	13062
1614.999001	gp-2	3019
1614.999001	lysozyme-3.5	3915
1614.999001	protein_kinase-0.7	572
1614.999001	rbs	33659
1614.999001	ribosome	0
1614.999001	rnapol-1	7
1614.999001	rnapol-3.5	444
1619.999000	E. coli B promoter	1
1619.999000	E. coli C promoter	1
1619.999000	E. coli promoter A1	1
1619.999000	E. coli promoter A2	1
1619.999000	E. coli promoter A3	1
1619.999000	T7 promoter phi1.1A	1
1619.999000	T7 promoter phi1.1B	1
1619.999000	T7 promoter phi1.3	1
1619.999000	T7 promoter phi1.5	1
1619.999000	T7 promoter phi1.6	1
1619.999000	T7 promoter phi10	0
1619.999000	T7 promoter phi13	1
1619.999000	T7 promoter phi17	1
1619.999000	T7 promoter phi2.5	1
1619.999000	T7 promoter phi3.8	1
1619.999000	T7 promoter phi4.3	1
1619.999000	T7 promoter phi4.7	0
1619.999000	T7 promoter phi4c	1
1619.999000	T7 promoter phi6.5	1
1619.999000	T7 promoter phi9	1
1619.999000	bound_ecolipol	0
1619.999000	bound_ecolipol_p	764
1619.999000	bound_ribosome	534
1619.999000	degraded_transcript	71169
1619.999000	ecoli_genome	1036
1619.999000	ecoli_transcript	22271
1619.999000	ecolipol	0
1619.999000	ecolipol-2	0
1619.999000	ecolipol-2-p	1026
1619.999000	ecolipol-p	10
1619.999000	gene 0.3	735
1619.999000	gene 1.1	2507
1619.999000	gene 1.2	1792
1619.999000	gene 1.3	3248
1619.999000	gene 1.4	2824
1619.999000	gene 1.5	2814
1619.999000	gene 1.6	3524
1619.999000	gene 1.7	3998
1619.999000	gene 1.8	3988
1619.999000	gene 10A	26997
1619.999000	gene 11	4059
1619.999000	gene 12	3643
1619.999000	gene 13	5840
1619.999000	gene 14	5685
1619.999000	gene 15	5051
1619.999000	gene 16	4840
1619.999000	gene 17	6268
1619.999000	gene 17.5	6518
1619.999000	gene 18	6348
1619.999000	gene 18.5	6404
1619.999000	gene 18.7	6105
1619.999000	gene 19	6021
1619.999000	gene 19.2	6022
1619.999000	gene 19.3	6096
1619.999000	gene 19.5	6368
1619.999000	gene 2.5	4947
1619.999000	gene 2.8	4610
1619.999000	gene 3	4386
1619.999000	gene 3.8	5476
1619.999000	gene 4.2	5441
1619.999000	gene 4.3	5979
1619.999000	gene 4.5	6640
1619.999000	gene 4.7	6596
1619.999000	gene 4A	4368
1619.999000	gene 5	6520
1619.999000	gene 5.3	6729
1619.999000	gene 5.5	6676
1619.999000	gene 5.7	6576
1619.999000	gene 5.9	6396
1619.999000	gene 6	6017
1619.999000	gene 6.3	6434
1619.999000	gene 6.5	8599
1619.999000	gene 6.7	8128
1619.999000	gene 7	8478
1619.999000	gene 7.3	8297
1619.999000	gene 7.7	8658
1619.999000	gene 8	7447
1619.999000	gene 9	13123
1619.999000	gp-2	3030
1619.999000	lysozyme-3.5	3942
1619.999000	protein_kinase-0.7	573
1619.999000	rbs	33876
1619.999000	ribosome	0
1619.999000	rnapol-1	5
1619.999000	rnapol-3.5	431
1624.999003	E. coli B promoter	1
1624.999003	E. coli C promoter	1
1624.999003	E. coli promoter A1	1
1624.999003	E. coli promoter A2	1
1624.999003	E. coli promoter A3	1
1624.999003	T7 promoter phi1.1A	1
1624.999003	T7 promoter phi1.1B	1
1624.999003	T7 promoter phi1.3	1
1624.999003	T7 promoter phi1.5	1
1624.999003	T7 promoter phi1.6	1
1624.999003	T7 promoter phi10	0
1624.999003	T7 promoter phi13	1
1624.999003	T7 promoter phi17	1
1624.999003	T7 promoter phi2.5	1
1624.999003	T7 promoter phi3.8	0
1624.999003	T7 promoter phi4.3	1
1624.999003	T7 promoter phi4.7	0
1624.999003	T7 promoter phi4c	1
1624.999003	T7 promoter phi6.5	0
1624.999003	T7 promoter phi9	0
1624.999003	bound_ecolipol	0
1624.999003	bound_ecolipol_p	777
1624.999003	bound_ribosome	527
1624.999003	degraded_transcript	71374
1624.999003	ecoli_genome	1023
1624.999003	ecoli_transcript	22231
1624.999003	ecolipol	0
1624.999003	ecolipol-2	0
1624.999003	ecolipol-2-p	1020
1624.999003	ecolipol-p	3
1624.999003	gene 0.3	735
1624.999003	gene 1.1	2514
1624.999003	gene 1.2	1797
1624.999003	gene 1.3	3265
1624.999003	gene 1.4	2839
1624.999003	gene 1.5	2835
1624.999003	gene 1.6	3535
1624.999003	gene 1.7	4022
1624.999003	gene 1.8	4007
1624.999003	gene 10A	27131
1624.999003	gene 11	4086
1624.999003	gene 12	3660
1624.999003	gene 13	5877
1624.999003	gene 14	5710
1624.999003	gene 15	5078
1624.999003	gene 16	4870
1624.999003	gene 17	6297
1624.999003	gene 17.5	6548
1624.999003	gene 18	6377
1624.999003	gene 18.5	6437
1624.999003	gene 18.7	6139
1624.999003	gene 19	6048
1624.999003	gene 19.2	6052
1624.999003	gene 19.3	6129
1624.999003	gene 19.5	6397
1624.999003	gene 2.5	4972
1624.999003	gene 2.8	4639
1624.999003	gene 3	4403
1624.999003	gene 3.8	5504
1624.999003	gene 4.2	5479
1624.999003	gene 4.3	6006
1624.999003	gene 4.5	6677
1624.999003	gene 4.7	6621
1624.999003	gene 4A	4387
1624.999003	gene 5	6548
1624.999003	gene 5.3	6770
1624.999003	gene 5.5	6719
1624.999003	gene 5.7	6614
1624.999003	gene 5.9	6449
1624.999003	gene 6	6052
1624.999003	gene 6.3	6464
1624.999003	gene 6.5	8644
1624.999003	gene 6.7	8178
1624.999003	gene 7	8520
1624.999003	gene 7.3	8349
1624.999003	gene 7.7	8696
1624.999003	gene 8	7487
1624.999003	gene 9	13192
1624.999003	gp-2	3057
1624.999003	lysozyme-3.5	3971
1624.999003	protein_kinase-0.7	573
1624.999003	rbs	34058
1624.999003	ribosome	2
1624.999003	rnapol-1	11
1624.999003	rnapol-3.5	431
1629.999004	E. coli B promoter	1
1629.999004	E. coli C promoter	1
1629.999004	E. coli promoter A1	1
1629.999004	E. coli promoter A2	1
1629.999004	E. coli promoter A3	1
1629.999004	T7 promoter phi1.1A	1
1629.999004	T7 promoter phi1.1B	1
1629.999004	T7 promoter phi1.3	1
1629.999004	T7 promoter phi1.5	1
1629.999004	T7 promoter phi1.6	1
1629.999004	T7 promoter phi10	0
1629.999004	T7 promoter phi13	1
1629.999004	T7 promoter phi17	1
1629.999004	T7 promoter phi2.5	1
1629.999004	T7 promoter phi3.8	1
1629.999004	T7 promoter phi4.3	1
1629.999004	T7 promoter phi4.7	1
1629.999004	T7 promoter phi4c	1
1629.999004	T7 promoter phi6.5	1
1629.999004	T7 promoter phi9	1
1629.999004	bound_ecolipol	0
1629.999004	bound_ecolipol_p	782
1629.999004	bound_ribosome	528
1629.999004	degraded_transcript	71579
1629.999004	ecoli_genome	1018
1629.999004	ecoli_transcript	22177
1629.999004	ecolipol	0
1629.999004	ecolipol-2	0
1629.999004	ecolipol-2-p	1014
1629.999004	ecolipol-p	4
1629.999004	gene 0.3	736
1629.999004	gene 1.1	2521
1629.999004	gene 1.2	1804
1629.999004	gene 1.3	3285
1629.999004	gene 1.4	2852
1629.999004	gene 1.5	2848
1629.999004	gene 1.6	3553
1629.999004	gene 1.7	4039
1629.999004	gene 1.8	4031
1629.999004	gene 10A	27263
1629.999004	gene 11	4108
1629.999004	gene 12	3682
1629.999004	gene 13	5919
1629.999004	gene 14	5746
1629.999004	gene 15	5100
1629.999004	gene 16	4892
1629.999004	gene 17	6335
1629.999004	gene 17.5	6582
1629.999004	gene 18	6414
1629.999004	gene 18.5	6480
1629.999004	gene 18.7	6172
1629.999004	gene 19	6086
1629.999004	gene 19.2	6089
1629.999004	gene 19.3	6165
1629.999004	gene 19.5	6427
1629.999004	gene 2.5	4998
1629.999004	gene 2.8	4668
1629.999004	gene 3	4427
1629.999004	gene 3.8	5539
1629.999004	gene 4.2	5509
1629.999004	gene 4.3	6024
1629.999004	gene 4.5	6708
1629.999004	gene 4.7	6652
1629.999004	gene 4A	4422
1629.999004	gene 5	6593
1629.999004	gene 5.3	6796
1629.999004	gene 5.5	6746
1629.999004	gene 5.7	6642
1629.999004	gene 5.9	6499
1629.999004	gene 6	6084
1629.999004	gene 6.3	6502
1629.999004	gene 6.5	8682
1629.999004	gene 6.7	8218
1629.999004	gene 7	8563
1629.999004	gene 7.3	8385
1629.999004	gene 7.7	8748
1629.999004	gene 8	7527
1629.999004	gene 9	13252
1629.999004	gp-2	3085
1629.999004	lysozyme-3.5	3994
1629.999004	protein_kinase-0.7	575
1629.999004	rbs	34318
1629.999004	ribosome	0
1629.999004	rnapol-1	5
1629.999004	rnapol-3.5	441
1634.999006	E. coli B promoter	1
1634.999006	E. coli C promoter	1
1634.999006	E. coli promoter A1	1
1634.999006	E. coli promoter A2	1
1634.999006	E. coli promoter A3	1
1634.999006	T7 promoter phi1.1A	1
1634.999006	T7 promoter phi1.1B	1
1634.999006	T7 promoter phi1.3	1
1634.999006	T7 promoter phi1.5	1
1634.999006	T7 promoter phi1.6	1
1634.999006	T7 promoter phi10	0
1634.999006	T7 promoter phi13	1
1634.999006	T7 promoter phi17	1
1634.999006	T7 promoter phi2.5	1
1634.999006	T7 promoter phi3.8	1
1634.999006	T7 promoter phi4.3	1
1634.999006	T7 promoter phi4.7	1
1634.999006	T7 promoter phi4c	1
1634.999006	T7 promoter phi6.5	1
1634.999006	T7 promoter phi9	0
1634.999006	bound_ecolipol	0
1634.999006	bound_ecolipol_p	777
1634.999006	bound_ribosome	512
1634.999006	degraded_transcript	71798
1634.999006	ecoli_genome	1023
1634.999006	ecoli_transcript	22124
1634.999006	ecolipol	0
1634.999006	ecolipol-2	0
1634.999006	ecolipol-2-p	1018
1634.999006	ecolipol-p	5
1634.999006	gene 0.3	737
1634.999006	gene 1.1	2532
1634.999006	gene 1.2	1806
1634.999006	gene 1.3	3305
1634.999006	gene 1.4	2864
1634.999006	gene 1.5	2861
1634.999006	gene 1.6	3572
1634.999006	gene 1.7	4062
1634.999006	gene 1.8	4051
1634.999006	gene 10A	27384
1634.999006	gene 11	4132
1634.999006	gene 12	3707
1634.999006	gene 13	5941
1634.999006	gene 14	5774
1634.999006	gene 15	5133
1634.999006	gene 16	4923
1634.999006	gene 17	6372
1634.999006	gene 17.5	6615
1634.999006	gene 18	6442
1634.999006	gene 18.5	6513
1634.999006	gene 18.7	6211
1634.999006	gene 19	6115
1634.999006	gene 19.2	6118
1634.999006	gene 19.3	6203
1634.999006	gene 19.5	6464
1634.999006	gene 2.5	5021
1634.999006	gene 2.8	4702
1634.999006	gene 3	4453
1634.999006	gene 3.8	5567
1634.999006	gene 4.2	5532
1634.999006	gene 4.3	6045
1634.999006	gene 4.5	6739
1634.999006	gene 4.7	6689
1634.999006	gene 4A	4446
1634.999006	gene 5	6620
1634.999006	gene 5.3	6833
1634.999006	gene 5.5	6776
1634.999006	gene 5.7	6676
1634.999006	gene 5.9	6525
1634.999006	gene 6	6123
1634.999006	gene 6.3	6533
1634.999006	gene 6.5	8719
1634.999006	gene 6.7	8269
1634.999006	gene 7	8605
1634.999006	gene 7.3	8449
1634.999006	gene 7.7	8794
1634.999006	gene 8	7574
1634.999006	gene 9	13322
1634.999006	gp-2	3100
1634.999006	lysozyme-3.5	4015
1634.999006	protein_kinase-0.7	576
1634.999006	rbs	34456
1634.999006	ribosome	1
1634.999006	rnapol-1	5
1634.999006	rnapol-3.5	442
1639.999002	E. coli B promoter	1
1639.999002	E. coli C promoter	1
1639.999002	E. coli promoter A1	1
1639.999002	E. coli promoter A2	1
1639.999002	E. coli promoter A3	1
1639.999002	T7 promoter phi1.1A	1
1639.999002	T7 promoter phi1.1B	1
1639.999002	T7 promoter phi1.3	1
1639.999002	T7 promoter phi1.5	1
1639.999002	T7 promoter phi1.6	0
1639.999002	T7 promoter phi10	0
1639.999002	T7 promoter phi13	1
1639.999002	T7 promoter phi17	0
1639.999002	T7 promoter phi2.5	1
1639.999002	T7 promoter phi3.8	1
1639.999002	T7 promoter phi4.3	1
1639.999002	T7 promoter phi4.7	1
1639.999002	T7 promoter phi4c	1
1639.999002	T7 promoter phi6.5	1
1639.999002	T7 promoter phi9	1
1639.999002	bound_ecolipol	0
1639.999002	bound_ecolipol_p	795
1639.999002	bound_ribosome	524
1639.999002	degraded_transcript	72001
1639.999002	ecoli_genome	1005
1639.999002	ecoli_transcript	22041
1639.999002	ecolipol	0
1639.999002	ecolipol-2	0
1639.999002	ecolipol-2-p	1001
1639.999002	ecolipol-p	4
1639.999002	gene 0.3	737
1639.999002	gene 1.1	2547
1639.999002	gene 1.2	1818
1639.999002	gene 1.3	3326
1639.999002	gene 1.4	2877
1639.999002	gene 1.5	2874
1639.999002	gene 1.6	3589
1639.999002	gene 1.7	4088
1639.999002	gene 1.8	4064
1639.999002	gene 10A	27555
1639.999002	gene 11	4154
1639.999002	gene 12	3732
1639.999002	gene 13	5967
1639.999002	gene 14	5798
1639.999002	gene 15	5166
1639.999002	gene 16	4960
1639.999002	gene 17	6411
1639.999002	gene 17.5	6650
1639.999002	gene 18	6481
1639.999002	gene 18.5	6543
1639.999002	gene 18.7	6256
1639.999002	gene 19	6150
1639.999002	gene 19.2	6150
1639.999002	gene 19.3	6237
1639.999002	gene 19.5	6497
1639.999002	gene 2.5	5040
1639.999002	gene 2.8	4726
1639.999002	gene 3	4477
1639.999002	gene 3.8	5593
1639.999002	gene 4.2	5561
1639.999002	gene 4.3	6082
1639.999002	gene 4.5	6766
1639.999002	gene 4.7	6709
1639.999002	gene 4A	4473
1639.999002	gene 5	6658
1639.999002	gene 5.3	6861
1639.999002	gene 5.5	6809
1639.999002	gene 5.7	6702
1639.999002	gene 5.9	6559
1639.999002	gene 6	6160
1639.999002	gene 6.3	6569
1639.999002	gene 6.5	8761
1639.999002	gene 6.7	8322
1639.999002	gene 7	8651
1639.999002	gene 7.3	8488
1639.999002	gene 7.7	8840
1639.999002	gene 8	7608
1639.999002	gene 9	13387
1639.999002	gp-2	3147
1639.999002	lysozyme-3.5	4044
1639.999002	protein_kinase-0.7	576
1639.999002	rbs	34641
1639.999002	ribosome	3
1639.999002	rnapol-1	4
1639.999002	rnapol-3.5	452
1644.999000	E. coli B promoter	1
1644.999000	E. coli C promoter	1
1644.999000	E. coli promoter A1	1
1644.999000	E. coli promoter A2	1
1644.999000	E. coli promoter A3	1
1644.999000	T7 promoter phi1.1A	1
1644.999000	T7 promoter phi1.1B	1
1644.999000	T7 promoter phi1.3	1
1644.999000	T7 promoter phi1.5	0
1644.999000	T7 promoter phi1.6	1
1644.999000	T7 promoter phi10	1
1644.999000	T7 promoter phi13	1
1644.999000	T7 promoter phi17	1
1644.999000	T7 promoter phi2.5	1
1644.999000	T7 promoter phi3.8	1
1644.999000	T7 promoter phi4.3	1
1644.999000	T7 promoter phi4.7	1
1644.999000	T7 promoter phi4c	0
1644.999000	T7 promoter phi6.5	1
1644.999000	T7 promoter phi9	1
1644.999000	bound_ecolipol	0
1644.999000	bound_ecolipol_p	787
1644.999000	bound_ribosome	529
1644.999000	degraded_transcript	72210
1644.999000	ecoli_genome	1013
1644.999000	ecoli_transcript	21980
1644.999000	ecolipol	0
1644.999000	ecolipol-2	0
1644.999000	ecolipol-2-p	1003
1644.999000	ecolipol-p	10
1644.999000	gene 0.3	737
1644.999000	gene 1.1	2559
1644.999000	gene 1.2	1822
1644.999000	gene 1.3	3342
1644.999000	gene 1.4	2889
1644.999000	gene 1.5	2889
1644.999000	gene 1.6	3609
1644.999000	gene 1.7	4101
1644.999000	gene 1.8	4078
1644.999000	gene 10A	27686
1644.999000	gene 11	4177
1644.999000	gene 12	3751
1644.999000	gene 13	6010
1644.999000	gene 14	5826
1644.999000	gene 15	5206
1644.999000	gene 16	4985
1644.999000	gene 17	6442
1644.999000	gene 17.5	6693
1644.999000	gene 18	6517
1644.999000	gene 18.5	6581
1644.999000	gene 18.7	6286
1644.999000	gene 19	6198
1644.999000	gene 19.2	6184
1644.999000	gene 19.3	6272
1644.999000	gene 19.5	6538
1644.999000	gene 2.5	5063
1644.999000	gene 2.8	4755
1644.999000	gene 3	4499
1644.999000	gene 3.8	5626
1644.999000	gene 4.2	5590
1644.999000	gene 4.3	6109
1644.999000	gene 4.5	6787
1644.999000	gene 4.7	6749
1644.999000	gene 4A	4500
1644.999000	gene 5	6690
1644.999000	gene 5.3	6889
1644.999000	gene 5.5	6841
1644.999000	gene 5.7	6738
1644.999000	gene 5.9	6597
1644.999000	gene 6	6202
1644.999000	gene 6.3	6609
1644.999000	gene 6.5	8798
1644.999000	gene 6.7	8366
1644.999000	gene 7	8688
1644.999000	gene 7.3	8536
1644.999000	gene 7.7	8880
1644.999000	gene 8	7640
1644.999000	gene 9	13457
1644.999000	gp-2	3165
1644.999000	lysozyme-3.5	4075
1644.999000	protein_kinase-0.7	578
1644.999000	rbs	34898
1644.999000	ribosome	0
1644.999000	rnapol-1	11
1644.999000	rnapol-3.5	443
1649.999001	E. coli B promoter	1
1649.999001	E. coli C promoter	1
1649.999001	E. coli promoter A1	1
1649.999001	E. coli promoter A2	1
1649.999001	E. coli promoter A3	1
1649.999001	T7 promoter phi1.1A	1
1649.999001	T7 promoter phi1.1B	1
1649.999001	T7 promoter phi1.3	1
1649.999001	T7 promoter phi1.5	1
1649.999001	T7 promoter phi1.6	1
1649.999001	T7 promoter phi10	1
1649.999001	T7 promoter phi13	0
1649.999001	T7 promoter phi17	0
1649.999001	T7 promoter phi2.5	1
1649.999001	T7 promoter phi3.8	1
1649.999001	T7 promoter phi4.3	1
1649.999001	T7 promoter phi4.7	0
1649.999001	T7 promoter phi4c	1
1649.999001	T7 promoter phi6.5	0
1649.999001	T7 promoter phi9	0
1649.999001	bound_ecolipol	0
1649.999001	bound_ecolipol_p	789
1649.999001	bound_ribosome	547
1649.999001	degraded_transcript	72426
1649.999001	ecoli_genome	1011
1649.999001	ecoli_transcript	21893
1649.999001	ecolipol	0
1649.999001	ecolipol-2	0
1649.999001	ecolipol-2-p	1006
1649.999001	ecolipol-p	5
1649.999001	gene 0.3	737
1649.999001	gene 1.1	2571
1649.999001	gene 1.2	1832
1649.999001	gene 1.3	3358
1649.999001	gene 1.4	2901
1649.999001	gene 1.5	2907
1649.999001	gene 1.6	3622
1649.999001	gene 1.7	4119
1649.999001	gene 1.8	4098
1649.999001	gene 10A	27826
1649.999001	gene 11	4199
1649.999001	gene 12	3774
1649.999001	gene 13	6033
1649.999001	gene 14	5874
1649.999001	gene 15	5237
1649.999001	gene 16	5023
1649.999001	gene 17	6475
1649.999001	gene 17.5	6727
1649.999001	gene 18	6561
1649.999001	gene 18.5	6620
1649.999001	gene 18.7	6323
1649.999001	gene 19	6240
1649.999001	gene 19.2	6228
1649.999001	gene 19.3	6307
1649.999001	gene 19.5	6581
1649.999001	gene 2.5	5091
1649.999001	gene 2.8	4770
1649.999001	gene 3	4521
1649.999001	gene 3.8	5646
1649.999001	gene 4.2	5622
1649.999001	gene 4.3	6142
1649.999001	gene 4.5	6818
1649.999001	gene 4.7	6769
1649.999001	gene 4A	4526
1649.999001	gene 5	6723
1649.999001	gene 5.3	6917
1649.999001	gene 5.5	6870
1649.999001	gene 5.7	6778
1649.999001	gene 5.9	6627
1649.999001	gene 6	6237
1649.999001	gene 6.3	6641
1649.999001	gene 6.5	8854
1649.999001	gene 6.7	8414
1649.999001	gene 7	8737
1649.999001	gene 7.3	8597
1649.999001	gene 7.7	8927
1649.999001	gene 8	7696
1649.999001	gene 9	13541
1649.999001	gp-2	3178
1649.999001	lysozyme-3.5	4104
1649.999001	protein_kinase-0.7	579
1649.999001	rbs	34994
1649.999001	ribosome	0
1649.999001	rnapol-1	8
1649.999001	rnapol-3.5	445
1654.999002	E. coli B promoter	1
1654.999002	E. coli C promoter	1
1654.999002	E. coli promoter A1	1
1654.999002	E. coli promoter A2	1
1654.999002	E. coli promoter A3	1
1654.999002	T7 promoter phi1.1A	1
1654.999002	T7 promoter phi1.1B	1
1654.999002	T7 promoter phi1.3	1
1654.999002	T7 promoter phi1.5	1
1654.999002	T7 promoter phi1.6	1
1654.999002	T7 promoter phi10	1
1654.999002	T7 promoter phi13	0
1654.999002	T7 promoter phi17	0
1654.999002	T7 promoter phi2.5	1
1654.999002	T7 promoter phi3.8	1
1654.999002	T7 promoter phi4.3	1
1654.999002	T7 promoter phi4.7	1
1654.999002	T7 promoter phi4c	0
1654.999002	T7 promoter phi6.5	0
1654.999002	T7 promoter phi9	0
1654.999002	bound_ecolipol	0
1654.999002	bound_ecolipol_p	769
1654.999002	bound_ribosome	522
1654.999002	degraded_transcript	72671
1654.999002	ecoli_genome	1031
1654.999002	ecoli_transcript	21824
1654.999002	ecolipol	0
1654.999002	ecolipol-2	0
1654.999002	ecolipol-2-p	1026
1654.999002	ecolipol-p	5
1654.999002	gene 0.3	737
1654.999002	gene 1.1	2583
1654.999002	gene 1.2	1838
1654.999002	gene 1.3	3377
1654.999002	gene 1.4	2912
1654.999002	gene 1.5	2924
1654.999002	gene 1.6	3637
1654.999002	gene 1.7	4142
1654.999002	gene 1.8	4127
1654.999002	gene 10A	27948
1654.999002	gene 11	4219
1654.999002	gene 12	3795
1654.999002	gene 13	6068
1654.999002	gene 14	5909
1654.999002	gene 15	5272
1654.999002	gene 16	5053
1654.999002	gene 17	6503
1654.999002	gene 17.5	6768
1654.999002	gene 18	6597
1654.999002	gene 18.5	6661
1654.999002	gene 18.7	6367
1654.999002	gene 19	6275
1654.999002	gene 19.2	6255
1654.999002	gene 19.3	6357
1654.999002	gene 19.5	6619
1654.999002	gene 2.5	5112
1654.999002	gene 2.8	4791
1654.999002	gene 3	4541
1654.999002	gene 3.8	5678
1654.999002	gene 4.2	5654
1654.999002	gene 4.3	6173
1654.999002	gene 4.5	6860
1654.999002	gene 4.7	6805
1654.999002	gene 4A	4550
1654.999002	gene 5	6756
1654.999002	gene 5.3	6951
1654.999002	gene 5.5	6902
1654.999002	gene 5.7	6821
1654.999002	gene 5.9	6657
1654.999002	gene 6	6276
1654.999002	gene 6.3	6682
1654.999002	gene 6.5	8894
1654.999002	gene 6.7	8456
1654.999002	gene 7	8776
1654.999002	gene 7.3	8643
1654.999002	gene 7.7	8980
1654.999002	gene 8	7728
1654.999002	gene 9	13620
1654.999002	gp-2	3182
1654.999002	lysozyme-3.5	4122
1654.999002	protein_kinase-0.7	580
1654.999002	rbs	35263
1654.999002	ribosome	0
1654.999002	rnapol-1	9
1654.999002	rnapol-3.5	448
1659.999006	E. coli B promoter	1
1659.999006	E. coli C promoter	1
1659.999006	E. coli promoter A1	1
1659.999006	E. coli promoter A2	1
1659.999006	E. coli promoter A3	1
1659.999006	T7 promoter phi1.1A	1
1659.999006	T7 promoter phi1.1B	0
1659.999006	T7 promoter phi1.3	1
1659.999006	T7 promoter phi1.5	1
1659.999006	T7 promoter phi1.6	1
1659.999006	T7 promoter phi10	0
1659.999006	T7 promoter phi13	1
1659.999006	T7 promoter phi17	1
1659.999006	T7 promoter phi2.5	0
1659.999006	T7 promoter phi3.8	0
1659.999006	T7 promoter phi4.3	1
1659.999006	T7 promoter phi4.7	1
1659.999006	T7 promoter phi4c	1
1659.999006	T7 promoter phi6.5	0
1659.999006	T7 promoter phi9	0
1659.999006	bound_ecolipol	0
1659.999006	bound_ecolipol_p	791
1659.999006	bound_ribosome	510
1659.999006	degraded_transcript	72866
1659.999006	ecoli_genome	1009
1659.999006	ecoli_transcript	21776
1659.999006	ecolipol	0
1659.999006	ecolipol-2	0
1659.999006	ecolipol-2-p	1003
1659.999006	ecolipol-p	6
1659.999006	gene 0.3	737
1659.999006	gene 1.1	2595
1659.999006	gene 1.2	1845
1659.999006	gene 1.3	3400
1659.999006	gene 1.4	2926
1659.999006	gene 1.5	2945
1659.999006	gene 1.6	3655
1659.999006	gene 1.7	4163
1659.999006	gene 1.8	4152
1659.999006	gene 10A	28064
1659.999006	gene 11	4242
1659.999006	gene 12	3819
1659.999006	gene 13	6098
1659.999006	gene 14	5935
1659.999006	gene 15	5302
1659.999006	gene 16	5078
1659.999006	gene 17	6543
1659.999006	gene 17.5	6804
1659.999006	gene 18	6628
1659.999006	gene 18.5	6702
1659.999006	gene 18.7	6396
1659.999006	gene 19	6306
1659.999006	gene 19.2	6290
1659.999006	gene 19.3	6385
1659.999006	gene 19.5	6659
1659.999006	gene 2.5	5136
1659.999006	gene 2.8	4813
1659.999006	gene 3	4558
1659.999006	gene 3.8	5711
1659.999006	gene 4.2	5688
1659.999006	gene 4.3	6194
1659.999006	gene 4.5	6901
1659.999006	gene 4.7	6836
1659.999006	gene 4A	4583
1659.999006	gene 5	6785
1659.999006	gene 5.3	6976
1659.999006	gene 5.5	6933
1659.999006	gene 5.7	6855
1659.999006	gene 5.9	6697
1659.999006	gene 6	6303
1659.999006	gene 6.3	6722
1659.999006	gene 6.5	8938
1659.999006	gene 6.7	8498
1659.999006	gene 7	8819
1659.999006	gene 7.3	8681
1659.999006	gene 7.7	9031
1659.999006	gene 8	7772
1659.999006	gene 9	13685
1659.999006	gp-2	3228
1659.999006	lysozyme-3.5	4149
1659.999006	protein_kinase-0.7	580
1659.999006	rbs	35444
1659.999006	ribosome	0
1659.999006	rnapol-1	9
1659.999006	rnapol-3.5	441
1664.999002	E. coli B promoter	1
1664.999002	E. coli C promoter	1
1664.999002	E. coli promoter A1	1
1664.999002	E. coli promoter A2	1
1664.999002	E. coli promoter A3	1
1664.999002	T7 promoter phi1.1A	1
1664.999002	T7 promoter phi1.1B	1
1664.999002	T7 promoter phi1.3	1
1664.999002	T7 promoter phi1.5	1
1664.999002	T7 promoter phi1.6	1
1664.999002	T7 promoter phi10	0
1664.999002	T7 promoter phi13	1
1664.999002	T7 promoter phi17	1
1664.999002	T7 promoter phi2.5	1
1664.999002	T7 promoter phi3.8	1
1664.999002	T7 promoter phi4.3	0
1664.999002	T7 promoter phi4.7	1
1664.999002	T7 promoter phi4c	1
1664.999002	T7 promoter phi6.5	0
1664.999002	T7 promoter phi9	0
1664.999002	bound_ecolipol	0
1664.999002	bound_ecolipol_p	783
1664.999002	bound_ribosome	502
1664.999002	degraded_transcript	73075
1664.999002	ecoli_genome	1017
1664.999002	ecoli_transcript	21718
1664.999002	ecolipol	0
1664.999002	ecolipol-2	0
1664.999002	ecolipol-2-p	1010
1664.999002	ecolipol-p	7
1664.999002	gene 0.3	737
1664.999002	gene 1.1	2605
1664.999002	gene 1.2	1856
1664.999002	gene 1.3	3417
1664.999002	gene 1.4	2942
1664.999002	gene 1.5	2953
1664.999002	gene 1.6	3681
1664.999002	gene 1.7	4193
1664.999002	gene 1.8	4170
1664.999002	gene 10A	28207
1664.999002	gene 11	4268
1664.999002	gene 12	3841
1664.999002	gene 13	6133
1664.999002	gene 14	5959
1664.999002	gene 15	5327
1664.999002	gene 16	5102
1664.999002	gene 17	6578
1664.999002	gene 17.5	6843
1664.999002	gene 18	6684
1664.999002	gene 18.5	6739
1664.999002	gene 18.7	6441
1664.999002	gene 19	6340
1664.999002	gene 19.2	6322
1664.999002	gene 19.3	6424
1664.999002	gene 19.5	6690
1664.999002	gene 2.5	5163
1664.999002	gene 2.8	4835
1664.999002	gene 3	4582
1664.999002	gene 3.8	5737
1664.999002	gene 4.2	5717
1664.999002	gene 4.3	6221
1664.999002	gene 4.5	6935
1664.999002	gene 4.7	6866
1664.999002	gene 4A	4611
1664.999002	gene 5	6822
1664.999002	gene 5.3	7010
1664.999002	gene 5.5	6965
1664.999002	gene 5.7	6886
1664.999002	gene 5.9	6734
1664.999002	gene 6	6341
1664.999002	gene 6.3	6759
1664.999002	gene 6.5	8982
1664.999002	gene 6.7	8551
1664.999002	gene 7	8862
1664.999002	gene 7.3	8722
1664.999002	gene 7.7	9079
1664.999002	gene 8	7824
1664.999002	gene 9	13765
1664.999002	gp-2	3239
1664.999002	lysozyme-3.5	4172
1664.999002	protein_kinase-0.7	580
1664.999002	rbs	35677
1664.999002	ribosome	0
1664.999002	rnapol-1	8
1664.999002	rnapol-3.5	446
1669.999000	E. coli B promoter	1
1669.999000	E. coli C promoter	1
1669.999000	E. coli promoter A1	1
1669.999000	E. coli promoter A2	1
1669.999000	E. coli promoter A3	1
1669.999000	T7 promoter phi1.1A	1
1669.999000	T7 promoter phi1.1B	1
1669.999000	T7 promoter phi1.3	1
1669.999000	T7 promoter phi1.5	1
1669.999000	T7 promoter phi1.6	1
1669.999000	T7 promoter phi10	0
1669.999000	T7 promoter phi13	1
1669.999000	T7 promoter phi17	0
1669.999000	T7 promoter phi2.5	1
1669.999000	T7 promoter phi3.8	1
1669.999000	T7 promoter phi4.3	0
1669.999000	T7 promoter phi4.7	1
1669.999000	T7 promoter phi4c	1
1669.999000	T7 promoter phi6.5	1
1669.999000	T7 promoter phi9	1
1669.999000	bound_ecolipol	0
1669.999000	bound_ecolipol_p	742
1669.999000	bound_ribosome	506
1669.999000	degraded_transcript	73272
1669.999000	ecoli_genome	1058
1669.999000	ecoli_transcript	21690
1669.999000	ecolipol	0
1669.999000	ecolipol-2	0
1669.999000	ecolipol-2-p	1053
1669.999000	ecolipol-p	5
1669.999000	gene 0.3	737
1669.999000	gene 1.1	2617
1669.999000	gene 1.2	1863
1669.999000	gene 1.3	3430
1669.999000	gene 1.4	2955
1669.999000	gene 1.5	2969
1669.999000	gene 1.6	3699
1669.999000	gene 1.7	4214
1669.999000	gene 1.8	4195
1669.999000	gene 10A	28343
1669.999000	gene 11	4286
1669.999000	gene 12	3857
1669.999000	gene 13	6165
1669.999000	gene 14	5995
1669.999000	gene 15	5351
1669.999000	gene 16	5127
1669.999000	gene 17	6620
1669.999000	gene 17.5	6876
1669.999000	gene 18	6716
1669.999000	gene 18.5	6773
1669.999000	gene 18.7	6478
1669.999000	gene 19	6366
1669.999000	gene 19.2	6354
1669.999000	gene 19.3	6467
1669.999000	gene 19.5	6738
1669.999000	gene 2.5	5192
1669.999000	gene 2.8	4865
1669.999000	gene 3	4608
1669.999000	gene 3.8	5774
1669.999000	gene 4.2	5750
1669.999000	gene 4.3	6251
1669.999000	gene 4.5	6974
1669.999000	gene 4.7	6886
1669.999000	gene 4A	4649
1669.999000	gene 5	6853
1669.999000	gene 5.3	7042
1669.999000	gene 5.5	7001
1669.999000	gene 5.7	6926
1669.999000	gene 5.9	6775
1669.999000	gene 6	6371
1669.999000	gene 6.3	6796
1669.999000	gene 6.5	9028
1669.999000	gene 6.7	8595
1669.999000	gene 7	8902
1669.999000	gene 7.3	8776
1669.999000	gene 7.7	9125
1669.999000	gene 8	7864
1669.999000	gene 9	13826
1669.999000	gp-2	3223
1669.999000	lysozyme-3.5	4191
1669.999000	protein_kinase-0.7	581
1669.999000	rbs	35849
1669.999000	ribosome	0
1669.999000	rnapol-1	10
1669.999000	rnapol-3.5	447
1674.999002	E. coli B promoter	1
1674.999002	E. coli C promoter	1
1674.999002	E. coli promoter A1	1
1674.999002	E. coli promoter A2	1
1674.999002	E. coli promoter A3	1
1674.999002	T7 promoter phi1.1A	1
1674.999002	T7 promoter phi1.1B	1
1674.999002	T7 promoter phi1.3	0
1674.999002	T7 promoter phi1.5	1
1674.999002	T7 promoter phi1.6	1
1674.999002	T7 promoter phi10	0
1674.999002	T7 promoter phi13	1
1674.999002	T7 promoter phi17	1
1674.999002	T7 promoter phi2.5	1
1674.999002	T7 promoter phi3.8	1
1674.999002	T7 promoter phi4.3	1
1674.999002	T7 promoter phi4.7	1
1674.999002	T7 promoter phi4c	0
1674.999002	T7 promoter phi6.5	1
1674.999002	T7 promoter phi9	1
1674.999002	bound_ecolipol	0
1674.999002	bound_ecolipol_p	735
1674.999002	bound_ribosome	516
1674.999002	degraded_transcript	73491
1674.999002	ecoli_genome	1065
1674.999002	ecoli_transcript	21615
1674.999002	ecolipol	0
1674.999002	ecolipol-2	0
1674.999002	ecolipol-2-p	1061
1674.999002	ecolipol-p	4
1674.999002	gene 0.3	739
1674.999002	gene 1.1	2628
1674.999002	gene 1.2	1868
1674.999002	gene 1.3	3445
1674.999002	gene 1.4	2973
1674.999002	gene 1.5	2983
1674.999002	gene 1.6	3709
1674.999002	gene 1.7	4249
1674.999002	gene 1.8	4219
1674.999002	gene 10A	28460
1674.999002	gene 11	4312
1674.999002	gene 12	3877
1674.999002	gene 13	6187
1674.999002	gene 14	6028
1674.999002	gene 15	5373
1674.999002	gene 16	5156
1674.999002	gene 17	6653
1674.999002	gene 17.5	6909
1674.999002	gene 18	6759
1674.999002	gene 18.5	6803
1674.999002	gene 18.7	6510
1674.999002	gene 19	6410
1674.999002	gene 19.2	6386
1674.999002	gene 19.3	6500
1674.999002	gene 19.5	6779
1674.999002	gene 2.5	5221
1674.999002	gene 2.8	4889
1674.999002	gene 3	4633
1674.999002	gene 3.8	5795
1674.999002	gene 4.2	5782
1674.999002	gene 4.3	6279
1674.999002	gene 4.5	7013
1674.999002	gene 4.7	6929
1674.999002	gene 4A	4676
1674.999002	gene 5	6889
1674.999002	gene 5.3	7085
1674.999002	gene 5.5	7039
1674.999002	gene 5.7	6957
1674.999002	gene 5.9	6816
1674.999002	gene 6	6407
1674.999002	gene 6.3	6827
1674.999002	gene 6.5	9078
1674.999002	gene 6.7	8648
1674.999002	gene 7	8941
1674.999002	gene 7.3	8826
1674.999002	gene 7.7	9167
1674.999002	gene 8	7898
1674.999002	gene 9	13902
1674.999002	gp-2	3241
1674.999002	lysozyme-3.5	4208
1674.999002	protein_kinase-0.7	581
1674.999002	rbs	36084
1674.999002	ribosome	1
1674.999002	rnapol-1	3
1674.999002	rnapol-3.5	453
1679.999012	E. coli B promoter	1
1679.999012	E. coli C promoter	1
1679.999012	E. coli promoter A1	1
1679.999012	E. coli promoter A2	1
1679.999012	E. coli promoter A3	1
1679.999012	T7 promoter phi1.1A	1
1679.999012	T7 promoter phi1.1B	1
1679.999012	T7 promoter phi1.3	1
1679.999012	T7 promoter phi1.5	1
1679.999012	T7 promoter phi1.6	1
1679.999012	T7 promoter phi10	1
1679.999012	T7 promoter phi13	1
1679.999012	T7 promoter phi17	0
1679.999012	T7 promoter phi2.5	1
1679.999012	T7 promoter phi3.8	1
1679.999012	T7 promoter phi4.3	1
1679.999012	T7 promoter phi4.7	1
1679.999012	T7 promoter phi4c	1
1679.999012	T7 promoter phi6.5	0
1679.999012	T7 promoter phi9	0
1679.999012	bound_ecolipol	0
1679.999012	bound_ecolipol_p	720
1679.999012	bound_ribosome	515
1679.999012	degraded_transcript	73715
1679.999012	ecoli_genome	1080
1679.999012	ecoli_transcript	21556
1679.999012	ecolipol	0
1679.999012	ecolipol-2	0
1679.999012	ecolipol-2-p	1074
1679.999012	ecolipol-p	6
1679.999012	gene 0.3	739
1679.999012	gene 1.1	2637
1679.999012	gene 1.2	1875
1679.999012	gene 1.3	3461
1679.999012	gene 1.4	2987
1679.999012	gene 1.5	2997
1679.999012	gene 1.6	3727
1679.999012	gene 1.7	4270
1679.999012	gene 1.8	4241
1679.999012	gene 10A	28586
1679.999012	gene 11	4329
1679.999012	gene 12	3893
1679.999012	gene 13	6227
1679.999012	gene 14	6054
1679.999012	gene 15	5392
1679.999012	gene 16	5181
1679.999012	gene 17	6694
1679.999012	gene 17.5	6946
1679.999012	gene 18	6797
1679.999012	gene 18.5	6837
1679.999012	gene 18.7	6543
1679.999012	gene 19	6444
1679.999012	gene 19.2	6426
1679.999012	gene 19.3	6529
1679.999012	gene 19.5	6816
1679.999012	gene 2.5	5245
1679.999012	gene 2.8	4911
1679.999012	gene 3	4660
1679.999012	gene 3.8	5821
1679.999012	gene 4.2	5814
1679.999012	gene 4.3	6308
1679.999012	gene 4.5	7048
1679.999012	gene 4.7	6968
1679.999012	gene 4A	4705
1679.999012	gene 5	6925
1679.999012	gene 5.3	7119
1679.999012	gene 5.5	7081
1679.999012	gene 5.7	6998
1679.999012	gene 5.9	6852
1679.999012	gene 6	6438
1679.999012	gene 6.3	6863
1679.999012	gene 6.5	9118
1679.999012	gene 6.7	8698
1679.999012	gene 7	8991
1679.999012	gene 7.3	8873
1679.999012	gene 7.7	9208
1679.999012	gene 8	7945
1679.999012	gene 9	13983
1679.999012	gp-2	3242
1679.999012	lysozyme-3.5	4236
1679.999012	protein_kinase-0.7	581
1679.999012	rbs	36274
1679.999012	ribosome	1
1679.999012	rnapol-1	6
1679.999012	rnapol-3.5	442
1684.999003	E. coli B promoter	1
1684.999003	E. coli C promoter	1
1684.999003	E. coli promoter A1	1
1684.999003	E. coli promoter A2	1
1684.999003	E. coli promoter A3	1
1684.999003	T7 promoter phi1.1A	1
1684.999003	T7 promoter phi1.1B	1
1684.999003	T7 promoter phi1.3	1
1684.999003	T7 promoter phi1.5	1
1684.999003	T7 promoter phi1.6	1
1684.999003	T7 promoter phi10	1
1684.999003	T7 promoter phi13	1
1684.999003	T7 promoter phi17	0
1684.999003	T7 promoter phi2.5	1
1684.999003	T7 promoter phi3.8	0
1684.999003	T7 promoter phi4.3	1
1684.999003	T7 promoter phi4.7	1
1684.999003	T7 promoter phi4c	1
1684.999003	T7 promoter phi6.5	1
1684.999003	T7 promoter phi9	1
1684.999003	bound_ecolipol	0
1684.999003	bound_ecolipol_p	712
1684.999003	bound_ribosome	505
1684.999003	degraded_transcript	73935
1684.999003	ecoli_genome	1088
1684.999003	ecoli_transcript	21482
1684.999003	ecolipol	0
1684.999003	ecolipol-2	0
1684.999003	ecolipol-2-p	1083
1684.999003	ecolipol-p	5
1684.999003	gene 0.3	740
1684.999003	gene 1.1	2646
1684.999003	gene 1.2	1880
1684.999003	gene 1.3	3475
1684.999003	gene 1.4	2999
1684.999003	gene 1.5	3014
1684.999003	gene 1.6	3747
1684.999003	gene 1.7	4296
1684.999003	gene 1.8	4266
1684.999003	gene 10A	28717
1684.999003	gene 11	4340
1684.999003	gene 12	3910
1684.999003	gene 13	6262
1684.999003	gene 14	6082
1684.999003	gene 15	5411
1684.999003	gene 16	5206
1684.999003	gene 17	6726
1684.999003	gene 17.5	6983
1684.999003	gene 18	6832
1684.999003	gene 18.5	6886
1684.999003	gene 18.7	6585
1684.999003	gene 19	6484
1684.999003	gene 19.2	6459
1684.999003	gene 19.3	6567
1684.999003	gene 19.5	6852
1684.999003	gene 2.5	5269
1684.999003	gene 2.8	4937
1684.999003	gene 3	4680
1684.999003	gene 3.8	5850
1684.999003	gene 4.2	5838
1684.999003	gene 4.3	6339
1684.999003	gene 4.5	7082
1684.999003	gene 4.7	6997
1684.999003	gene 4A	4734
1684.999003	gene 5	6959
1684.999003	gene 5.3	7148
1684.999003	gene 5.5	7118
1684.999003	gene 5.7	7037
1684.999003	gene 5.9	6882
1684.999003	gene 6	6484
1684.999003	gene 6.3	6894
1684.999003	gene 6.5	9155
1684.999003	gene 6.7	8730
1684.999003	gene 7	9042
1684.999003	gene 7.3	8908
1684.999003	gene 7.7	9254
1684.999003	gene 8	7994
1684.999003	gene 9	14043
1684.999003	gp-2	3265
1684.999003	lysozyme-3.5	4258
1684.999003	protein_kinase-0.7	582
1684.999003	rbs	36507
1684.999003	ribosome	1
1684.999003	rnapol-1	3
1684.999003	rnapol-3.5	445
1689.999006	E. coli B promoter	1
1689.999006	E. coli C promoter	1
1689.999006	E. coli promoter A1	1
1689.999006	E. coli promoter A2	1
1689.999006	E. coli promoter A3	1
1689.999006	T7 promoter phi1.1A	1
1689.999006	T7 promoter phi1.1B	1
1689.999006	T7 promoter phi1.3	1
1689.999006	T7 promoter phi1.5	1
1689.999006	T7 promoter phi1.6	1
1689.999006	T7 promoter phi10	0
1689.999006	T7 promoter phi13	1
1689.999006	T7 promoter phi17	1
1689.999006	T7 promoter phi2.5	0
1689.999006	T7 promoter phi3.8	1
1689.999006	T7 promoter phi4.3	1
1689.999006	T7 promoter phi4.7	1
1689.999006	T7 promoter phi4c	1
1689.999006	T7 promoter phi6.5	1
1689.999006	T7 promoter phi9	0
1689.999006	bound_ecolipol	0
1689.999006	bound_ecolipol_p	728
1689.999006	bound_ribosome	514
1689.999006	degraded_transcript	74169
1689.999006	ecoli_genome	1072
1689.999006	ecoli_transcript	21370
1689.999006	ecolipol	0
1689.999006	ecolipol-2	0
1689.999006	ecolipol-2-p	1067
1689.999006	ecolipol-p	5
1689.999006	gene 0.3	743
1689.999006	gene 1.1	2662
1689.999006	gene 1.2	1886
1689.999006	gene 1.3	3491
1689.999006	gene 1.4	3019
1689.999006	gene 1.5	3032
1689.999006	gene 1.6	3767
1689.999006	gene 1.7	4309
1689.999006	gene 1.8	4296
1689.999006	gene 10A	28862
1689.999006	gene 11	4351
1689.999006	gene 12	3928
1689.999006	gene 13	6290
1689.999006	gene 14	6114
1689.999006	gene 15	5441
1689.999006	gene 16	5238
1689.999006	gene 17	6764
1689.999006	gene 17.5	7011
1689.999006	gene 18	6863
1689.999006	gene 18.5	6920
1689.999006	gene 18.7	6620
1689.999006	gene 19	6526
1689.999006	gene 19.2	6500
1689.999006	gene 19.3	6600
1689.999006	gene 19.5	6890
1689.999006	gene 2.5	5301
1689.999006	gene 2.8	4965
1689.999006	gene 3	4709
1689.999006	gene 3.8	5893
1689.999006	gene 4.2	5861
1689.999006	gene 4.3	6377
1689.999006	gene 4.5	7114
1689.999006	gene 4.7	7041
1689.999006	gene 4A	4753
1689.999006	gene 5	6992
1689.999006	gene 5.3	7186
1689.999006	gene 5.5	7146
1689.999006	gene 5.7	7079
1689.999006	gene 5.9	6918
1689.999006	gene 6	6517
1689.999006	gene 6.3	6932
1689.999006	gene 6.5	9189
1689.999006	gene 6.7	8769
1689.999006	gene 7	9088
1689.999006	gene 7.3	8948
1689.999006	gene 7.7	9297
1689.999006	gene 8	8034
1689.999006	gene 9	14126
1689.999006	gp-2	3299
1689.999006	lysozyme-3.5	4280
1689.999006	protein_kinase-0.7	583
1689.999006	rbs	36726
1689.999006	ribosome	0
1689.999006	rnapol-1	10
1689.999006	rnapol-3.5	444
1694.999001	E. coli B promoter	1
1694.999001	E. coli C promoter	1
1694.999001	E. coli promoter A1	1
1694.999001	E. coli promoter A2	1
1694.999001	E. coli promoter A3	1
1694.999001	T7 promoter phi1.1A	1
1694.999001	T7 promoter phi1.1B	0
1694.999001	T7 promoter phi1.3	1
1694.999001	T7 promoter phi1.5	1
1694.999001	T7 promoter phi1.6	1
1694.999001	T7 promoter phi10	1
1694.999001	T7 promoter phi13	1
1694.999001	T7 promoter phi17	1
1694.999001	T7 promoter phi2.5	1
1694.999001	T7 promoter phi3.8	1
1694.999001	T7 promoter phi4.3	1
1694.999001	T7 promoter phi4.7	1
1694.999001	T7 promoter phi4c	1
1694.999001	T7 promoter phi6.5	1
1694.999001	T7 promoter phi9	0
1694.999001	bound_ecolipol	0
1694.999001	bound_ecolipol_p	714
1694.999001	bound_ribosome	516
1694.999001	degraded_transcript	74370
1694.999001	ecoli_genome	1086
1694.999001	ecoli_transcript	21322
1694.999001	ecolipol	0
1694.999001	ecolipol-2	0
1694.999001	ecolipol-2-p	1079
1694.999001	ecolipol-p	7
1694.999001	gene 0.3	743
1694.999001	gene 1.1	2674
1694.999001	gene 1.2	1888
1694.999001	gene 1.3	3508
1694.999001	gene 1.4	3042
1694.999001	gene 1.5	3043
1694.999001	gene 1.6	3783
1694.999001	gene 1.7	4338
1694.999001	gene 1.8	4322
1694.999001	gene 10A	28983
1694.999001	gene 11	4382
1694.999001	gene 12	3951
1694.999001	gene 13	6310
1694.999001	gene 14	6149
1694.999001	gene 15	5461
1694.999001	gene 16	5265
1694.999001	gene 17	6798
1694.999001	gene 17.5	7041
1694.999001	gene 18	6894
1694.999001	gene 18.5	6957
1694.999001	gene 18.7	6659
1694.999001	gene 19	6554
1694.999001	gene 19.2	6535
1694.999001	gene 19.3	6627
1694.999001	gene 19.5	6937
1694.999001	gene 2.5	5330
1694.999001	gene 2.8	4987
1694.999001	gene 3	4736
1694.999001	gene 3.8	5917
1694.999001	gene 4.2	5895
1694.999001	gene 4.3	6415
1694.999001	gene 4.5	7143
1694.999001	gene 4.7	7072
1694.999001	gene 4A	4786
1694.999001	gene 5	7035
1694.999001	gene 5.3	7219
1694.999001	gene 5.5	7170
1694.999001	gene 5.7	7121
1694.999001	gene 5.9	6959
1694.999001	gene 6	6552
1694.999001	gene 6.3	6965
1694.999001	gene 6.5	9238
1694.999001	gene 6.7	8818
1694.999001	gene 7	9135
1694.999001	gene 7.3	8992
1694.999001	gene 7.7	9335
1694.999001	gene 8	8064
1694.999001	gene 9	14187
1694.999001	gp-2	3306
1694.999001	lysozyme-3.5	4301
1694.999001	protein_kinase-0.7	584
1694.999001	rbs	36915
1694.999001	ribosome	0
1694.999001	rnapol-1	3
1694.999001	rnapol-3.5	458
1699.999021	E. coli B promoter	1
1699.999021	E. coli C promoter	1
1699.999021	E. coli promoter A1	1
1699.999021	E. coli promoter A2	1
1699.999021	E. coli promoter A3	1
1699.999021	T7 promoter phi1.1A	1
1699.999021	T7 promoter phi1.1B	1
1699.999021	T7 promoter phi1.3	1
1699.999021	T7 promoter phi1.5	1
1699.999021	T7 promoter phi1.6	1
1699.999021	T7 promoter phi10	1
1699.999021	T7 promoter phi13	1
1699.999021	T7 promoter phi17	1
1699.999021	T7 promoter phi2.5	1
1699.999021	T7 promoter phi3.8	1
1699.999021	T7 promoter phi4.3	1
1699.999021	T7 promoter phi4.7	0
1699.999021	T7 promoter phi4c	0
1699.999021	T7 promoter phi6.5	1
1699.999021	T7 promoter phi9	0
1699.999021	bound_ecolipol	0
1699.999021	bound_ecolipol_p	752
1699.999021	bound_ribosome	510
1699.999021	degraded_transcript	74593
1699.999021	ecoli_genome	1048
1699.999021	ecoli_transcript	21244
1699.999021	ecolipol	0
1699.999021	ecolipol-2	0
1699.999021	ecolipol-2-p	1040
1699.999021	ecolipol-p	8
1699.999021	gene 0.3	743
1699.999021	gene 1.1	2683
1699.999021	gene 1.2	1890
1699.999021	gene 1.3	3520
1699.999021	gene 1.4	3055
1699.999021	gene 1.5	3062
1699.999021	gene 1.6	3797
1699.999021	gene 1.7	4360
1699.999021	gene 1.8	4340
1699.999021	gene 10A	29107
1699.999021	gene 11	4406
1699.999021	gene 12	3967
1699.999021	gene 13	6339
1699.999021	gene 14	6170
1699.999021	gene 15	5482
1699.999021	gene 16	5292
1699.999021	gene 17	6842
1699.999021	gene 17.5	7082
1699.999021	gene 18	6925
1699.999021	gene 18.5	6990
1699.999021	gene 18.7	6702
1699.999021	gene 19	6585
1699.999021	gene 19.2	6566
1699.999021	gene 19.3	6659
1699.999021	gene 19.5	6964
1699.999021	gene 2.5	5366
1699.999021	gene 2.8	5013
1699.999021	gene 3	4761
1699.999021	gene 3.8	5940
1699.999021	gene 4.2	5927
1699.999021	gene 4.3	6453
1699.999021	gene 4.5	7172
1699.999021	gene 4.7	7107
1699.999021	gene 4A	4813
1699.999021	gene 5	7075
1699.999021	gene 5.3	7244
1699.999021	gene 5.5	7215
1699.999021	gene 5.7	7149
1699.999021	gene 5.9	6991
1699.999021	gene 6	6588
1699.999021	gene 6.3	7002
1699.999021	gene 6.5	9283
1699.999021	gene 6.7	8877
1699.999021	gene 7	9177
1699.999021	gene 7.3	9028
1699.999021	gene 7.7	9384
1699.999021	gene 8	8110
1699.999021	gene 9	14257
1699.999021	gp-2	3369
1699.999021	lysozyme-3.5	4345
1699.999021	protein_kinase-0.7	584
1699.999021	rbs	37177
1699.999021	ribosome	0
1699.999021	rnapol-1	3
1699.999021	rnapol-3.5	464
1704.999015	E. coli B promoter	1
1704.999015	E. coli C promoter	1
1704.999015	E. coli promoter A1	1
1704.999015	E. coli promoter A2	1
1704.999015	E. coli promoter A3	1
1704.999015	T7 promoter phi1.1A	1
1704.999015	T7 promoter phi1.1B	1
1704.999015	T7 promoter phi1.3	1
1704.999015	T7 promoter phi1.5	1
1704.999015	T7 promoter phi1.6	1
1704.999015	T7 promoter phi10	0
1704.999015	T7 promoter phi13	1
1704.999015	T7 promoter phi17	0
1704.999015	T7 promoter phi2.5	1
1704.999015	T7 promoter phi3.8	1
1704.999015	T7 promoter phi4.3	0
1704.999015	T7 promoter phi4.7	1
1704.999015	T7 promoter phi4c	0
1704.999015	T7 promoter phi6.5	1
1704.999015	T7 promoter phi9	0
1704.999015	bound_ecolipol	0
1704.999015	bound_ecolipol_p	747
1704.999015	bound_ribosome	499
1704.999015	degraded_transcript	74807
1704.999015	ecoli_genome	1053
1704.999015	ecoli_transcript	21184
1704.999015	ecolipol	0
1704.999015	ecolipol-2	0
1704.999015	ecolipol-2-p	1049
1704.999015	ecolipol-p	4
1704.999015	gene 0.3	743
1704.999015	gene 1.1	2696
1704.999015	gene 1.2	1893
1704.999015	gene 1.3	3532
1704.999015	gene 1.4	3074
1704.999015	gene 1.5	3071
1704.999015	gene 1.6	3815
1704.999015	gene 1.7	4384
1704.999015	gene 1.8	4358
1704.999015	gene 10A	29238
1704.999015	gene 11	4428
1704.999015	gene 12	3989
1704.999015	gene 13	6362
1704.999015	gene 14	6203
1704.999015	gene 15	5505
1704.999015	gene 16	5317
1704.999015	gene 17	6879
1704.999015	gene 17.5	7126
1704.999015	gene 18	6972
1704.999015	gene 18.5	7031
1704.999015	gene 18.7	6750
1704.999015	gene 19	6623
1704.999015	gene 19.2	6597
1704.999015	gene 19.3	6689
1704.999015	gene 19.5	6998
1704.999015	gene 2.5	5393
1704.999015	gene 2.8	5038
1704.999015	gene 3	4782
1704.999015	gene 3.8	5968
1704.999015	gene 4.2	5959
1704.999015	gene 4.3	6488
1704.999015	gene 4.5	7207
1704.999015	gene 4.7	7136
1704.999015	gene 4A	4839
1704.999015	gene 5	7118
1704.999015	gene 5.3	7286
1704.999015	gene 5.5	7248
1704.999015	gene 5.7	7180
1704.999015	gene 5.9	7020
1704.999015	gene 6	6622
1704.999015	gene 6.3	7040
1704.999015	gene 6.5	9327
1704.999015	gene 6.7	8912
1704.999015	gene 7	9222
1704.999015	gene 7.3	9079
1704.999015	gene 7.7	9441
1704.999015	gene 8	8150
1704.999015	gene 9	14320
1704.999015	gp-2	3374
1704.999015	lysozyme-3.5	4376
1704.999015	protein_kinase-0.7	584
1704.999015	rbs	37304
1704.999015	ribosome	1
1704.999015	rnapol-1	5
1704.999015	rnapol-3.5	467
1709.999001	E. coli B promoter	1
1709.999001	E. coli C promoter	1
1709.999001	E. coli promoter A1	1
1709.999001	E. coli promoter A2	1
1709.999001	E. coli promoter A3	1
1709.999001	T7 promoter phi1.1A	1
1709.999001	T7 promoter phi1.1B	1
1709.999001	T7 promoter phi1.3	1
1709.999001	T7 promoter phi1.5	1
1709.999001	T7 promoter phi1.6	1
1709.999001	T7 promoter phi10	1
1709.999001	T7 promoter phi13	1
1709.999001	T7 promoter phi17	0
1709.999001	T7 promoter phi2.5	1
1709.999001	T7 promoter phi3.8	1
1709.999001	T7 promoter phi4.3	0
1709.999001	T7 promoter phi4.7	1
1709.999001	T7 promoter phi4c	1
1709.999001	T7 promoter phi6.5	1
1709.999001	T7 promoter phi9	1
1709.999001	bound_ecolipol	0
1709.999001	bound_ecolipol_p	759
1709.999001	bound_ribosome	481
1709.999001	degraded_transcript	75008
1709.999001	ecoli_genome	1041
1709.999001	ecoli_transcript	21133
1709.999001	ecolipol	0
1709.999001	ecolipol-2	0
1709.999001	ecolipol-2-p	1030
1709.999001	ecolipol-p	11
1709.999001	gene 0.3	745
1709.999001	gene 1.1	2709
1709.999001	gene 1.2	1896
1709.999001	gene 1.3	3550
1709.999001	gene 1.4	3084
1709.999001	gene 1.5	3092
1709.999001	gene 1.6	3837
1709.999001	gene 1.7	4408
1709.999001	gene 1.8	4380
1709.999001	gene 10A	29356
1709.999001	gene 11	4451
1709.999001	gene 12	4000
1709.999001	gene 13	6391
1709.999001	gene 14	6238
1709.999001	gene 15	5531
1709.999001	gene 16	5351
1709.999001	gene 17	6910
1709.999001	gene 17.5	7154
1709.999001	gene 18	6999
1709.999001	gene 18.5	7068
1709.999001	gene 18.7	6798
1709.999001	gene 19	6655
1709.999001	gene 19.2	6623
1709.999001	gene 19.3	6718
1709.999001	gene 19.5	7037
1709.999001	gene 2.5	5423
1709.999001	gene 2.8	5059
1709.999001	gene 3	4811
1709.999001	gene 3.8	5995
1709.999001	gene 4.2	6000
1709.999001	gene 4.3	6513
1709.999001	gene 4.5	7244
1709.999001	gene 4.7	7171
1709.999001	gene 4A	4863
1709.999001	gene 5	7156
1709.999001	gene 5.3	7323
1709.999001	gene 5.5	7301
1709.999001	gene 5.7	7214
1709.999001	gene 5.9	7050
1709.999001	gene 6	6659
1709.999001	gene 6.3	7080
1709.999001	gene 6.5	9367
1709.999001	gene 6.7	8960
1709.999001	gene 7	9256
1709.999001	gene 7.3	9133
1709.999001	gene 7.7	9491
1709.999001	gene 8	8176
1709.999001	gene 9	14404
1709.999001	gp-2	3411
1709.999001	lysozyme-3.5	4400
1709.999001	protein_kinase-0.7	584
1709.999001	rbs	37460
1709.999001	ribosome	0
1709.999001	rnapol-1	2
1709.999001	rnapol-3.5	471
1714.999005	E. coli B promoter	1
1714.999005	E. coli C promoter	1
1714.999005	E. coli promoter A1	1
1714.999005	E. coli promoter A2	1
1714.999005	E. coli promoter A3	1
1714.999005	T7 promoter phi1.1A	1
1714.999005	T7 promoter phi1.1B	1
1714.999005	T7 promoter phi1.3	1
1714.999005	T7 promoter phi1.5	1
1714.999005	T7 promoter phi1.6	1
1714.999005	T7 promoter phi10	1
1714.999005	T7 promoter phi13	1
1714.999005	T7 promoter phi17	0
1714.999005	T7 promoter phi2.5	1
1714.999005	T7 promoter phi3.8	1
1714.999005	T7 promoter phi4.3	1
1714.999005	T7 promoter phi4.7	1
1714.999005	T7 promoter phi4c	1
1714.999005	T7 promoter phi6.5	1
1714.999005	T7 promoter phi9	1
1714.999005	bound_ecolipol	0
1714.999005	bound_ecolipol_p	747
1714.999005	bound_ribosome	467
1714.999005	degraded_transcript	75177
1714.999005	ecoli_genome	1053
1714.999005	ecoli_transcript	21118
1714.999005	ecolipol	0
1714.999005	ecolipol-2	0
1714.999005	ecolipol-2-p	1047
1714.999005	ecolipol-p	6
1714.999005	gene 0.3	745
1714.999005	gene 1.1	2719
1714.999005	gene 1.2	1902
1714.999005	gene 1.3	3565
1714.999005	gene 1.4	3098
1714.999005	gene 1.5	3108
1714.999005	gene 1.6	3862
1714.999005	gene 1.7	4432
1714.999005	gene 1.8	4401
1714.999005	gene 10A	29499
1714.999005	gene 11	4471
1714.999005	gene 12	4020
1714.999005	gene 13	6422
1714.999005	gene 14	6264
1714.999005	gene 15	5555
1714.999005	gene 16	5379
1714.999005	gene 17	6949
1714.999005	gene 17.5	7188
1714.999005	gene 18	7033
1714.999005	gene 18.5	7090
1714.999005	gene 18.7	6836
1714.999005	gene 19	6689
1714.999005	gene 19.2	6653
1714.999005	gene 19.3	6754
1714.999005	gene 19.5	7069
1714.999005	gene 2.5	5452
1714.999005	gene 2.8	5088
1714.999005	gene 3	4833
1714.999005	gene 3.8	6035
1714.999005	gene 4.2	6043
1714.999005	gene 4.3	6548
1714.999005	gene 4.5	7291
1714.999005	gene 4.7	7202
1714.999005	gene 4A	4894
1714.999005	gene 5	7184
1714.999005	gene 5.3	7349
1714.999005	gene 5.5	7328
1714.999005	gene 5.7	7257
1714.999005	gene 5.9	7085
1714.999005	gene 6	6696
1714.999005	gene 6.3	7108
1714.999005	gene 6.5	9413
1714.999005	gene 6.7	8994
1714.999005	gene 7	9292
1714.999005	gene 7.3	9180
1714.999005	gene 7.7	9535
1714.999005	gene 8	8219
1714.999005	gene 9	14479
1714.999005	gp-2	3422
1714.999005	lysozyme-3.5	4422
1714.999005	protein_kinase-0.7	585
1714.999005	rbs	37601
1714.999005	ribosome	1
1714.999005	rnapol-1	5
1714.999005	rnapol-3.5	463
1719.999003	E. coli B promoter	1
1719.999003	E. coli C promoter	1
1719.999003	E. coli promoter A1	1
1719.999003	E. coli promoter A2	1
1719.999003	E. coli promoter A3	1
1719.999003	T7 promoter phi1.1A	1
1719.999003	T7 promoter phi1.1B	1
1719.999003	T7 promoter phi1.3	1
1719.999003	T7 promoter phi1.5	1
1719.999003	T7 promoter phi1.6	1
1719.999003	T7 promoter phi10	0
1719.999003	T7 promoter phi13	1
1719.999003	T7 promoter phi17	1
1719.999003	T7 promoter phi2.5	0
1719.999003	T7 promoter phi3.8	1
1719.999003	T7 promoter phi4.3	1
1719.999003	T7 promoter phi4.7	1
1719.999003	T7 promoter phi4c	1
1719.999003	T7 promoter phi6.5	1
1719.999003	T7 promoter phi9	1
1719.999003	bound_ecolipol	0
1719.999003	bound_ecolipol_p	761
1719.999003	bound_ribosome	450
1719.999003	degraded_transcript	75389
1719.999003	ecoli_genome	1039
1719.999003	ecoli_transcript	21061
1719.999003	ecolipol	0
1719.999003	ecolipol-2	0
1719.999003	ecolipol-2-p	1034
1719.999003	ecolipol-p	5
1719.999003	gene 0.3	745
1719.999003	gene 1.1	2729
1719.999003	gene 1.2	1911
1719.999003	gene 1.3	3583
1719.999003	gene 1.4	3109
1719.999003	gene 1.5	3125
1719.999003	gene 1.6	3879
1719.999003	gene 1.7	4455
1719.999003	gene 1.8	4431
1719.999003	gene 10A	29635
1719.999003	gene 11	4490
1719.999003	gene 12	4038
1719.999003	gene 13	6450
1719.999003	gene 14	6294
1719.999003	gene 15	5585
1719.999003	gene 16	5403
1719.999003	gene 17	6983
1719.999003	gene 17.5	7221
1719.999003	gene 18	7061
1719.999003	gene 18.5	7124
1719.999003	gene 18.7	6883
1719.999003	gene 19	6719
1719.999003	gene 19.2	6683
1719.999003	gene 19.3	6784
1719.999003	gene 19.5	7098
1719.999003	gene 2.5	5477
1719.999003	gene 2.8	5128
1719.999003	gene 3	4859
1719.999003	gene 3.8	6066
1719.999003	gene 4.2	6070
1719.999003	gene 4.3	6593
1719.999003	gene 4.5	7325
1719.999003	gene 4.7	7234
1719.999003	gene 4A	4919
1719.999003	gene 5	7216
1719.999003	gene 5.3	7391
1719.999003	gene 5.5	7361
1719.999003	gene 5.7	7295
1719.999003	gene 5.9	7128
1719.999003	gene 6	6721
1719.999003	gene 6.3	7139
1719.999003	gene 6.5	9459
1719.999003	gene 6.7	9034
1719.999003	gene 7	9332
1719.999003	gene 7.3	9221
1719.999003	gene 7.7	9582
1719.999003	gene 8	8262
1719.999003	gene 9	14550
1719.999003	gp-2	3456
1719.999003	lysozyme-3.5	4441
1719.999003	protein_kinase-0.7	585
1719.999003	rbs	37806
1719.999003	ribosome	1
1719.999003	rnapol-1	4
1719.999003	rnapol-3.5	461
1724.999007	E. coli B promoter	1
1724.999007	E. coli C promoter	1
1724.999007	E. coli promoter A1	1
1724.999007	E. coli promoter A2	1
1724.999007	E. coli promoter A3	1
1724.999007	T7 promoter phi1.1A	1
1724.999007	T7 promoter phi1.1B	1
1724.999007	T7 promoter phi1.3	1
1724.999007	T7 promoter phi1.5	1
1724.999007	T7 promoter phi1.6	1
1724.999007	T7 promoter phi10	1
1724.999007	T7 promoter phi13	1
1724.999007	T7 promoter phi17	1
1724.999007	T7 promoter phi2.5	1
1724.999007	T7 promoter phi3.8	1
1724.999007	T7 promoter phi4.3	1
1724.999007	T7 promoter phi4.7	1
1724.999007	T7 promoter phi4c	1
1724.999007	T7 promoter phi6.5	1
1724.999007	T7 promoter phi9	0
1724.999007	bound_ecolipol	0
1724.999007	bound_ecolipol_p	750
1724.999007	bound_ribosome	483
1724.999007	degraded_transcript	75598
1724.999007	ecoli_genome	1050
1724.999007	ecoli_transcript	20963
1724.999007	ecolipol	0
1724.999007	ecolipol-2	0
1724.999007	ecolipol-2-p	1046
1724.999007	ecolipol-p	4
1724.999007	gene 0.3	745
1724.999007	gene 1.1	2741
1724.999007	gene 1.2	1923
1724.999007	gene 1.3	3601
1724.999007	gene 1.4	3127
1724.999007	gene 1.5	3147
1724.999007	gene 1.6	3890
1724.999007	gene 1.7	4482
1724.999007	gene 1.8	4451
1724.999007	gene 10A	29772
1724.999007	gene 11	4510
1724.999007	gene 12	4065
1724.999007	gene 13	6481
1724.999007	gene 14	6321
1724.999007	gene 15	5622
1724.999007	gene 16	5427
1724.999007	gene 17	7018
1724.999007	gene 17.5	7252
1724.999007	gene 18	7103
1724.999007	gene 18.5	7166
1724.999007	gene 18.7	6918
1724.999007	gene 19	6749
1724.999007	gene 19.2	6713
1724.999007	gene 19.3	6816
1724.999007	gene 19.5	7126
1724.999007	gene 2.5	5503
1724.999007	gene 2.8	5147
1724.999007	gene 3	4885
1724.999007	gene 3.8	6104
1724.999007	gene 4.2	6105
1724.999007	gene 4.3	6619
1724.999007	gene 4.5	7359
1724.999007	gene 4.7	7266
1724.999007	gene 4A	4949
1724.999007	gene 5	7249
1724.999007	gene 5.3	7424
1724.999007	gene 5.5	7396
1724.999007	gene 5.7	7330
1724.999007	gene 5.9	7170
1724.999007	gene 6	6750
1724.999007	gene 6.3	7175
1724.999007	gene 6.5	9506
1724.999007	gene 6.7	9072
1724.999007	gene 7	9381
1724.999007	gene 7.3	9267
1724.999007	gene 7.7	9621
1724.999007	gene 8	8301
1724.999007	gene 9	14606
1724.999007	gp-2	3469
1724.999007	lysozyme-3.5	4467
1724.999007	protein_kinase-0.7	585
1724.999007	rbs	38048
1724.999007	ribosome	1
1724.999007	rnapol-1	8
1724.999007	rnapol-3.5	453
1729.999001	E. coli B promoter	1
1729.999001	E. coli C promoter	1
1729.999001	E. coli promoter A1	1
1729.999001	E. coli promoter A2	1
1729.999001	E. coli promoter A3	1
1729.999001	T7 promoter phi1.1A	1
1729.999001	T7 promoter phi1.1B	1
1729.999001	T7 promoter phi1.3	1
1729.999001	T7 promoter phi1.5	1
1729.999001	T7 promoter phi1.6	1
1729.999001	T7 promoter phi10	0
1729.999001	T7 promoter phi13	0
1729.999001	T7 promoter phi17	0
1729.999001	T7 promoter phi2.5	1
1729.999001	T7 promoter phi3.8	1
1729.999001	T7 promoter phi4.3	1
1729.999001	T7 promoter phi4.7	0
1729.999001	T7 promoter phi4c	1
1729.999001	T7 promoter phi6.5	0
1729.999001	T7 promoter phi9	1
1729.999001	bound_ecolipol	0
1729.999001	bound_ecolipol_p	732
1729.999001	bound_ribosome	468
1729.999001	degraded_transcript	75787
1729.999001	ecoli_genome	1068
1729.999001	ecoli_transcript	20929
1729.999001	ecolipol	0
1729.999001	ecolipol-2	0
1729.999001	ecolipol-2-p	1062
1729.999001	ecolipol-p	6
1729.999001	gene 0.3	745
1729.999001	gene 1.1	2753
1729.999001	gene 1.2	1928
1729.999001	gene 1.3	3615
1729.999001	gene 1.4	3140
1729.999001	gene 1.5	3157
1729.999001	gene 1.6	3909
1729.999001	gene 1.7	4503
1729.999001	gene 1.8	4472
1729.999001	gene 10A	29891
1729.999001	gene 11	4528
1729.999001	gene 12	4077
1729.999001	gene 13	6506
1729.999001	gene 14	6350
1729.999001	gene 15	5657
1729.999001	gene 16	5457
1729.999001	gene 17	7067
1729.999001	gene 17.5	7273
1729.999001	gene 18	7139
1729.999001	gene 18.5	7200
1729.999001	gene 18.7	6955
1729.999001	gene 19	6785
1729.999001	gene 19.2	6755
1729.999001	gene 19.3	6850
1729.999001	gene 19.5	7164
1729.999001	gene 2.5	5529
1729.999001	gene 2.8	5180
1729.999001	gene 3	4910
1729.999001	gene 3.8	6136
1729.999001	gene 4.2	6133
1729.999001	gene 4.3	6656
1729.999001	gene 4.5	7392
1729.999001	gene 4.7	7298
1729.999001	gene 4A	4974
1729.999001	gene 5	7281
1729.999001	gene 5.3	7462
1729.999001	gene 5.5	7423
1729.999001	gene 5.7	7367
1729.999001	gene 5.9	7202
1729.999001	gene 6	6781
1729.999001	gene 6.3	7203
1729.999001	gene 6.5	9554
1729.999001	gene 6.7	9127
1729.999001	gene 7	9433
1729.999001	gene 7.3	9307
1729.999001	gene 7.7	9653
1729.999001	gene 8	8347
1729.999001	gene 9	14674
1729.999001	gp-2	3468
1729.999001	lysozyme-3.5	4496
1729.999001	protein_kinase-0.7	586
1729.999001	rbs	38199
1729.999001	ribosome	0
1729.999001	rnapol-1	7
1729.999001	rnapol-3.5	449
1734.999001	E. coli B promoter	1
1734.999001	E. coli C promoter	1
1734.999001	E. coli promoter A1	1
1734.999001	E. coli promoter A2	1
1734.999001	E. coli promoter A3	1
1734.999001	T7 promoter phi1.1A	1
1734.999001	T7 promoter phi1.1B	1
1734.999001	T7 promoter phi1.3	1
1734.999001	T7 promoter phi1.5	1
1734.999001	T7 promoter phi1.6	0
1734.999001	T7 promoter phi10	0
1734.999001	T7 promoter phi13	1
1734.999001	T7 promoter phi17	1
1734.999001	T7 promoter phi2.5	0
1734.999001	T7 promoter phi3.8	1
1734.999001	T7 promoter phi4.3	1
1734.999001	T7 promoter phi4.7	0
1734.999001	T7 promoter phi4c	1
1734.999001	T7 promoter phi6.5	0
1734.999001	T7 promoter phi9	0
1734.999001	bound_ecolipol	0
1734.999001	bound_ecolipol_p	710
1734.999001	bound_ribosome	462
1734.999001	degraded_transcript	75987
1734.999001	ecoli_genome	1090
1734.999001	ecoli_transcript	20880
1734.999001	ecolipol	0
1734.999001	ecolipol-2	0
1734.999001	ecolipol-2-p	1084
1734.999001	ecolipol-p	6
1734.999001	gene 0.3	745
1734.999001	gene 1.1	2762
1734.999001	gene 1.2	1933
1734.999001	gene 1.3	3625
1734.999001	gene 1.4	3160
1734.999001	gene 1.5	3178
1734.999001	gene 1.6	3922
1734.999001	gene 1.7	4528
1734.999001	gene 1.8	4490
1734.999001	gene 10A	30035
1734.999001	gene 11	4541
1734.999001	gene 12	4094
1734.999001	gene 13	6546
1734.999001	gene 14	6380
1734.999001	gene 15	5691
1734.999001	gene 16	5481
1734.999001	gene 17	7111
1734.999001	gene 17.5	7312
1734.999001	gene 18	7170
1734.999001	gene 18.5	7234
1734.999001	gene 18.7	6990
1734.999001	gene 19	6812
1734.999001	gene 19.2	6788
1734.999001	gene 19.3	6885
1734.999001	gene 19.5	7199
1734.999001	gene 2.5	5558
1734.999001	gene 2.8	5201
1734.999001	gene 3	4943
1734.999001	gene 3.8	6164
1734.999001	gene 4.2	6158
1734.999001	gene 4.3	6681
1734.999001	gene 4.5	7423
1734.999001	gene 4.7	7338
1734.999001	gene 4A	5006
1734.999001	gene 5	7318
1734.999001	gene 5.3	7499
1734.999001	gene 5.5	7460
1734.999001	gene 5.7	7396
1734.999001	gene 5.9	7235
1734.999001	gene 6	6819
1734.999001	gene 6.3	7243
1734.999001	gene 6.5	9592
1734.999001	gene 6.7	9171
1734.999001	gene 7	9475
1734.999001	gene 7.3	9356
1734.999001	gene 7.7	9694
1734.999001	gene 8	8396
1734.999001	gene 9	14752
1734.999001	gp-2	3470
1734.999001	lysozyme-3.5	4507
1734.999001	protein_kinase-0.7	586
1734.999001	rbs	38416
1734.999001	ribosome	0
1734.999001	rnapol-1	6
1734.999001	rnapol-3.5	449
1739.999002	E. coli B promoter	1
1739.999002	E. coli C promoter	1
1739.999002	E. coli promoter A1	1
1739.999002	E. coli promoter A2	1
1739.999002	E. coli promoter A3	1
1739.999002	T7 promoter phi1.1A	1
1739.999002	T7 promoter phi1.1B	1
1739.999002	T7 promoter phi1.3	1
1739.999002	T7 promoter phi1.5	1
1739.999002	T7 promoter phi1.6	1
1739.999002	T7 promoter phi10	0
1739.999002	T7 promoter phi13	1
1739.999002	T7 promoter phi17	0
1739.999002	T7 promoter phi2.5	1
1739.999002	T7 promoter phi3.8	1
1739.999002	T7 promoter phi4.3	1
1739.999002	T7 promoter phi4.7	0
1739.999002	T7 promoter phi4c	0
1739.999002	T7 promoter phi6.5	1
1739.999002	T7 promoter phi9	1
1739.999002	bound_ecolipol	0
1739.999002	bound_ecolipol_p	711
1739.999002	bound_ribosome	450
1739.999002	degraded_transcript	76199
1739.999002	ecoli_genome	1089
1739.999002	ecoli_transcript	20830
1739.999002	ecolipol	0
1739.999002	ecolipol-2	0
1739.999002	ecolipol-2-p	1081
1739.999002	ecolipol-p	8
1739.999002	gene 0.3	746
1739.999002	gene 1.1	2774
1739.999002	gene 1.2	1940
1739.999002	gene 1.3	3644
1739.999002	gene 1.4	3172
1739.999002	gene 1.5	3198
1739.999002	gene 1.6	3944
1739.999002	gene 1.7	4549
1739.999002	gene 1.8	4508
1739.999002	gene 10A	30147
1739.999002	gene 11	4564
1739.999002	gene 12	4113
1739.999002	gene 13	6569
1739.999002	gene 14	6410
1739.999002	gene 15	5719
1739.999002	gene 16	5519
1739.999002	gene 17	7143
1739.999002	gene 17.5	7346
1739.999002	gene 18	7195
1739.999002	gene 18.5	7277
1739.999002	gene 18.7	7021
1739.999002	gene 19	6861
1739.999002	gene 19.2	6820
1739.999002	gene 19.3	6929
1739.999002	gene 19.5	7229
1739.999002	gene 2.5	5588
1739.999002	gene 2.8	5222
1739.999002	gene 3	4973
1739.999002	gene 3.8	6184
1739.999002	gene 4.2	6186
1739.999002	gene 4.3	6716
1739.999002	gene 4.5	7460
1739.999002	gene 4.7	7374
1739.999002	gene 4A	5036
1739.999002	gene 5	7357
1739.999002	gene 5.3	7531
1739.999002	gene 5.5	7498
1739.999002	gene 5.7	7425
1739.999002	gene 5.9	7270
1739.999002	gene 6	6862
1739.999002	gene 6.3	7280
1739.999002	gene 6.5	9629
1739.999002	gene 6.7	9212
1739.999002	gene 7	9532
1739.999002	gene 7.3	9403
1739.999002	gene 7.7	9741
1739.999002	gene 8	8436
1739.999002	gene 9	14822
1739.999002	gp-2	3489
1739.999002	lysozyme-3.5	4516
1739.999002	protein_kinase-0.7	586
1739.999002	rbs	38580
1739.999002	ribosome	2
1739.999002	rnapol-1	1
1739.999002	rnapol-3.5	460
1744.999001	E. coli B promoter	1
1744.999001	E. coli C promoter	1
1744.999001	E. coli promoter A1	1
1744.999001	E. coli promoter A2	1
1744.999001	E. coli promoter A3	1
1744.999001	T7 promoter phi1.1A	1
1744.999001	T7 promoter phi1.1B	1
1744.999001	T7 promoter phi1.3	1
1744.999001	T7 promoter phi1.5	1
1744.999001	T7 promoter phi1.6	1
1744.999001	T7 promoter phi10	0
1744.999001	T7 promoter phi13	1
1744.999001	T7 promoter phi17	0
1744.999001	T7 promoter phi2.5	1
1744.999001	T7 promoter phi3.8	1
1744.999001	T7 promoter phi4.3	1
1744.999001	T7 promoter phi4.7	1
1744.999001	T7 promoter phi4c	1
1744.999001	T7 promoter phi6.5	1
1744.999001	T7 promoter phi9	0
1744.999001	bound_ecolipol	0
1744.999001	bound_ecolipol_p	701
1744.999001	bound_ribosome	462
1744.999001	degraded_transcript	76413
1744.999001	ecoli_genome	1099
1744.999001	ecoli_transcript	20756
1744.999001	ecolipol	0
1744.999001	ecolipol-2	0
1744.999001	ecolipol-2-p	1092
1744.999001	ecolipol-p	7
1744.999001	gene 0.3	747
1744.999001	gene 1.1	2783
1744.999001	gene 1.2	1949
1744.999001	gene 1.3	3656
1744.999001	gene 1.4	3192
1744.999001	gene 1.5	3207
1744.999001	gene 1.6	3972
1744.999001	gene 1.7	4573
1744.999001	gene 1.8	4535
1744.999001	gene 10A	30290
1744.999001	gene 11	4583
1744.999001	gene 12	4132
1744.999001	gene 13	6597
1744.999001	gene 14	6438
1744.999001	gene 15	5759
1744.999001	gene 16	5550
1744.999001	gene 17	7182
1744.999001	gene 17.5	7380
1744.999001	gene 18	7232
1744.999001	gene 18.5	7314
1744.999001	gene 18.7	7051
1744.999001	gene 19	6882
1744.999001	gene 19.2	6847
1744.999001	gene 19.3	6964
1744.999001	gene 19.5	7262
1744.999001	gene 2.5	5623
1744.999001	gene 2.8	5242
1744.999001	gene 3	5003
1744.999001	gene 3.8	6211
1744.999001	gene 4.2	6220
1744.999001	gene 4.3	6748
1744.999001	gene 4.5	7486
1744.999001	gene 4.7	7409
1744.999001	gene 4A	5078
1744.999001	gene 5	7392
1744.999001	gene 5.3	7577
1744.999001	gene 5.5	7532
1744.999001	gene 5.7	7451
1744.999001	gene 5.9	7301
1744.999001	gene 6	6898
1744.999001	gene 6.3	7314
1744.999001	gene 6.5	9682
1744.999001	gene 6.7	9254
1744.999001	gene 7	9578
1744.999001	gene 7.3	9450
1744.999001	gene 7.7	9792
1744.999001	gene 8	8475
1744.999001	gene 9	14898
1744.999001	gp-2	3495
1744.999001	lysozyme-3.5	4547
1744.999001	protein_kinase-0.7	587
1744.999001	rbs	38739
1744.999001	ribosome	1
1744.999001	rnapol-1	5
1744.999001	rnapol-3.5	454
1749.999003	E. coli B promoter	1
1749.999003	E. coli C promoter	1
1749.999003	E. coli promoter A1	1
1749.999003	E. coli promoter A2	1
1749.999003	E. coli promoter A3	1
1749.999003	T7 promoter phi1.1A	1
1749.999003	T7 promoter phi1.1B	1
1749.999003	T7 promoter phi1.3	1
1749.999003	T7 promoter phi1.5	1
1749.999003	T7 promoter phi1.6	1
1749.999003	T7 promoter phi10	0
1749.999003	T7 promoter phi13	1
1749.999003	T7 promoter phi17	0
1749.999003	T7 promoter phi2.5	0
1749.999003	T7 promoter phi3.8	1
1749.999003	T7 promoter phi4.3	1
1749.999003	T7 promoter phi4.7	0
1749.999003	T7 promoter phi4c	1
1749.999003	T7 promoter phi6.5	0
1749.999003	T7 promoter phi9	0
1749.999003	bound_ecolipol	0
1749.999003	bound_ecolipol_p	699
1749.999003	bound_ribosome	453
1749.999003	degraded_transcript	76622
1749.999003	ecoli_genome	1101
1749.999003	ecoli_transcript	20691
1749.999003	ecolipol	0
1749.999003	ecolipol-2	0
1749.999003	ecolipol-2-p	1094
1749.999003	ecolipol-p	7
1749.999003	gene 0.3	747
1749.999003	gene 1.1	2792
1749.999003	gene 1.2	1959
1749.999003	gene 1.3	3670
1749.999003	gene 1.4	3209
1749.999003	gene 1.5	3223
1749.999003	gene 1.6	3992
1749.999003	gene 1.7	4602
1749.999003	gene 1.8	4554
1749.999003	gene 10A	30420
1749.999003	gene 11	4606
1749.999003	gene 12	4153
1749.999003	gene 13	6630
1749.999003	gene 14	6460
1749.999003	gene 15	5785
1749.999003	gene 16	5582
1749.999003	gene 17	7210
1749.999003	gene 17.5	7418
1749.999003	gene 18	7262
1749.999003	gene 18.5	7341
1749.999003	gene 18.7	7080
1749.999003	gene 19	6926
1749.999003	gene 19.2	6874
1749.999003	gene 19.3	6995
1749.999003	gene 19.5	7304
1749.999003	gene 2.5	5646
1749.999003	gene 2.8	5268
1749.999003	gene 3	5024
1749.999003	gene 3.8	6239
1749.999003	gene 4.2	6244
1749.999003	gene 4.3	6781
1749.999003	gene 4.5	7522
1749.999003	gene 4.7	7442
1749.999003	gene 4A	5109
1749.999003	gene 5	7426
1749.999003	gene 5.3	7607
1749.999003	gene 5.5	7570
1749.999003	gene 5.7	7490
1749.999003	gene 5.9	7328
1749.999003	gene 6	6928
1749.999003	gene 6.3	7342
1749.999003	gene 6.5	9724
1749.999003	gene 6.7	9311
1749.999003	gene 7	9627
1749.999003	gene 7.3	9496
1749.999003	gene 7.7	9826
1749.999003	gene 8	8509
1749.999003	gene 9	14959
1749.999003	gp-2	3512
1749.999003	lysozyme-3.5	4572
1749.999003	protein_kinase-0.7	587
1749.999003	rbs	38937
1749.999003	ribosome	2
1749.999003	rnapol-1	5
1749.999003	rnapol-3.5	460
1754.999001	E. coli B promoter	1
1754.999001	E. coli C promoter	1
1754.999001	E. coli promoter A1	1
1754.999001	E. coli promoter A2	1
1754.999001	E. coli promoter A3	1
1754.999001	T7 promoter phi1.1A	1
1754.999001	T7 promoter phi1.1B	0
1754.999001	T7 promoter phi1.3	1
1754.999001	T7 promoter phi1.5	1
1754.999001	T7 promoter phi1.6	1
1754.999001	T7 promoter phi10	0
1754.999001	T7 promoter phi13	1
1754.999001	T7 promoter phi17	1
1754.999001	T7 promoter phi2.5	1
1754.999001	T7 promoter phi3.8	1
1754.999001	T7 promoter phi4.3	1
1754.999001	T7 promoter phi4.7	1
1754.999001	T7 promoter phi4c	1
1754.999001	T7 promoter phi6.5	0
1754.999001	T7 promoter phi9	1
1754.999001	bound_ecolipol	0
1754.999001	bound_ecolipol_p	724
1754.999001	bound_ribosome	460
1754.999001	degraded_transcript	76819
1754.999001	ecoli_genome	1076
1754.999001	ecoli_transcript	20614
1754.999001	ecolipol	0
1754.999001	ecolipol-2	0
1754.999001	ecolipol-2-p	1071
1754.999001	ecolipol-p	5
1754.999001	gene 0.3	747
1754.999001	gene 1.1	2811
1754.999001	gene 1.2	1970
1754.999001	gene 1.3	3685
1754.999001	gene 1.4	3225
1754.999001	gene 1.5	3237
1754.999001	gene 1.6	4016
1754.999001	gene 1.7	4627
1754.999001	gene 1.8	4575
1754.999001	gene 10A	30561
1754.999001	gene 11	4616
1754.999001	gene 12	4173
1754.999001	gene 13	6660
1754.999001	gene 14	6490
1754.999001	gene 15	5810
1754.999001	gene 16	5606
1754.999001	gene 17	7246
1754.999001	gene 17.5	7451
1754.999001	gene 18	7299
1754.999001	gene 18.5	7376
1754.999001	gene 18.7	7122
1754.999001	gene 19	6948
1754.999001	gene 19.2	6911
1754.999001	gene 19.3	7026
1754.999001	gene 19.5	7336
1754.999001	gene 2.5	5668
1754.999001	gene 2.8	5294
1754.999001	gene 3	5053
1754.999001	gene 3.8	6280
1754.999001	gene 4.2	6278
1754.999001	gene 4.3	6813
1754.999001	gene 4.5	7555
1754.999001	gene 4.7	7471
1754.999001	gene 4A	5134
1754.999001	gene 5	7455
1754.999001	gene 5.3	7642
1754.999001	gene 5.5	7611
1754.999001	gene 5.7	7532
1754.999001	gene 5.9	7365
1754.999001	gene 6	6962
1754.999001	gene 6.3	7366
1754.999001	gene 6.5	9783
1754.999001	gene 6.7	9356
1754.999001	gene 7	9667
1754.999001	gene 7.3	9543
1754.999001	gene 7.7	9870
1754.999001	gene 8	8557
1754.999001	gene 9	15033
1754.999001	gp-2	3560
1754.999001	lysozyme-3.5	4600
1754.999001	protein_kinase-0.7	588
1754.999001	rbs	39151
1754.999001	ribosome	1
1754.999001	rnapol-1	4
1754.999001	rnapol-3.5	464
1759.999002	E. coli B promoter	1
1759.999002	E. coli C promoter	1
1759.999002	E. coli promoter A1	1
1759.999002	E. coli promoter A2	1
1759.999002	E. coli promoter A3	1
1759.999002	T7 promoter phi1.1A	1
1759.999002	T7 promoter phi1.1B	1
1759.999002	T7 promoter phi1.3	1
1759.999002	T7 promoter phi1.5	1
1759.999002	T7 promoter phi1.6	0
1759.999002	T7 promoter phi10	0
1759.999002	T7 promoter phi13	1
1759.999002	T7 promoter phi17	1
1759.999002	T7 promoter phi2.5	1
1759.999002	T7 promoter phi3.8	1
1759.999002	T7 promoter phi4.3	1
1759.999002	T7 promoter phi4.7	1
1759.999002	T7 promoter phi4c	1
1759.999002	T7 promoter phi6.5	0
1759.999002	T7 promoter phi9	0
1759.999002	bound_ecolipol	0
1759.999002	bound_ecolipol_p	727
1759.999002	bound_ribosome	441
1759.999002	degraded_transcript	77017
1759.999002	ecoli_genome	1073
1759.999002	ecoli_transcript	20563
1759.999002	ecolipol	0
1759.999002	ecolipol-2	0
1759.999002	ecolipol-2-p	1065
1759.999002	ecolipol-p	8
1759.999002	gene 0.3	747
1759.999002	gene 1.1	2824
1759.999002	gene 1.2	1976
1759.999002	gene 1.3	3697
1759.999002	gene 1.4	3247
1759.999002	gene 1.5	3245
1759.999002	gene 1.6	4032
1759.999002	gene 1.7	4644
1759.999002	gene 1.8	4596
1759.999002	gene 10A	30707
1759.999002	gene 11	4633
1759.999002	gene 12	4189
1759.999002	gene 13	6684
1759.999002	gene 14	6519
1759.999002	gene 15	5826
1759.999002	gene 16	5640
1759.999002	gene 17	7272
1759.999002	gene 17.5	7493
1759.999002	gene 18	7332
1759.999002	gene 18.5	7415
1759.999002	gene 18.7	7155
1759.999002	gene 19	6975
1759.999002	gene 19.2	6954
1759.999002	gene 19.3	7052
1759.999002	gene 19.5	7378
1759.999002	gene 2.5	5688
1759.999002	gene 2.8	5317
1759.999002	gene 3	5081
1759.999002	gene 3.8	6308
1759.999002	gene 4.2	6316
1759.999002	gene 4.3	6854
1759.999002	gene 4.5	7585
1759.999002	gene 4.7	7511
1759.999002	gene 4A	5160
1759.999002	gene 5	7492
1759.999002	gene 5.3	7680
1759.999002	gene 5.5	7651
1759.999002	gene 5.7	7561
1759.999002	gene 5.9	7405
1759.999002	gene 6	6989
1759.999002	gene 6.3	7409
1759.999002	gene 6.5	9829
1759.999002	gene 6.7	9407
1759.999002	gene 7	9706
1759.999002	gene 7.3	9589
1759.999002	gene 7.7	9920
1759.999002	gene 8	8602
1759.999002	gene 9	15102
1759.999002	gp-2	3585
1759.999002	lysozyme-3.5	4621
1759.999002	protein_kinase-0.7	588
1759.999002	rbs	39327
1759.999002	ribosome	0
1759.999002	rnapol-1	3
1759.999002	rnapol-3.5	463
1764.999006	E. coli B promoter	1
1764.999006	E. coli C promoter	1
1764.999006	E. coli promoter A1	1
1764.999006	E. coli promoter A2	1
1764.999006	E. coli promoter A3	1
1764.999006	T7 promoter phi1.1A	1
1764.999006	T7 promoter phi1.1B	1
1764.999006	T7 promoter phi1.3	1
1764.999006	T7 promoter phi1.5	1
1764.999006	T7 promoter phi1.6	1
1764.999006	T7 promoter phi10	0
1764.999006	T7 promoter phi13	0
1764.999006	T7 promoter phi17	1
1764.999006	T7 promoter phi2.5	0
1764.999006	T7 promoter phi3.8	1
1764.999006	T7 promoter phi4.3	1
1764.999006	T7 promoter phi4.7	1
1764.999006	T7 promoter phi4c	1
1764.999006	T7 promoter phi6.5	1
1764.999006	T7 promoter phi9	1
1764.999006	bound_ecolipol	0
1764.999006	bound_ecolipol_p	717
1764.999006	bound_ribosome	454
1764.999006	degraded_transcript	77213
1764.999006	ecoli_genome	1083
1764.999006	ecoli_transcript	20502
1764.999006	ecolipol	0
1764.999006	ecolipol-2	0
1764.999006	ecolipol-2-p	1078
1764.999006	ecolipol-p	5
1764.999006	gene 0.3	747
1764.999006	gene 1.1	2835
1764.999006	gene 1.2	1978
1764.999006	gene 1.3	3713
1764.999006	gene 1.4	3261
1764.999006	gene 1.5	3262
1764.999006	gene 1.6	4054
1764.999006	gene 1.7	4658
1764.999006	gene 1.8	4621
1764.999006	gene 10A	30859
1764.999006	gene 11	4645
1764.999006	gene 12	4219
1764.999006	gene 13	6725
1764.999006	gene 14	6545
1764.999006	gene 15	5860
1764.999006	gene 16	5674
1764.999006	gene 17	7304
1764.999006	gene 17.5	7521
1764.999006	gene 18	7377
1764.999006	gene 18.5	7458
1764.999006	gene 18.7	7196
1764.999006	gene 19	7002
1764.999006	gene 19.2	6980
1764.999006	gene 19.3	7080
1764.999006	gene 19.5	7426
1764.999006	gene 2.5	5713
1764.999006	gene 2.8	5347
1764.999006	gene 3	5103
1764.999006	gene 3.8	6334
1764.999006	gene 4.2	6346
1764.999006	gene 4.3	6883
1764.999006	gene 4.5	7613
1764.999006	gene 4.7	7552
1764.999006	gene 4A	5187
1764.999006	gene 5	7535
1764.999006	gene 5.3	7712
1764.999006	gene 5.5	7682
1764.999006	gene 5.7	7600
1764.999006	gene 5.9	7445
1764.999006	gene 6	7018
1764.999006	gene 6.3	7440
1764.999006	gene 6.5	9890
1764.999006	gene 6.7	9447
1764.999006	gene 7	9740
1764.999006	gene 7.3	9630
1764.999006	gene 7.7	9967
1764.999006	gene 8	8638
1764.999006	gene 9	15182
1764.999006	gp-2	3598
1764.999006	lysozyme-3.5	4649
1764.999006	protein_kinase-0.7	588
1764.999006	rbs	39501
1764.999006	ribosome	0
1764.999006	rnapol-1	5
1764.999006	rnapol-3.5	464
1769.999004	E. coli B promoter	1
1769.999004	E. coli C promoter	1
1769.999004	E. coli promoter A1	1
1769.999004	E. coli promoter A2	1
1769.999004	E. coli promoter A3	1
1769.999004	T7 promoter phi1.1A	1
1769.999004	T7 promoter phi1.1B	1
1769.999004	T7 promoter phi1.3	1
1769.999004	T7 promoter phi1.5	1
1769.999004	T7 promoter phi1.6	1
1769.999004	T7 promoter phi10	0
1769.999004	T7 promoter phi13	1
1769.999004	T7 promoter phi17	1
1769.999004	T7 promoter phi2.5	1
1769.999004	T7 promoter phi3.8	1
1769.999004	T7 promoter phi4.3	1
1769.999004	T7 promoter phi4.7	1
1769.999004	T7 promoter phi4c	1
1769.999004	T7 promoter phi6.5	1
1769.999004	T7 promoter phi9	1
1769.999004	bound_ecolipol	0
1769.999004	bound_ecolipol_p	693
1769.999004	bound_ribosome	460
1769.999004	degraded_transcript	77394
1769.999004	ecoli_genome	1107
1769.999004	ecoli_transcript	20471
1769.999004	ecolipol	0
1769.999004	ecolipol-2	0
1769.999004	ecolipol-2-p	1103
1769.999004	ecolipol-p	4
1769.999004	gene 0.3	747
1769.999004	gene 1.1	2842
1769.999004	gene 1.2	1987
1769.999004	gene 1.3	3728
1769.999004	gene 1.4	3277
1769.999004	gene 1.5	3271
1769.999004	gene 1.6	4067
1769.999004	gene 1.7	4683
1769.999004	gene 1.8	4638
1769.999004	gene 10A	30994
1769.999004	gene 11	4666
1769.999004	gene 12	4236
1769.999004	gene 13	6747
1769.999004	gene 14	6582
1769.999004	gene 15	5883
1769.999004	gene 16	5700
1769.999004	gene 17	7339
1769.999004	gene 17.5	7549
1769.999004	gene 18	7414
1769.999004	gene 18.5	7484
1769.999004	gene 18.7	7225
1769.999004	gene 19	7027
1769.999004	gene 19.2	7013
1769.999004	gene 19.3	7114
1769.999004	gene 19.5	7458
1769.999004	gene 2.5	5737
1769.999004	gene 2.8	5372
1769.999004	gene 3	5126
1769.999004	gene 3.8	6365
1769.999004	gene 4.2	6370
1769.999004	gene 4.3	6909
1769.999004	gene 4.5	7650
1769.999004	gene 4.7	7587
1769.999004	gene 4A	5217
1769.999004	gene 5	7567
1769.999004	gene 5.3	7744
1769.999004	gene 5.5	7722
1769.999004	gene 5.7	7632
1769.999004	gene 5.9	7485
1769.999004	gene 6	7058
1769.999004	gene 6.3	7477
1769.999004	gene 6.5	9933
1769.999004	gene 6.7	9484
1769.999004	gene 7	9794
1769.999004	gene 7.3	9684
1769.999004	gene 7.7	10015
1769.999004	gene 8	8694
1769.999004	gene 9	15252
1769.999004	gp-2	3592
1769.999004	lysozyme-3.5	4674
1769.999004	protein_kinase-0.7	589
1769.999004	rbs	39714
1769.999004	ribosome	0
1769.999004	rnapol-1	6
1769.999004	rnapol-3.5	461
1774.999008	E. coli B promoter	1
1774.999008	E. coli C promoter	1
1774.999008	E. coli promoter A1	1
1774.999008	E. coli promoter A2	1
1774.999008	E. coli promoter A3	1
1774.999008	T7 promoter phi1.1A	1
1774.999008	T7 promoter phi1.1B	1
1774.999008	T7 promoter phi1.3	1
1774.999008	T7 promoter phi1.5	1
1774.999008	T7 promoter phi1.6	1
1774.999008	T7 promoter phi10	1
1774.999008	T7 promoter phi13	1
1774.999008	T7 promoter phi17	1
1774.999008	T7 promoter phi2.5	1
1774.999008	T7 promoter phi3.8	1
1774.999008	T7 promoter phi4.3	0
1774.999008	T7 promoter phi4.7	1
1774.999008	T7 promoter phi4c	0
1774.999008	T7 promoter phi6.5	1
1774.999008	T7 promoter phi9	0
1774.999008	bound_ecolipol	0
1774.999008	bound_ecolipol_p	720
1774.999008	bound_ribosome	464
1774.999008	degraded_transcript	77606
1774.999008	ecoli_genome	1080
1774.999008	ecoli_transcript	20372
1774.999008	ecolipol	0
1774.999008	ecolipol-2	0
1774.999008	ecolipol-2-p	1074
1774.999008	ecolipol-p	6
1774.999008	gene 0.3	748
1774.999008	gene 1.1	2854
1774.999008	gene 1.2	1990
1774.999008	gene 1.3	3750
1774.999008	gene 1.4	3297
1774.999008	gene 1.5	3286
1774.999008	gene 1.6	4093
1774.999008	gene 1.7	4705
1774.999008	gene 1.8	4660
1774.999008	gene 10A	31126
1774.999008	gene 11	4687
1774.999008	gene 12	4258
1774.999008	gene 13	6776
1774.999008	gene 14	6618
1774.999008	gene 15	5909
1774.999008	gene 16	5727
1774.999008	gene 17	7367
1774.999008	gene 17.5	7588
1774.999008	gene 18	7446
1774.999008	gene 18.5	7519
1774.999008	gene 18.7	7259
1774.999008	gene 19	7063
1774.999008	gene 19.2	7048
1774.999008	gene 19.3	7140
1774.999008	gene 19.5	7496
1774.999008	gene 2.5	5760
1774.999008	gene 2.8	5397
1774.999008	gene 3	5154
1774.999008	gene 3.8	6398
1774.999008	gene 4.2	6397
1774.999008	gene 4.3	6942
1774.999008	gene 4.5	7688
1774.999008	gene 4.7	7624
1774.999008	gene 4A	5242
1774.999008	gene 5	7602
1774.999008	gene 5.3	7782
1774.999008	gene 5.5	7760
1774.999008	gene 5.7	7662
1774.999008	gene 5.9	7524
1774.999008	gene 6	7097
1774.999008	gene 6.3	7510
1774.999008	gene 6.5	9977
1774.999008	gene 6.7	9533
1774.999008	gene 7	9850
1774.999008	gene 7.3	9734
1774.999008	gene 7.7	10053
1774.999008	gene 8	8732
1774.999008	gene 9	15321
1774.999008	gp-2	3640
1774.999008	lysozyme-3.5	4702
1774.999008	protein_kinase-0.7	590
1774.999008	rbs	39932
1774.999008	ribosome	2
1774.999008	rnapol-1	11
1774.999008	rnapol-3.5	463
1779.999016	E. coli B promoter	1
1779.999016	E. coli C promoter	1
1779.999016	E. coli promoter A1	1
1779.999016	E. coli promoter A2	1
1779.999016	E. coli promoter A3	1
1779.999016	T7 promoter phi1.1A	1
1779.999016	T7 promoter phi1.1B	1
1779.999016	T7 promoter phi1.3	1
1779.999016	T7 promoter phi1.5	1
1779.999016	T7 promoter phi1.6	1
1779.999016	T7 promoter phi10	0
1779.999016	T7 promoter phi13	0
1779.999016	T7 promoter phi17	0
1779.999016	T7 promoter phi2.5	1
1779.999016	T7 promoter phi3.8	1
1779.999016	T7 promoter phi4.3	1
1779.999016	T7 promoter phi4.7	1
1779.999016	T7 promoter phi4c	1
1779.999016	T7 promoter phi6.5	1
1779.999016	T7 promoter phi9	1
1779.999016	bound_ecolipol	0
1779.999016	bound_ecolipol_p	691
1779.999016	bound_ribosome	446
1779.999016	degraded_transcript	77775
1779.999016	ecoli_genome	1109
1779.999016	ecoli_transcript	20383
1779.999016	ecolipol	0
1779.999016	ecolipol-2	0
1779.999016	ecolipol-2-p	1103
1779.999016	ecolipol-p	6
1779.999016	gene 0.3	748
1779.999016	gene 1.1	2864
1779.999016	gene 1.2	1990
1779.999016	gene 1.3	3758
1779.999016	gene 1.4	3315
1779.999016	gene 1.5	3299
1779.999016	gene 1.6	4109
1779.999016	gene 1.7	4735
1779.999016	gene 1.8	4679
1779.999016	gene 10A	31252
1779.999016	gene 11	4713
1779.999016	gene 12	4273
1779.999016	gene 13	6803
1779.999016	gene 14	6652
1779.999016	gene 15	5929
1779.999016	gene 16	5752
1779.999016	gene 17	7408
1779.999016	gene 17.5	7624
1779.999016	gene 18	7474
1779.999016	gene 18.5	7551
1779.999016	gene 18.7	7303
1779.999016	gene 19	7086
1779.999016	gene 19.2	7094
1779.999016	gene 19.3	7173
1779.999016	gene 19.5	7541
1779.999016	gene 2.5	5780
1779.999016	gene 2.8	5415
1779.999016	gene 3	5177
1779.999016	gene 3.8	6432
1779.999016	gene 4.2	6431
1779.999016	gene 4.3	6972
1779.999016	gene 4.5	7717
1779.999016	gene 4.7	7655
1779.999016	gene 4A	5271
1779.999016	gene 5	7640
1779.999016	gene 5.3	7824
1779.999016	gene 5.5	7793
1779.999016	gene 5.7	7702
1779.999016	gene 5.9	7571
1779.999016	gene 6	7141
1779.999016	gene 6.3	7534
1779.999016	gene 6.5	10017
1779.999016	gene 6.7	9571
1779.999016	gene 7	9896
1779.999016	gene 7.3	9800
1779.999016	gene 7.7	10098
1779.999016	gene 8	8770
1779.999016	gene 9	15373
1779.999016	gp-2	3624
1779.999016	lysozyme-3.5	4734
1779.999016	protein_kinase-0.7	590
1779.999016	rbs	40108
1779.999016	ribosome	0
1779.999016	rnapol-1	7
1779.999016	rnapol-3.5	474
1784.999000	E. coli B promoter	1
1784.999000	E. coli C promoter	1
1784.999000	E. coli promoter A1	1
1784.999000	E. coli promoter A2	1
1784.999000	E. coli promoter A3	1
1784.999000	T7 promoter phi1.1A	1
1784.999000	T7 promoter phi1.1B	1
1784.999000	T7 promoter phi1.3	1
1784.999000	T7 promoter phi1.5	1
1784.999000	T7 promoter phi1.6	0
1784.999000	T7 promoter phi10	0
1784.999000	T7 promoter phi13	1
1784.999000	T7 promoter phi17	0
1784.999000	T7 promoter phi2.5	1
1784.999000	T7 promoter phi3.8	1
1784.999000	T7 promoter phi4.3	1
1784.999000	T7 promoter phi4.7	1
1784.999000	T7 promoter phi4c	0
1784.999000	T7 promoter phi6.5	1
1784.999000	T7 promoter phi9	0
1784.999000	bound_ecolipol	0
1784.999000	bound_ecolipol_p	698
1784.999000	bound_ribosome	432
1784.999000	degraded_transcript	77955
1784.999000	ecoli_genome	1102
1784.999000	ecoli_transcript	20353
1784.999000	ecolipol	0
1784.999000	ecolipol-2	0
1784.999000	ecolipol-2-p	1095
1784.999000	ecolipol-p	7
1784.999000	gene 0.3	748
1784.999000	gene 1.1	2873
1784.999000	gene 1.2	1997
1784.999000	gene 1.3	3768
1784.999000	gene 1.4	3328
1784.999000	gene 1.5	3315
1784.999000	gene 1.6	4120
1784.999000	gene 1.7	4757
1784.999000	gene 1.8	4701
1784.999000	gene 10A	31374
1784.999000	gene 11	4743
1784.999000	gene 12	4288
1784.999000	gene 13	6829
1784.999000	gene 14	6680
1784.999000	gene 15	5957
1784.999000	gene 16	5783
1784.999000	gene 17	7449
1784.999000	gene 17.5	7656
1784.999000	gene 18	7505
1784.999000	gene 18.5	7581
1784.999000	gene 18.7	7341
1784.999000	gene 19	7131
1784.999000	gene 19.2	7128
1784.999000	gene 19.3	7207
1784.999000	gene 19.5	7574
1784.999000	gene 2.5	5800
1784.999000	gene 2.8	5444
1784.999000	gene 3	5208
1784.999000	gene 3.8	6457
1784.999000	gene 4.2	6463
1784.999000	gene 4.3	7005
1784.999000	gene 4.5	7753
1784.999000	gene 4.7	7685
1784.999000	gene 4A	5293
1784.999000	gene 5	7677
1784.999000	gene 5.3	7861
1784.999000	gene 5.5	7823
1784.999000	gene 5.7	7734
1784.999000	gene 5.9	7612
1784.999000	gene 6	7170
1784.999000	gene 6.3	7576
1784.999000	gene 6.5	10061
1784.999000	gene 6.7	9621
1784.999000	gene 7	9944
1784.999000	gene 7.3	9836
1784.999000	gene 7.7	10135
1784.999000	gene 8	8825
1784.999000	gene 9	15452
1784.999000	gp-2	3657
1784.999000	lysozyme-3.5	4756
1784.999000	protein_kinase-0.7	592
1784.999000	rbs	40282
1784.999000	ribosome	0
1784.999000	rnapol-1	3
1784.999000	rnapol-3.5	482
1789.999005	E. coli B promoter	1
1789.999005	E. coli C promoter	1
1789.999005	E. coli promoter A1	1
1789.999005	E. coli promoter A2	1
1789.999005	E. coli promoter A3	1
1789.999005	T7 promoter phi1.1A	1
1789.999005	T7 promoter phi1.1B	1
1789.999005	T7 promoter phi1.3	1
1789.999005	T7 promoter phi1.5	1
1789.999005	T7 promoter phi1.6	1
1789.999005	T7 promoter phi10	1
1789.999005	T7 promoter phi13	1
1789.999005	T7 promoter phi17	1
1789.999005	T7 promoter phi2.5	1
1789.999005	T7 promoter phi3.8	1
1789.999005	T7 promoter phi4.3	1
1789.999005	T7 promoter phi4.7	1
1789.999005	T7 promoter phi4c	1
1789.999005	T7 promoter phi6.5	1
1789.999005	T7 promoter phi9	1
1789.999005	bound_ecolipol	0
1789.999005	bound_ecolipol_p	719
1789.999005	bound_ribosome	412
1789.999005	degraded_transcript	78135
1789.999005	ecoli_genome	1081
1789.999005	ecoli_transcript	20326
1789.999005	ecolipol	0
1789.999005	ecolipol-2	0
1789.999005	ecolipol-2-p	1075
1789.999005	ecolipol-p	6
1789.999005	gene 0.3	749
1789.999005	gene 1.1	2890
1789.999005	gene 1.2	2007
1789.999005	gene 1.3	3786
1789.999005	gene 1.4	3341
1789.999005	gene 1.5	3332
1789.999005	gene 1.6	4137
1789.999005	gene 1.7	4786
1789.999005	gene 1.8	4716
1789.999005	gene 10A	31488
1789.999005	gene 11	4768
1789.999005	gene 12	4310
1789.999005	gene 13	6856
1789.999005	gene 14	6704
1789.999005	gene 15	5985
1789.999005	gene 16	5820
1789.999005	gene 17	7482
1789.999005	gene 17.5	7688
1789.999005	gene 18	7539
1789.999005	gene 18.5	7615
1789.999005	gene 18.7	7377
1789.999005	gene 19	7166
1789.999005	gene 19.2	7157
1789.999005	gene 19.3	7248
1789.999005	gene 19.5	7621
1789.999005	gene 2.5	5823
1789.999005	gene 2.8	5468
1789.999005	gene 3	5238
1789.999005	gene 3.8	6480
1789.999005	gene 4.2	6494
1789.999005	gene 4.3	7021
1789.999005	gene 4.5	7793
1789.999005	gene 4.7	7721
1789.999005	gene 4A	5315
1789.999005	gene 5	7722
1789.999005	gene 5.3	7905
1789.999005	gene 5.5	7861
1789.999005	gene 5.7	7765
1789.999005	gene 5.9	7645
1789.999005	gene 6	7201
1789.999005	gene 6.3	7618
1789.999005	gene 6.5	10104
1789.999005	gene 6.7	9650
1789.999005	gene 7	9992
1789.999005	gene 7.3	9889
1789.999005	gene 7.7	10179
1789.999005	gene 8	8865
1789.999005	gene 9	15514
1789.999005	gp-2	3692
1789.999005	lysozyme-3.5	4782
1789.999005	protein_kinase-0.7	593
1789.999005	rbs	40412
1789.999005	ribosome	2
1789.999005	rnapol-1	6
1789.999005	rnapol-3.5	486
1794.999009	E. coli B promoter	1
1794.999009	E. coli C promoter	1
1794.999009	E. coli promoter A1	1
1794.999009	E. coli promoter A2	1
1794.999009	E. coli promoter A3	1
1794.999009	T7 promoter phi1.1A	1
1794.999009	T7 promoter phi1.1B	1
1794.999009	T7 promoter phi1.3	1
1794.999009	T7 promoter phi1.5	1
1794.999009	T7 promoter phi1.6	1
1794.999009	T7 promoter phi10	0
1794.999009	T7 promoter phi13	0
1794.999009	T7 promoter phi17	1
1794.999009	T7 promoter phi2.5	1
1794.999009	T7 promoter phi3.8	1
1794.999009	T7 promoter phi4.3	1
1794.999009	T7 promoter phi4.7	0
1794.999009	T7 promoter phi4c	1
1794.999009	T7 promoter phi6.5	1
1794.999009	T7 promoter phi9	0
1794.999009	bound_ecolipol	0
1794.999009	bound_ecolipol_p	713
1794.999009	bound_ribosome	422
1794.999009	degraded_transcript	78311
1794.999009	ecoli_genome	1087
1794.999009	ecoli_transcript	20293
1794.999009	ecolipol	0
1794.999009	ecolipol-2	0
1794.999009	ecolipol-2-p	1081
1794.999009	ecolipol-p	6
1794.999009	gene 0.3	750
1794.999009	gene 1.1	2899
1794.999009	gene 1.2	2015
1794.999009	gene 1.3	3804
1794.999009	gene 1.4	3358
1794.999009	gene 1.5	3349
1794.999009	gene 1.6	4151
1794.999009	gene 1.7	4806
1794.999009	gene 1.8	4739
1794.999009	gene 10A	31622
1794.999009	gene 11	4795
1794.999009	gene 12	4327
1794.999009	gene 13	6884
1794.999009	gene 14	6738
1794.999009	gene 15	6017
1794.999009	gene 16	5855
1794.999009	gene 17	7520
1794.999009	gene 17.5	7729
1794.999009	gene 18	7570
1794.999009	gene 18.5	7647
1794.999009	gene 18.7	7403
1794.999009	gene 19	7204
1794.999009	gene 19.2	7190
1794.999009	gene 19.3	7291
1794.999009	gene 19.5	7657
1794.999009	gene 2.5	5853
1794.999009	gene 2.8	5495
1794.999009	gene 3	5264
1794.999009	gene 3.8	6508
1794.999009	gene 4.2	6524
1794.999009	gene 4.3	7054
1794.999009	gene 4.5	7829
1794.999009	gene 4.7	7756
1794.999009	gene 4A	5338
1794.999009	gene 5	7760
1794.999009	gene 5.3	7939
1794.999009	gene 5.5	7903
1794.999009	gene 5.7	7806
1794.999009	gene 5.9	7684
1794.999009	gene 6	7239
1794.999009	gene 6.3	7650
1794.999009	gene 6.5	10144
1794.999009	gene 6.7	9697
1794.999009	gene 7	10041
1794.999009	gene 7.3	9929
1794.999009	gene 7.7	10223
1794.999009	gene 8	8920
1794.999009	gene 9	15586
1794.999009	gp-2	3711
1794.999009	lysozyme-3.5	4809
1794.999009	protein_kinase-0.7	593
1794.999009	rbs	40572
1794.999009	ribosome	0
1794.999009	rnapol-1	9
1794.999009	rnapol-3.5	478
1799.999002	E. coli B promoter	1
1799.999002	E. coli C promoter	1
1799.999002	E. coli promoter A1	1
1799.999002	E. coli promoter A2	1
1799.999002	E. coli promoter A3	1
1799.999002	T7 promoter phi1.1A	1
1799.999002	T7 promoter phi1.1B	1
1799.999002	T7 promoter phi1.3	1
1799.999002	T7 promoter phi1.5	1
1799.999002	T7 promoter phi1.6	1
1799.999002	T7 promoter phi10	0
1799.999002	T7 promoter phi13	1
1799.999002	T7 promoter phi17	1
1799.999002	T7 promoter phi2.5	1
1799.999002	T7 promoter phi3.8	1
1799.999002	T7 promoter phi4.3	1
1799.999002	T7 promoter phi4.7	1
1799.999002	T7 promoter phi4c	1
1799.999002	T7 promoter phi6.5	0
1799.999002	T7 promoter phi9	1
1799.999002	bound_ecolipol	0
1799.999002	bound_ecolipol_p	721
1799.999002	bound_ribosome	431
1799.999002	degraded_transcript	78513
1799.999002	ecoli_genome	1079
1799.999002	ecoli_transcript	20214
1799.999002	ecolipol	0
1799.999002	ecolipol-2	0
1799.999002	ecolipol-2-p	1074
1799.999002	ecolipol-p	5
1799.999002	gene 0.3	750
1799.999002	gene 1.1	2910
1799.999002	gene 1.2	2022
1799.999002	gene 1.3	3821
1799.999002	gene 1.4	3376
1799.999002	gene 1.5	3366
1799.999002	gene 1.6	4167
1799.999002	gene 1.7	4831
1799.999002	gene 1.8	4761
1799.999002	gene 10A	31759
1799.999002	gene 11	4811
1799.999002	gene 12	4348
1799.999002	gene 13	6913
1799.999002	gene 14	6780
1799.999002	gene 15	6046
1799.999002	gene 16	5879
1799.999002	gene 17	7563
1799.999002	gene 17.5	7770
1799.999002	gene 18	7603
1799.999002	gene 18.5	7683
1799.999002	gene 18.7	7431
1799.999002	gene 19	7236
1799.999002	gene 19.2	7222
1799.999002	gene 19.3	7330
1799.999002	gene 19.5	7694
1799.999002	gene 2.5	5877
1799.999002	gene 2.8	5514
1799.999002	gene 3	5295
1799.999002	gene 3.8	6542
1799.999002	gene 4.2	6547
1799.999002	gene 4.3	7083
1799.999002	gene 4.5	7859
1799.999002	gene 4.7	7786
1799.999002	gene 4A	5359
1799.999002	gene 5	7787
1799.999002	gene 5.3	7969
1799.999002	gene 5.5	7946
1799.999002	gene 5.7	7839
1799.999002	gene 5.9	7727
1799.999002	gene 6	7279
1799.999002	gene 6.3	7687
1799.999002	gene 6.5	10180
1799.999002	gene 6.7	9751
1799.999002	gene 7	10072
1799.999002	gene 7.3	9978
1799.999002	gene 7.7	10267
1799.999002	gene 8	8959
1799.999002	gene 9	15653
1799.999002	gp-2	3737
1799.999002	lysozyme-3.5	4837
1799.999002	protein_kinase-0.7	594
1799.999002	rbs	40773
1799.999002	ribosome	1
1799.999002	rnapol-1	8
1799.999002	rnapol-3.5	475
